elapsed_s,mul_start_time,raw_offset,packet_sequence,declared_length,received_bytes,outer_crc_ok,parse_ok,updated_mask,module_statuses,algorithms,error
0.002039,2026-09-01T21:12:57.197+01:00,0,1563090,162,162,True,True,0x02,"NO_IRQ,OK,NO_IRQ,NO_IRQ","NONE,DELTA,NONE,NONE",
0.002972,2026-09-01T21:12:57.200+01:00,162,1563091,190,190,True,True,0x02,"NO_IRQ,OK,NO_IRQ,NO_IRQ","NONE,DELTA,NONE,NONE",
0.006912,2026-09-01T21:12:57.200+01:00,352,1563092,172,172,True,True,0x02,"NO_IRQ,OK,NO_IRQ,NO_IRQ","NONE,DELTA,NONE,NONE",
0.017321,2026-09-01T21:12:57.205+01:00,524,1563093,188,188,True,True,0x02,"NO_IRQ,OK,NO_IRQ,NO_IRQ","NONE,DELTA,NONE,NONE",
0.018389,2026-09-01T21:12:57.215+01:00,712,1563094,200,200,True,True,0x02,"NO_IRQ,OK,NO_IRQ,NO_IRQ","NONE,DELTA,NONE,NONE",
0.033162,2026-09-01T21:12:57.225+01:00,912,1563095,178,178,True,True,0x02,"NO_IRQ,OK,NO_IRQ,NO_IRQ","NONE,DELTA,NONE,NONE",
0.034161,2026-09-01T21:12:57.231+01:00,1090,1563096,144,144,True,True,0x02,"NO_IRQ,OK,NO_IRQ,NO_IRQ","NONE,DELTA,NONE,NONE",
0.034950,2026-09-01T21:12:57.232+01:00,1234,1563097,170,170,True,True,0x02,"NO_IRQ,OK,NO_IRQ,NO_IRQ","NONE,DELTA,NONE,NONE",
0.036883,2026-09-01T21:12:57.232+01:00,1404,1563098,184,184,True,True,0x02,"NO_IRQ,OK,NO_IRQ,NO_IRQ","NONE,DELTA,NONE,NONE",
0.041882,2026-09-01T21:12:57.234+01:00,1588,1563099,184,184,True,True,0x02,"NO_IRQ,OK,NO_IRQ,NO_IRQ","NONE,DELTA,NONE,NONE",
0.049420,2026-09-01T21:12:57.239+01:00,1772,1563100,176,176,True,True,0x02,"NO_IRQ,OK,NO_IRQ,NO_IRQ","NONE,DELTA,NONE,NONE",
0.051461,2026-09-01T21:12:57.247+01:00,1948,1563101,178,178,True,True,0x02,"NO_IRQ,OK,NO_IRQ,NO_IRQ","NONE,DELTA,NONE,NONE",
0.056675,2026-09-01T21:12:57.249+01:00,2126,1563102,178,178,True,True,0x02,"NO_IRQ,OK,NO_IRQ,NO_IRQ","NONE,DELTA,NONE,NONE",
0.065270,2026-09-01T21:12:57.254+01:00,2304,1563103,188,188,True,True,0x02,"NO_IRQ,OK,NO_IRQ,NO_IRQ","NONE,DELTA,NONE,NONE",
0.066650,2026-09-01T21:12:57.263+01:00,2492,1563104,172,172,True,True,0x02,"NO_IRQ,OK,NO_IRQ,NO_IRQ","NONE,DELTA,NONE,NONE",
0.071604,2026-09-01T21:12:57.264+01:00,2664,1563105,172,172,True,True,0x02,"NO_IRQ,OK,NO_IRQ,NO_IRQ","NONE,DELTA,NONE,NONE",
0.081841,2026-09-01T21:12:57.269+01:00,2836,1563106,170,170,True,True,0x02,"NO_IRQ,OK,NO_IRQ,NO_IRQ","NONE,DELTA,NONE,NONE",
0.082498,2026-09-01T21:12:57.279+01:00,3006,1563107,192,192,True,True,0x02,"NO_IRQ,OK,NO_IRQ,NO_IRQ","NONE,DELTA,NONE,NONE",
0.086762,2026-09-01T21:12:57.280+01:00,3198,1563108,172,172,True,True,0x02,"NO_IRQ,OK,NO_IRQ,NO_IRQ","NONE,DELTA,NONE,NONE",
0.098052,2026-09-01T21:12:57.284+01:00,3370,1563109,182,182,True,True,0x02,"NO_IRQ,OK,NO_IRQ,NO_IRQ","NONE,DELTA,NONE,NONE",
0.098910,2026-09-01T21:12:57.296+01:00,3552,1563110,158,158,True,True,0x02,"NO_IRQ,OK,NO_IRQ,NO_IRQ","NONE,DELTA,NONE,NONE",
0.101602,2026-09-01T21:12:57.296+01:00,3710,1563111,192,192,True,True,0x02,"NO_IRQ,OK,NO_IRQ,NO_IRQ","NONE,DELTA,NONE,NONE",
0.106861,2026-09-01T21:12:57.299+01:00,3902,1563112,182,182,True,True,0x02,"NO_IRQ,OK,NO_IRQ,NO_IRQ","NONE,DELTA,NONE,NONE",
0.116466,2026-09-01T21:12:57.304+01:00,4084,1563113,176,176,True,True,0x02,"NO_IRQ,OK,NO_IRQ,NO_IRQ","NONE,DELTA,NONE,NONE",
0.117176,2026-09-01T21:12:57.314+01:00,4260,1563114,176,176,True,True,0x02,"NO_IRQ,OK,NO_IRQ,NO_IRQ","NONE,DELTA,NONE,NONE",
0.121870,2026-09-01T21:12:57.315+01:00,4436,1563115,182,182,True,True,0x02,"NO_IRQ,OK,NO_IRQ,NO_IRQ","NONE,DELTA,NONE,NONE",
0.127869,2026-09-01T21:12:57.319+01:00,4618,1563116,200,200,True,True,0x02,"NO_IRQ,OK,NO_IRQ,NO_IRQ","NONE,DELTA,NONE,NONE",
0.132811,2026-09-01T21:12:57.325+01:00,4818,1563117,188,188,True,True,0x02,"NO_IRQ,OK,NO_IRQ,NO_IRQ","NONE,DELTA,NONE,NONE",
0.136574,2026-09-01T21:12:57.330+01:00,5006,1563118,184,184,True,True,0x02,"NO_IRQ,OK,NO_IRQ,NO_IRQ","NONE,DELTA,NONE,NONE",
0.141340,2026-09-01T21:12:57.334+01:00,5190,1563119,194,194,True,True,0x02,"NO_IRQ,OK,NO_IRQ,NO_IRQ","NONE,DELTA,NONE,NONE",
0.153654,2026-09-01T21:12:57.339+01:00,5384,1563120,194,194,True,True,0x02,"NO_IRQ,OK,NO_IRQ,NO_IRQ","NONE,DELTA,NONE,NONE",
0.154002,2026-09-01T21:12:57.351+01:00,5578,1563121,178,178,True,True,0x02,"NO_IRQ,OK,NO_IRQ,NO_IRQ","NONE,DELTA,NONE,NONE",
0.167096,2026-09-01T21:12:57.352+01:00,5756,1563122,168,168,True,True,0x02,"NO_IRQ,OK,NO_IRQ,NO_IRQ","NONE,DELTA,NONE,NONE",
0.167838,2026-09-01T21:12:57.365+01:00,5924,1563123,198,198,True,True,0x02,"NO_IRQ,OK,NO_IRQ,NO_IRQ","NONE,DELTA,NONE,NONE",
0.168574,2026-09-01T21:12:57.365+01:00,6122,1563124,196,196,True,True,0x02,"NO_IRQ,OK,NO_IRQ,NO_IRQ","NONE,DELTA,NONE,NONE",
0.172114,2026-09-01T21:12:57.366+01:00,6318,1563125,202,202,True,True,0x02,"NO_IRQ,OK,NO_IRQ,NO_IRQ","NONE,DELTA,NONE,NONE",
0.176507,2026-09-01T21:12:57.370+01:00,6520,1563126,164,164,True,True,0x02,"NO_IRQ,OK,NO_IRQ,NO_IRQ","NONE,DELTA,NONE,NONE",
0.184598,2026-09-01T21:12:57.374+01:00,6684,1563127,192,192,True,True,0x02,"NO_IRQ,OK,NO_IRQ,NO_IRQ","NONE,DELTA,NONE,NONE",
0.186424,2026-09-01T21:12:57.382+01:00,6876,1563128,168,168,True,True,0x02,"NO_IRQ,OK,NO_IRQ,NO_IRQ","NONE,DELTA,NONE,NONE",
0.191449,2026-09-01T21:12:57.384+01:00,7044,1563129,162,162,True,True,0x02,"NO_IRQ,OK,NO_IRQ,NO_IRQ","NONE,DELTA,NONE,NONE",
0.200828,2026-09-01T21:12:57.389+01:00,7206,1563130,180,180,True,True,0x02,"NO_IRQ,OK,NO_IRQ,NO_IRQ","NONE,DELTA,NONE,NONE",
0.201515,2026-09-01T21:12:57.398+01:00,7386,1563131,158,158,True,True,0x02,"NO_IRQ,OK,NO_IRQ,NO_IRQ","NONE,DELTA,NONE,NONE",
0.206432,2026-09-01T21:12:57.399+01:00,7544,1563132,180,180,True,True,0x02,"NO_IRQ,OK,NO_IRQ,NO_IRQ","NONE,DELTA,NONE,NONE",
0.217053,2026-09-01T21:12:57.404+01:00,7724,1563133,154,154,True,True,0x02,"NO_IRQ,OK,NO_IRQ,NO_IRQ","NONE,DELTA,NONE,NONE",
0.218433,2026-09-01T21:12:57.415+01:00,7878,1563134,172,172,True,True,0x02,"NO_IRQ,OK,NO_IRQ,NO_IRQ","NONE,DELTA,NONE,NONE",
0.222203,2026-09-01T21:12:57.416+01:00,8050,1563135,182,182,True,True,0x02,"NO_IRQ,OK,NO_IRQ,NO_IRQ","NONE,DELTA,NONE,NONE",
0.226479,2026-09-01T21:12:57.420+01:00,8232,1563136,192,192,True,True,0x02,"NO_IRQ,OK,NO_IRQ,NO_IRQ","NONE,DELTA,NONE,NONE",
0.234167,2026-09-01T21:12:57.424+01:00,8424,1563137,188,188,True,True,0x02,"NO_IRQ,OK,NO_IRQ,NO_IRQ","NONE,DELTA,NONE,NONE",
0.236247,2026-09-01T21:12:57.432+01:00,8612,1563138,184,184,True,True,0x02,"NO_IRQ,OK,NO_IRQ,NO_IRQ","NONE,DELTA,NONE,NONE",
0.241221,2026-09-01T21:12:57.434+01:00,8796,1563139,146,146,True,True,0x02,"NO_IRQ,OK,NO_IRQ,NO_IRQ","NONE,DELTA,NONE,NONE",
0.249592,2026-09-01T21:12:57.439+01:00,8942,1563140,192,192,True,True,0x02,"NO_IRQ,OK,NO_IRQ,NO_IRQ","NONE,DELTA,NONE,NONE",
0.251239,2026-09-01T21:12:57.447+01:00,9134,1563141,186,186,True,True,0x02,"NO_IRQ,OK,NO_IRQ,NO_IRQ","NONE,DELTA,NONE,NONE",
0.256466,2026-09-01T21:12:57.449+01:00,9320,1563142,184,184,True,True,0x02,"NO_IRQ,OK,NO_IRQ,NO_IRQ","NONE,DELTA,NONE,NONE",
0.262714,2026-09-01T21:12:57.454+01:00,9504,1563143,182,182,True,True,0x02,"NO_IRQ,OK,NO_IRQ,NO_IRQ","NONE,DELTA,NONE,NONE",
0.266439,2026-09-01T21:12:57.463+01:00,9686,1563144,172,172,True,True,0x02,"NO_IRQ,OK,NO_IRQ,NO_IRQ","NONE,DELTA,NONE,NONE",
0.272116,2026-09-01T21:12:57.464+01:00,9858,1563145,166,166,True,True,0x02,"NO_IRQ,OK,NO_IRQ,NO_IRQ","NONE,DELTA,NONE,NONE",
0.278970,2026-09-01T21:12:57.470+01:00,10024,1563146,174,174,True,True,0x02,"NO_IRQ,OK,NO_IRQ,NO_IRQ","NONE,DELTA,NONE,NONE",
0.282959,2026-09-01T21:12:57.477+01:00,10198,1563147,190,190,True,True,0x02,"NO_IRQ,OK,NO_IRQ,NO_IRQ","NONE,DELTA,NONE,NONE",
0.286589,2026-09-01T21:12:57.480+01:00,10388,1563148,192,192,True,True,0x02,"NO_IRQ,OK,NO_IRQ,NO_IRQ","NONE,DELTA,NONE,NONE",
0.291298,2026-09-01T21:12:57.484+01:00,10580,1563149,166,166,True,True,0x02,"NO_IRQ,OK,NO_IRQ,NO_IRQ","NONE,DELTA,NONE,NONE",
0.297606,2026-09-01T21:12:57.489+01:00,10746,1563150,174,174,True,True,0x02,"NO_IRQ,OK,NO_IRQ,NO_IRQ","NONE,DELTA,NONE,NONE",
0.301208,2026-09-01T21:12:57.495+01:00,10920,1563151,180,180,True,True,0x02,"NO_IRQ,OK,NO_IRQ,NO_IRQ","NONE,DELTA,NONE,NONE",
0.306177,2026-09-01T21:12:57.499+01:00,11100,1563152,190,190,True,True,0x02,"NO_IRQ,OK,NO_IRQ,NO_IRQ","NONE,DELTA,NONE,NONE",
0.311039,2026-09-01T21:12:57.504+01:00,11290,1563153,208,208,True,True,0x02,"NO_IRQ,OK,NO_IRQ,NO_IRQ","NONE,DELTA,NONE,NONE",
0.324500,2026-09-01T21:12:57.509+01:00,11498,1563154,182,182,True,True,0x02,"NO_IRQ,OK,NO_IRQ,NO_IRQ","NONE,DELTA,NONE,NONE",
0.324804,2026-09-01T21:12:57.522+01:00,11680,1563155,190,190,True,True,0x02,"NO_IRQ,OK,NO_IRQ,NO_IRQ","NONE,DELTA,NONE,NONE",
0.326077,2026-09-01T21:12:57.522+01:00,11870,1563156,174,174,True,True,0x02,"NO_IRQ,OK,NO_IRQ,NO_IRQ","NONE,DELTA,NONE,NONE",
0.331359,2026-09-01T21:12:57.524+01:00,12044,1563157,170,170,True,True,0x02,"NO_IRQ,OK,NO_IRQ,NO_IRQ","NONE,DELTA,NONE,NONE",
0.341490,2026-09-01T21:12:57.529+01:00,12214,1563158,212,212,True,True,0x02,"NO_IRQ,OK,NO_IRQ,NO_IRQ","NONE,DELTA,NONE,NONE",
0.342370,2026-09-01T21:12:57.539+01:00,12426,1563159,206,206,True,True,0x02,"NO_IRQ,OK,NO_IRQ,NO_IRQ","NONE,DELTA,NONE,NONE",
0.346051,2026-09-01T21:12:57.540+01:00,12632,1563160,188,188,True,True,0x02,"NO_IRQ,OK,NO_IRQ,NO_IRQ","NONE,DELTA,NONE,NONE",
0.351057,2026-09-01T21:12:57.544+01:00,12820,1563161,184,184,True,True,0x02,"NO_IRQ,OK,NO_IRQ,NO_IRQ","NONE,DELTA,NONE,NONE",
0.358104,2026-09-01T21:12:57.549+01:00,13004,1563162,188,188,True,True,0x02,"NO_IRQ,OK,NO_IRQ,NO_IRQ","NONE,DELTA,NONE,NONE",
0.361249,2026-09-01T21:12:57.556+01:00,13192,1563163,184,184,True,True,0x02,"NO_IRQ,OK,NO_IRQ,NO_IRQ","NONE,DELTA,NONE,NONE",
0.366199,2026-09-01T21:12:57.559+01:00,13376,1563164,202,202,True,True,0x02,"NO_IRQ,OK,NO_IRQ,NO_IRQ","NONE,DELTA,NONE,NONE",
0.373436,2026-09-01T21:12:57.564+01:00,13578,1563165,176,176,True,True,0x02,"NO_IRQ,OK,NO_IRQ,NO_IRQ","NONE,DELTA,NONE,NONE",
0.376084,2026-09-01T21:12:57.571+01:00,13754,1563166,174,174,True,True,0x02,"NO_IRQ,OK,NO_IRQ,NO_IRQ","NONE,DELTA,NONE,NONE",
0.381216,2026-09-01T21:12:57.574+01:00,13928,1563167,154,154,True,True,0x02,"NO_IRQ,OK,NO_IRQ,NO_IRQ","NONE,DELTA,NONE,NONE",
0.389291,2026-09-01T21:12:57.579+01:00,14082,1563168,184,184,True,True,0x02,"NO_IRQ,OK,NO_IRQ,NO_IRQ","NONE,DELTA,NONE,NONE",
0.391124,2026-09-01T21:12:57.587+01:00,14266,1563169,182,182,True,True,0x02,"NO_IRQ,OK,NO_IRQ,NO_IRQ","NONE,DELTA,NONE,NONE",
0.396247,2026-09-01T21:12:57.589+01:00,14448,1563170,170,170,True,True,0x02,"NO_IRQ,OK,NO_IRQ,NO_IRQ","NONE,DELTA,NONE,NONE",
0.406274,2026-09-01T21:12:57.594+01:00,14618,1563171,206,206,True,True,0x02,"NO_IRQ,OK,NO_IRQ,NO_IRQ","NONE,DELTA,NONE,NONE",
0.406874,2026-09-01T21:12:57.604+01:00,14824,1563172,178,178,True,True,0x02,"NO_IRQ,OK,NO_IRQ,NO_IRQ","NONE,DELTA,NONE,NONE",
0.411213,2026-09-01T21:12:57.604+01:00,15002,1563173,186,186,True,True,0x02,"NO_IRQ,OK,NO_IRQ,NO_IRQ","NONE,DELTA,NONE,NONE",
0.415875,2026-09-01T21:12:57.609+01:00,15188,1563174,182,182,True,True,0x02,"NO_IRQ,OK,NO_IRQ,NO_IRQ","NONE,DELTA,NONE,NONE",
0.423147,2026-09-01T21:12:57.614+01:00,15370,1563175,154,154,True,True,0x02,"NO_IRQ,OK,NO_IRQ,NO_IRQ","NONE,DELTA,NONE,NONE",
0.426164,2026-09-01T21:12:57.621+01:00,15524,1563176,202,202,True,True,0x02,"NO_IRQ,OK,NO_IRQ,NO_IRQ","NONE,DELTA,NONE,NONE",
0.431277,2026-09-01T21:12:57.624+01:00,15726,1563177,178,178,True,True,0x02,"NO_IRQ,OK,NO_IRQ,NO_IRQ","NONE,DELTA,NONE,NONE",
0.440048,2026-09-01T21:12:57.629+01:00,15904,1563178,174,174,True,True,0x02,"NO_IRQ,OK,NO_IRQ,NO_IRQ","NONE,DELTA,NONE,NONE",
0.440942,2026-09-01T21:12:57.638+01:00,16078,1563179,184,184,True,True,0x02,"NO_IRQ,OK,NO_IRQ,NO_IRQ","NONE,DELTA,NONE,NONE",
0.446602,2026-09-01T21:12:57.638+01:00,16262,1563180,188,188,True,True,0x02,"NO_IRQ,OK,NO_IRQ,NO_IRQ","NONE,DELTA,NONE,NONE",
0.452842,2026-09-01T21:12:57.644+01:00,16450,1563181,196,196,True,True,0x02,"NO_IRQ,OK,NO_IRQ,NO_IRQ","NONE,DELTA,NONE,NONE",
0.455752,2026-09-01T21:12:57.650+01:00,16646,1563182,194,194,True,True,0x02,"NO_IRQ,OK,NO_IRQ,NO_IRQ","NONE,DELTA,NONE,NONE",
0.461201,2026-09-01T21:12:57.653+01:00,16840,1563183,174,174,True,True,0x02,"NO_IRQ,OK,NO_IRQ,NO_IRQ","NONE,DELTA,NONE,NONE",
0.466015,2026-09-01T21:12:57.659+01:00,17014,1563184,194,194,True,True,0x02,"NO_IRQ,OK,NO_IRQ,NO_IRQ","NONE,DELTA,NONE,NONE",
0.477015,2026-09-01T21:12:57.663+01:00,17208,1563185,190,190,True,True,0x02,"NO_IRQ,OK,NO_IRQ,NO_IRQ","NONE,DELTA,NONE,NONE",
0.477346,2026-09-01T21:12:57.675+01:00,17398,1563186,194,194,True,True,0x02,"NO_IRQ,OK,NO_IRQ,NO_IRQ","NONE,DELTA,NONE,NONE",
0.490325,2026-09-01T21:12:57.675+01:00,17592,1563187,184,184,True,True,0x02,"NO_IRQ,OK,NO_IRQ,NO_IRQ","NONE,DELTA,NONE,NONE",
0.491071,2026-09-01T21:12:57.688+01:00,17776,1563188,170,170,True,True,0x02,"NO_IRQ,OK,NO_IRQ,NO_IRQ","NONE,DELTA,NONE,NONE",
0.491990,2026-09-01T21:12:57.689+01:00,17946,1563189,184,184,True,True,0x02,"NO_IRQ,OK,NO_IRQ,NO_IRQ","NONE,DELTA,NONE,NONE",
0.495959,2026-09-01T21:12:57.689+01:00,18130,1563190,178,178,True,True,0x02,"NO_IRQ,OK,NO_IRQ,NO_IRQ","NONE,DELTA,NONE,NONE",
0.500683,2026-09-01T21:12:57.693+01:00,18308,1563191,170,170,True,True,0x02,"NO_IRQ,OK,NO_IRQ,NO_IRQ","NONE,DELTA,NONE,NONE",
0.507279,2026-09-01T21:12:57.698+01:00,18478,1563192,186,186,True,True,0x02,"NO_IRQ,OK,NO_IRQ,NO_IRQ","NONE,DELTA,NONE,NONE",
0.511090,2026-09-01T21:12:57.705+01:00,18664,1563193,188,188,True,True,0x02,"NO_IRQ,OK,NO_IRQ,NO_IRQ","NONE,DELTA,NONE,NONE",
0.515811,2026-09-01T21:12:57.709+01:00,18852,1563194,186,186,True,True,0x02,"NO_IRQ,OK,NO_IRQ,NO_IRQ","NONE,DELTA,NONE,NONE",
0.523946,2026-09-01T21:12:57.713+01:00,19038,1563195,184,184,True,True,0x02,"NO_IRQ,OK,NO_IRQ,NO_IRQ","NONE,DELTA,NONE,NONE",
0.525718,2026-09-01T21:12:57.722+01:00,19222,1563196,160,160,True,True,0x02,"NO_IRQ,OK,NO_IRQ,NO_IRQ","NONE,DELTA,NONE,NONE",
0.530817,2026-09-01T21:12:57.723+01:00,19382,1563197,192,192,True,True,0x02,"NO_IRQ,OK,NO_IRQ,NO_IRQ","NONE,DELTA,NONE,NONE",
0.540330,2026-09-01T21:12:57.729+01:00,19574,1563198,168,168,True,True,0x02,"NO_IRQ,OK,NO_IRQ,NO_IRQ","NONE,DELTA,NONE,NONE",
0.540967,2026-09-01T21:12:57.738+01:00,19742,1563199,186,186,True,True,0x02,"NO_IRQ,OK,NO_IRQ,NO_IRQ","NONE,DELTA,NONE,NONE",
0.546116,2026-09-01T21:12:57.738+01:00,19928,1563200,150,150,True,True,0x02,"NO_IRQ,OK,NO_IRQ,NO_IRQ","NONE,DELTA,NONE,NONE",
0.556063,2026-09-01T21:12:57.744+01:00,20078,1563201,172,172,True,True,0x02,"NO_IRQ,OK,NO_IRQ,NO_IRQ","NONE,DELTA,NONE,NONE",
0.556715,2026-09-01T21:12:57.754+01:00,20250,1563202,178,178,True,True,0x02,"NO_IRQ,OK,NO_IRQ,NO_IRQ","NONE,DELTA,NONE,NONE",
0.560840,2026-09-01T21:12:57.754+01:00,20428,1563203,192,192,True,True,0x02,"NO_IRQ,OK,NO_IRQ,NO_IRQ","NONE,DELTA,NONE,NONE",
0.565663,2026-09-01T21:12:57.758+01:00,20620,1563204,176,176,True,True,0x02,"NO_IRQ,OK,NO_IRQ,NO_IRQ","NONE,DELTA,NONE,NONE",
0.573298,2026-09-01T21:12:57.763+01:00,20796,1563205,178,178,True,True,0x02,"NO_IRQ,OK,NO_IRQ,NO_IRQ","NONE,DELTA,NONE,NONE",
0.576022,2026-09-01T21:12:57.771+01:00,20974,1563206,164,164,True,True,0x02,"NO_IRQ,OK,NO_IRQ,NO_IRQ","NONE,DELTA,NONE,NONE",
0.581156,2026-09-01T21:12:57.773+01:00,21138,1563207,152,152,True,True,0x02,"NO_IRQ,OK,NO_IRQ,NO_IRQ","NONE,DELTA,NONE,NONE",
0.591508,2026-09-01T21:12:57.779+01:00,21290,1563208,172,172,True,True,0x02,"NO_IRQ,OK,NO_IRQ,NO_IRQ","NONE,DELTA,NONE,NONE",
0.592135,2026-09-01T21:12:57.789+01:00,21462,1563209,172,172,True,True,0x02,"NO_IRQ,OK,NO_IRQ,NO_IRQ","NONE,DELTA,NONE,NONE",
0.595701,2026-09-01T21:12:57.790+01:00,21634,1563210,182,182,True,True,0x02,"NO_IRQ,OK,NO_IRQ,NO_IRQ","NONE,DELTA,NONE,NONE",
0.600818,2026-09-01T21:12:57.793+01:00,21816,1563211,196,196,True,True,0x02,"NO_IRQ,OK,NO_IRQ,NO_IRQ","NONE,DELTA,NONE,NONE",
0.607727,2026-09-01T21:12:57.798+01:00,22012,1563212,176,176,True,True,0x02,"NO_IRQ,OK,NO_IRQ,NO_IRQ","NONE,DELTA,NONE,NONE",
0.610731,2026-09-01T21:12:57.805+01:00,22188,1563213,192,192,True,True,0x02,"NO_IRQ,OK,NO_IRQ,NO_IRQ","NONE,DELTA,NONE,NONE",
0.615676,2026-09-01T21:12:57.808+01:00,22380,1563214,174,174,True,True,0x02,"NO_IRQ,OK,NO_IRQ,NO_IRQ","NONE,DELTA,NONE,NONE",
0.621693,2026-09-01T21:12:57.813+01:00,22554,1563215,200,200,True,True,0x02,"NO_IRQ,OK,NO_IRQ,NO_IRQ","NONE,DELTA,NONE,NONE",
0.626281,2026-09-01T21:12:57.819+01:00,22754,1563216,190,190,True,True,0x02,"NO_IRQ,OK,NO_IRQ,NO_IRQ","NONE,DELTA,NONE,NONE",
0.630783,2026-09-01T21:12:57.824+01:00,22944,1563217,188,188,True,True,0x02,"NO_IRQ,OK,NO_IRQ,NO_IRQ","NONE,DELTA,NONE,NONE",
0.635443,2026-09-01T21:12:57.828+01:00,23132,1563218,180,180,True,True,0x02,"NO_IRQ,OK,NO_IRQ,NO_IRQ","NONE,DELTA,NONE,NONE",
0.649049,2026-09-01T21:12:57.833+01:00,23312,1563219,154,154,True,True,0x02,"NO_IRQ,OK,NO_IRQ,NO_IRQ","NONE,DELTA,NONE,NONE",
0.649720,2026-09-01T21:12:57.847+01:00,23466,1563220,180,180,True,True,0x02,"NO_IRQ,OK,NO_IRQ,NO_IRQ","NONE,DELTA,NONE,NONE",
0.650633,2026-09-01T21:12:57.847+01:00,23646,1563221,172,172,True,True,0x02,"NO_IRQ,OK,NO_IRQ,NO_IRQ","NONE,DELTA,NONE,NONE",
0.655821,2026-09-01T21:12:57.848+01:00,23818,1563222,174,174,True,True,0x02,"NO_IRQ,OK,NO_IRQ,NO_IRQ","NONE,DELTA,NONE,NONE",
0.665767,2026-09-01T21:12:57.853+01:00,23992,1563223,196,196,True,True,0x02,"NO_IRQ,OK,NO_IRQ,NO_IRQ","NONE,DELTA,NONE,NONE",
0.666511,2026-09-01T21:12:57.863+01:00,24188,1563224,192,192,True,True,0x02,"NO_IRQ,OK,NO_IRQ,NO_IRQ","NONE,DELTA,NONE,NONE",
0.670557,2026-09-01T21:12:57.864+01:00,24380,1563225,182,182,True,True,0x02,"NO_IRQ,OK,NO_IRQ,NO_IRQ","NONE,DELTA,NONE,NONE",
0.681317,2026-09-01T21:12:57.868+01:00,24562,1563226,176,176,True,True,0x02,"NO_IRQ,OK,NO_IRQ,NO_IRQ","NONE,DELTA,NONE,NONE",
0.682019,2026-09-01T21:12:57.879+01:00,24738,1563227,196,196,True,True,0x02,"NO_IRQ,OK,NO_IRQ,NO_IRQ","NONE,DELTA,NONE,NONE",
0.685702,2026-09-01T21:12:57.880+01:00,24934,1563228,188,188,True,True,0x02,"NO_IRQ,OK,NO_IRQ,NO_IRQ","NONE,DELTA,NONE,NONE",
0.690515,2026-09-01T21:12:57.883+01:00,25122,1563229,184,184,True,True,0x02,"NO_IRQ,OK,NO_IRQ,NO_IRQ","NONE,DELTA,NONE,NONE",
0.696789,2026-09-01T21:12:57.888+01:00,25306,1563230,184,184,True,True,0x02,"NO_IRQ,OK,NO_IRQ,NO_IRQ","NONE,DELTA,NONE,NONE",
0.700971,2026-09-01T21:12:57.894+01:00,25490,1563231,194,194,True,True,0x02,"NO_IRQ,OK,NO_IRQ,NO_IRQ","NONE,DELTA,NONE,NONE",
0.705967,2026-09-01T21:12:57.898+01:00,25684,1563232,148,148,True,True,0x02,"NO_IRQ,OK,NO_IRQ,NO_IRQ","NONE,DELTA,NONE,NONE",
0.716364,2026-09-01T21:12:57.904+01:00,25832,1563233,156,156,True,True,0x02,"NO_IRQ,OK,NO_IRQ,NO_IRQ","NONE,DELTA,NONE,NONE",
0.717245,2026-09-01T21:12:57.914+01:00,25988,1563234,184,184,True,True,0x02,"NO_IRQ,OK,NO_IRQ,NO_IRQ","NONE,DELTA,NONE,NONE",
0.720632,2026-09-01T21:12:57.915+01:00,26172,1563235,168,168,True,True,0x02,"NO_IRQ,OK,NO_IRQ,NO_IRQ","NONE,DELTA,NONE,NONE",
0.725892,2026-09-01T21:12:57.918+01:00,26340,1563236,156,156,True,True,0x02,"NO_IRQ,OK,NO_IRQ,NO_IRQ","NONE,DELTA,NONE,NONE",
0.734828,2026-09-01T21:12:57.923+01:00,26496,1563237,170,170,True,True,0x02,"NO_IRQ,OK,NO_IRQ,NO_IRQ","NONE,DELTA,NONE,NONE",
0.735882,2026-09-01T21:12:57.933+01:00,26666,1563238,176,176,True,True,0x02,"NO_IRQ,OK,NO_IRQ,NO_IRQ","NONE,DELTA,NONE,NONE",
0.740566,2026-09-01T21:12:57.933+01:00,26842,1563239,172,172,True,True,0x02,"NO_IRQ,OK,NO_IRQ,NO_IRQ","NONE,DELTA,NONE,NONE",
0.745413,2026-09-01T21:12:57.938+01:00,27014,1563240,202,202,True,True,0x02,"NO_IRQ,OK,NO_IRQ,NO_IRQ","NONE,DELTA,NONE,NONE",
0.752365,2026-09-01T21:12:57.943+01:00,27216,1563241,200,200,True,True,0x02,"NO_IRQ,OK,NO_IRQ,NO_IRQ","NONE,DELTA,NONE,NONE",
0.755650,2026-09-01T21:12:57.950+01:00,27416,1563242,192,192,True,True,0x02,"NO_IRQ,OK,NO_IRQ,NO_IRQ","NONE,DELTA,NONE,NONE",
0.760451,2026-09-01T21:12:57.953+01:00,27608,1563243,160,160,True,True,0x02,"NO_IRQ,OK,NO_IRQ,NO_IRQ","NONE,DELTA,NONE,NONE",
0.768774,2026-09-01T21:12:57.958+01:00,27768,1563244,180,180,True,True,0x02,"NO_IRQ,OK,NO_IRQ,NO_IRQ","NONE,DELTA,NONE,NONE",
0.770423,2026-09-01T21:12:57.966+01:00,27948,1563245,180,180,True,True,0x02,"NO_IRQ,OK,NO_IRQ,NO_IRQ","NONE,DELTA,NONE,NONE",
0.775442,2026-09-01T21:12:57.968+01:00,28128,1563246,200,200,True,True,0x02,"NO_IRQ,OK,NO_IRQ,NO_IRQ","NONE,DELTA,NONE,NONE",
0.781236,2026-09-01T21:12:57.973+01:00,28328,1563247,160,160,True,True,0x02,"NO_IRQ,OK,NO_IRQ,NO_IRQ","NONE,DELTA,NONE,NONE",
0.785953,2026-09-01T21:12:57.979+01:00,28488,1563248,196,196,True,True,0x02,"NO_IRQ,OK,NO_IRQ,NO_IRQ","NONE,DELTA,NONE,NONE",
0.790235,2026-09-01T21:12:57.983+01:00,28684,1563249,206,206,True,True,0x02,"NO_IRQ,OK,NO_IRQ,NO_IRQ","NONE,DELTA,NONE,NONE",
0.795097,2026-09-01T21:12:57.988+01:00,28890,1563250,186,186,True,True,0x02,"NO_IRQ,OK,NO_IRQ,NO_IRQ","NONE,DELTA,NONE,NONE",
0.804882,2026-09-01T21:12:57.993+01:00,29076,1563251,184,184,True,True,0x02,"NO_IRQ,OK,NO_IRQ,NO_IRQ","NONE,DELTA,NONE,NONE",
0.805256,2026-09-01T21:12:58.002+01:00,29260,1563252,170,170,True,True,0x02,"NO_IRQ,OK,NO_IRQ,NO_IRQ","NONE,DELTA,NONE,NONE",
0.818539,2026-09-01T21:12:58.003+01:00,29430,1563253,194,194,True,True,0x02,"NO_IRQ,OK,NO_IRQ,NO_IRQ","NONE,DELTA,NONE,NONE",
0.819220,2026-09-01T21:12:58.016+01:00,29624,1563254,172,172,True,True,0x02,"NO_IRQ,OK,NO_IRQ,NO_IRQ","NONE,DELTA,NONE,NONE",
0.820159,2026-09-01T21:12:58.017+01:00,29796,1563255,178,178,True,True,0x02,"NO_IRQ,OK,NO_IRQ,NO_IRQ","NONE,DELTA,NONE,NONE",
0.825484,2026-09-01T21:12:58.018+01:00,29974,1563256,184,184,True,True,0x02,"NO_IRQ,OK,NO_IRQ,NO_IRQ","NONE,DELTA,NONE,NONE",
0.834652,2026-09-01T21:12:58.023+01:00,30158,1563257,176,176,True,True,0x02,"NO_IRQ,OK,NO_IRQ,NO_IRQ","NONE,DELTA,NONE,NONE",
0.835410,2026-09-01T21:12:58.032+01:00,30334,1563258,182,182,True,True,0x02,"NO_IRQ,OK,NO_IRQ,NO_IRQ","NONE,DELTA,NONE,NONE",
0.840426,2026-09-01T21:12:58.033+01:00,30516,1563259,194,194,True,True,0x02,"NO_IRQ,OK,NO_IRQ,NO_IRQ","NONE,DELTA,NONE,NONE",
0.850398,2026-09-01T21:12:58.038+01:00,30710,1563260,170,170,True,True,0x02,"NO_IRQ,OK,NO_IRQ,NO_IRQ","NONE,DELTA,NONE,NONE",
0.851059,2026-09-01T21:12:58.048+01:00,30880,1563261,172,172,True,True,0x02,"NO_IRQ,OK,NO_IRQ,NO_IRQ","NONE,DELTA,NONE,NONE",
0.855402,2026-09-01T21:12:58.049+01:00,31052,1563262,196,196,True,True,0x02,"NO_IRQ,OK,NO_IRQ,NO_IRQ","NONE,DELTA,NONE,NONE",
0.866448,2026-09-01T21:12:58.053+01:00,31248,1563263,194,194,True,True,0x02,"NO_IRQ,OK,NO_IRQ,NO_IRQ","NONE,DELTA,NONE,NONE",
0.867333,2026-09-01T21:12:58.064+01:00,31442,1563264,198,198,True,True,0x02,"NO_IRQ,OK,NO_IRQ,NO_IRQ","NONE,DELTA,NONE,NONE",
0.870282,2026-09-01T21:12:58.065+01:00,31640,1563265,192,192,True,True,0x02,"NO_IRQ,OK,NO_IRQ,NO_IRQ","NONE,DELTA,NONE,NONE",
0.875110,2026-09-01T21:12:58.068+01:00,31832,1563266,194,194,True,True,0x02,"NO_IRQ,OK,NO_IRQ,NO_IRQ","NONE,DELTA,NONE,NONE",
0.883172,2026-09-01T21:12:58.073+01:00,32026,1563267,182,182,True,True,0x02,"NO_IRQ,OK,NO_IRQ,NO_IRQ","NONE,DELTA,NONE,NONE",
0.885161,2026-09-01T21:12:58.081+01:00,32208,1563268,166,166,True,True,0x02,"NO_IRQ,OK,NO_IRQ,NO_IRQ","NONE,DELTA,NONE,NONE",
0.890412,2026-09-01T21:12:58.083+01:00,32374,1563269,188,188,True,True,0x02,"NO_IRQ,OK,NO_IRQ,NO_IRQ","NONE,DELTA,NONE,NONE",
0.895963,2026-09-01T21:12:58.088+01:00,32562,1563270,1084,1084,True,True,0x02,"NO_IRQ,OK,NO_IRQ,NO_IRQ","NONE,DELTA_SYNC,NONE,NONE",
0.900187,2026-09-01T21:12:58.096+01:00,33646,1563271,232,232,True,True,0x02,"NO_IRQ,OK,NO_IRQ,NO_IRQ","NONE,DELTA,NONE,NONE",
0.905369,2026-09-01T21:12:58.098+01:00,33878,1563272,248,248,True,True,0x02,"NO_IRQ,OK,NO_IRQ,NO_IRQ","NONE,DELTA,NONE,NONE",
0.915846,2026-09-01T21:12:58.103+01:00,34126,1563273,174,174,True,True,0x02,"NO_IRQ,OK,NO_IRQ,NO_IRQ","NONE,DELTA,NONE,NONE",
0.916564,2026-09-01T21:12:58.113+01:00,34300,1563274,194,194,True,True,0x02,"NO_IRQ,OK,NO_IRQ,NO_IRQ","NONE,DELTA,NONE,NONE",
0.920062,2026-09-01T21:12:58.114+01:00,34494,1563275,184,184,True,True,0x02,"NO_IRQ,OK,NO_IRQ,NO_IRQ","NONE,DELTA,NONE,NONE",
0.925340,2026-09-01T21:12:58.118+01:00,34678,1563276,174,174,True,True,0x02,"NO_IRQ,OK,NO_IRQ,NO_IRQ","NONE,DELTA,NONE,NONE",
0.932054,2026-09-01T21:12:58.123+01:00,34852,1563277,188,188,True,True,0x02,"NO_IRQ,OK,NO_IRQ,NO_IRQ","NONE,DELTA,NONE,NONE",
0.935229,2026-09-01T21:12:58.130+01:00,35040,1563278,164,164,True,True,0x02,"NO_IRQ,OK,NO_IRQ,NO_IRQ","NONE,DELTA,NONE,NONE",
0.939931,2026-09-01T21:12:58.133+01:00,35204,1563279,186,186,True,True,0x02,"NO_IRQ,OK,NO_IRQ,NO_IRQ","NONE,DELTA,NONE,NONE",
0.945976,2026-09-01T21:12:58.138+01:00,35390,1563280,190,190,True,True,0x02,"NO_IRQ,OK,NO_IRQ,NO_IRQ","NONE,DELTA,NONE,NONE",
0.950834,2026-09-01T21:12:58.143+01:00,35580,1563281,190,190,True,True,0x02,"NO_IRQ,OK,NO_IRQ,NO_IRQ","NONE,DELTA,NONE,NONE",
0.954801,2026-09-01T21:12:58.148+01:00,35770,1563282,194,194,True,True,0x02,"NO_IRQ,OK,NO_IRQ,NO_IRQ","NONE,DELTA,NONE,NONE",
0.959886,2026-09-01T21:12:58.152+01:00,35964,1563283,174,174,True,True,0x02,"NO_IRQ,OK,NO_IRQ,NO_IRQ","NONE,DELTA,NONE,NONE",
0.972233,2026-09-01T21:12:58.157+01:00,36138,1563284,178,178,True,True,0x02,"NO_IRQ,OK,NO_IRQ,NO_IRQ","NONE,DELTA,NONE,NONE",
0.972886,2026-09-01T21:12:58.170+01:00,36316,1563285,170,170,True,True,0x02,"NO_IRQ,OK,NO_IRQ,NO_IRQ","NONE,DELTA,NONE,NONE",
0.974833,2026-09-01T21:12:58.170+01:00,36486,1563286,166,166,True,True,0x02,"NO_IRQ,OK,NO_IRQ,NO_IRQ","NONE,DELTA,NONE,NONE",
0.980094,2026-09-01T21:12:58.173+01:00,36652,1563287,188,188,True,True,0x02,"NO_IRQ,OK,NO_IRQ,NO_IRQ","NONE,DELTA,NONE,NONE",
0.990056,2026-09-01T21:12:58.178+01:00,36840,1563288,186,186,True,True,0x02,"NO_IRQ,OK,NO_IRQ,NO_IRQ","NONE,DELTA,NONE,NONE",
0.990788,2026-09-01T21:12:58.188+01:00,37026,1563289,186,186,True,True,0x02,"NO_IRQ,OK,NO_IRQ,NO_IRQ","NONE,DELTA,NONE,NONE",
0.995052,2026-09-01T21:12:58.188+01:00,37212,1563290,188,188,True,True,0x02,"NO_IRQ,OK,NO_IRQ,NO_IRQ","NONE,DELTA,NONE,NONE",
0.999850,2026-09-01T21:12:58.193+01:00,37400,1563291,172,172,True,True,0x02,"NO_IRQ,OK,NO_IRQ,NO_IRQ","NONE,DELTA,NONE,NONE",
1.006468,2026-09-01T21:12:58.197+01:00,37572,1563292,166,166,True,True,0x02,"NO_IRQ,OK,NO_IRQ,NO_IRQ","NONE,DELTA,NONE,NONE",
1.010015,2026-09-01T21:12:58.204+01:00,37738,1563293,198,198,True,True,0x02,"NO_IRQ,OK,NO_IRQ,NO_IRQ","NONE,DELTA,NONE,NONE",
1.014996,2026-09-01T21:12:58.208+01:00,37936,1563294,174,174,True,True,0x02,"NO_IRQ,OK,NO_IRQ,NO_IRQ","NONE,DELTA,NONE,NONE",
1.022532,2026-09-01T21:12:58.212+01:00,38110,1563295,188,188,True,True,0x02,"NO_IRQ,OK,NO_IRQ,NO_IRQ","NONE,DELTA,NONE,NONE",
1.025090,2026-09-01T21:12:58.220+01:00,38298,1563296,166,166,True,True,0x02,"NO_IRQ,OK,NO_IRQ,NO_IRQ","NONE,DELTA,NONE,NONE",
1.029965,2026-09-01T21:12:58.223+01:00,38464,1563297,194,194,True,True,0x02,"NO_IRQ,OK,NO_IRQ,NO_IRQ","NONE,DELTA,NONE,NONE",
1.035701,2026-09-01T21:12:58.227+01:00,38658,1563298,194,194,True,True,0x02,"NO_IRQ,OK,NO_IRQ,NO_IRQ","NONE,DELTA,NONE,NONE",
1.039723,2026-09-01T21:12:58.236+01:00,38852,1563299,198,198,True,True,0x02,"NO_IRQ,OK,NO_IRQ,NO_IRQ","NONE,DELTA,NONE,NONE",
1.044926,2026-09-01T21:12:58.237+01:00,39050,1563300,168,168,True,True,0x02,"NO_IRQ,OK,NO_IRQ,NO_IRQ","NONE,DELTA,NONE,NONE",
1.053900,2026-09-01T21:12:58.242+01:00,39218,1563301,194,194,True,True,0x02,"NO_IRQ,OK,NO_IRQ,NO_IRQ","NONE,DELTA,NONE,NONE",
1.054939,2026-09-01T21:12:58.252+01:00,39412,1563302,158,158,True,True,0x02,"NO_IRQ,OK,NO_IRQ,NO_IRQ","NONE,DELTA,NONE,NONE",
1.060106,2026-09-01T21:12:58.252+01:00,39570,1563303,188,188,True,True,0x02,"NO_IRQ,OK,NO_IRQ,NO_IRQ","NONE,DELTA,NONE,NONE",
1.070587,2026-09-01T21:12:58.258+01:00,39758,1563304,196,196,True,True,0x02,"NO_IRQ,OK,NO_IRQ,NO_IRQ","NONE,DELTA,NONE,NONE",
1.071355,2026-09-01T21:12:58.268+01:00,39954,1563305,186,186,True,True,0x02,"NO_IRQ,OK,NO_IRQ,NO_IRQ","NONE,DELTA,NONE,NONE",
1.075135,2026-09-01T21:12:58.269+01:00,40140,1563306,174,174,True,True,0x02,"NO_IRQ,OK,NO_IRQ,NO_IRQ","NONE,DELTA,NONE,NONE",
1.079745,2026-09-01T21:12:58.273+01:00,40314,1563307,180,180,True,True,0x02,"NO_IRQ,OK,NO_IRQ,NO_IRQ","NONE,DELTA,NONE,NONE",
1.086537,2026-09-01T21:12:58.277+01:00,40494,1563308,192,192,True,True,0x02,"NO_IRQ,OK,NO_IRQ,NO_IRQ","NONE,DELTA,NONE,NONE",
1.089918,2026-09-01T21:12:58.284+01:00,40686,1563309,166,166,True,True,0x02,"NO_IRQ,OK,NO_IRQ,NO_IRQ","NONE,DELTA,NONE,NONE",
1.094722,2026-09-01T21:12:58.287+01:00,40852,1563310,208,208,True,True,0x02,"NO_IRQ,OK,NO_IRQ,NO_IRQ","NONE,DELTA,NONE,NONE",
1.099680,2026-09-01T21:12:58.292+01:00,41060,1563311,176,176,True,True,0x02,"NO_IRQ,OK,NO_IRQ,NO_IRQ","NONE,DELTA,NONE,NONE",
1.104647,2026-09-01T21:12:58.297+01:00,41236,1563312,188,188,True,True,0x02,"NO_IRQ,OK,NO_IRQ,NO_IRQ","NONE,DELTA,NONE,NONE",
1.109528,2026-09-01T21:12:58.302+01:00,41424,1563313,196,196,True,True,0x02,"NO_IRQ,OK,NO_IRQ,NO_IRQ","NONE,DELTA,NONE,NONE",
1.121765,2026-09-01T21:12:58.307+01:00,41620,1563314,184,184,True,True,0x02,"NO_IRQ,OK,NO_IRQ,NO_IRQ","NONE,DELTA,NONE,NONE",
1.122101,2026-09-01T21:12:58.319+01:00,41804,1563315,168,168,True,True,0x02,"NO_IRQ,OK,NO_IRQ,NO_IRQ","NONE,DELTA,NONE,NONE",
1.134985,2026-09-01T21:12:58.320+01:00,41972,1563316,172,172,True,True,0x02,"NO_IRQ,OK,NO_IRQ,NO_IRQ","NONE,DELTA,NONE,NONE",
1.135668,2026-09-01T21:12:58.332+01:00,42144,1563317,146,146,True,True,0x02,"NO_IRQ,OK,NO_IRQ,NO_IRQ","NONE,DELTA,NONE,NONE",
1.136261,2026-09-01T21:12:58.333+01:00,42290,1563318,186,186,True,True,0x02,"NO_IRQ,OK,NO_IRQ,NO_IRQ","NONE,DELTA,NONE,NONE",
1.139752,2026-09-01T21:12:58.334+01:00,42476,1563319,166,166,True,True,0x02,"NO_IRQ,OK,NO_IRQ,NO_IRQ","NONE,DELTA,NONE,NONE",
1.144725,2026-09-01T21:12:58.338+01:00,42642,1563320,190,190,True,True,0x02,"NO_IRQ,OK,NO_IRQ,NO_IRQ","NONE,DELTA,NONE,NONE",
1.152370,2026-09-01T21:12:58.342+01:00,42832,1563321,148,148,True,True,0x02,"NO_IRQ,OK,NO_IRQ,NO_IRQ","NONE,DELTA,NONE,NONE",
1.154501,2026-09-01T21:12:58.350+01:00,42980,1563322,176,176,True,True,0x02,"NO_IRQ,OK,NO_IRQ,NO_IRQ","NONE,DELTA,NONE,NONE",
1.159706,2026-09-01T21:12:58.352+01:00,43156,1563323,192,192,True,True,0x02,"NO_IRQ,OK,NO_IRQ,NO_IRQ","NONE,DELTA,NONE,NONE",
1.168864,2026-09-01T21:12:58.357+01:00,43348,1563324,174,174,True,True,0x02,"NO_IRQ,OK,NO_IRQ,NO_IRQ","NONE,DELTA,NONE,NONE",
1.169538,2026-09-01T21:12:58.366+01:00,43522,1563325,178,178,True,True,0x02,"NO_IRQ,OK,NO_IRQ,NO_IRQ","NONE,DELTA,NONE,NONE",
1.174624,2026-09-01T21:12:58.367+01:00,43700,1563326,186,186,True,True,0x02,"NO_IRQ,OK,NO_IRQ,NO_IRQ","NONE,DELTA,NONE,NONE",
1.183881,2026-09-01T21:12:58.372+01:00,43886,1563327,180,180,True,True,0x02,"NO_IRQ,OK,NO_IRQ,NO_IRQ","NONE,DELTA,NONE,NONE",
1.184585,2026-09-01T21:12:58.381+01:00,44066,1563328,162,162,True,True,0x02,"NO_IRQ,OK,NO_IRQ,NO_IRQ","NONE,DELTA,NONE,NONE",
1.189626,2026-09-01T21:12:58.382+01:00,44228,1563329,176,176,True,True,0x02,"NO_IRQ,OK,NO_IRQ,NO_IRQ","NONE,DELTA,NONE,NONE",
1.199932,2026-09-01T21:12:58.387+01:00,44404,1563330,172,172,True,True,0x02,"NO_IRQ,OK,NO_IRQ,NO_IRQ","NONE,DELTA,NONE,NONE",
1.200588,2026-09-01T21:12:58.397+01:00,44576,1563331,186,186,True,True,0x02,"NO_IRQ,OK,NO_IRQ,NO_IRQ","NONE,DELTA,NONE,NONE",
1.204743,2026-09-01T21:12:58.398+01:00,44762,1563332,198,198,True,True,0x02,"NO_IRQ,OK,NO_IRQ,NO_IRQ","NONE,DELTA,NONE,NONE",
1.209712,2026-09-01T21:12:58.402+01:00,44960,1563333,172,172,True,True,0x02,"NO_IRQ,OK,NO_IRQ,NO_IRQ","NONE,DELTA,NONE,NONE",
1.217712,2026-09-01T21:12:58.407+01:00,45132,1563334,174,174,True,True,0x02,"NO_IRQ,OK,NO_IRQ,NO_IRQ","NONE,DELTA,NONE,NONE",
1.219671,2026-09-01T21:12:58.415+01:00,45306,1563335,184,184,True,True,0x02,"NO_IRQ,OK,NO_IRQ,NO_IRQ","NONE,DELTA,NONE,NONE",
1.225090,2026-09-01T21:12:58.417+01:00,45490,1563336,192,192,True,True,0x02,"NO_IRQ,OK,NO_IRQ,NO_IRQ","NONE,DELTA,NONE,NONE",
1.234412,2026-09-01T21:12:58.423+01:00,45682,1563337,190,190,True,True,0x02,"NO_IRQ,OK,NO_IRQ,NO_IRQ","NONE,DELTA,NONE,NONE",
1.235124,2026-09-01T21:12:58.432+01:00,45872,1563338,190,190,True,True,0x02,"NO_IRQ,OK,NO_IRQ,NO_IRQ","NONE,DELTA,NONE,NONE",
1.239789,2026-09-01T21:12:58.433+01:00,46062,1563339,198,198,True,True,0x02,"NO_IRQ,OK,NO_IRQ,NO_IRQ","NONE,DELTA,NONE,NONE",
1.250678,2026-09-01T21:12:58.437+01:00,46260,1563340,158,158,True,True,0x02,"NO_IRQ,OK,NO_IRQ,NO_IRQ","NONE,DELTA,NONE,NONE",
1.251336,2026-09-01T21:12:58.448+01:00,46418,1563341,202,202,True,True,0x02,"NO_IRQ,OK,NO_IRQ,NO_IRQ","NONE,DELTA,NONE,NONE",
1.254752,2026-09-01T21:12:58.449+01:00,46620,1563342,202,202,True,True,0x02,"NO_IRQ,OK,NO_IRQ,NO_IRQ","NONE,DELTA,NONE,NONE",
1.259464,2026-09-01T21:12:58.452+01:00,46822,1563343,158,158,True,True,0x02,"NO_IRQ,OK,NO_IRQ,NO_IRQ","NONE,DELTA,NONE,NONE",
1.264907,2026-09-01T21:12:58.457+01:00,46980,1563344,182,182,True,True,0x02,"NO_IRQ,OK,NO_IRQ,NO_IRQ","NONE,DELTA,NONE,NONE",
1.269401,2026-09-01T21:12:58.462+01:00,47162,1563345,178,178,True,True,0x02,"NO_IRQ,OK,NO_IRQ,NO_IRQ","NONE,DELTA,NONE,NONE",
1.274331,2026-09-01T21:12:58.467+01:00,47340,1563346,192,192,True,True,0x02,"NO_IRQ,OK,NO_IRQ,NO_IRQ","NONE,DELTA,NONE,NONE",
1.290002,2026-09-01T21:12:58.472+01:00,47532,1563347,158,158,True,True,0x02,"NO_IRQ,OK,NO_IRQ,NO_IRQ","NONE,DELTA,NONE,NONE",
1.290944,2026-09-01T21:12:58.488+01:00,47690,1563348,186,186,True,True,0x02,"NO_IRQ,OK,NO_IRQ,NO_IRQ","NONE,DELTA,NONE,NONE",
1.291636,2026-09-01T21:12:58.488+01:00,47876,1563349,146,146,True,True,0x02,"NO_IRQ,OK,NO_IRQ,NO_IRQ","NONE,DELTA,NONE,NONE",
1.294511,2026-09-01T21:12:58.490+01:00,48022,1563350,164,164,True,True,0x02,"NO_IRQ,OK,NO_IRQ,NO_IRQ","NONE,DELTA,NONE,NONE",
1.299474,2026-09-01T21:12:58.492+01:00,48186,1563351,186,186,True,True,0x02,"NO_IRQ,OK,NO_IRQ,NO_IRQ","NONE,DELTA,NONE,NONE",
1.306952,2026-09-01T21:12:58.497+01:00,48372,1563352,190,190,True,True,0x02,"NO_IRQ,OK,NO_IRQ,NO_IRQ","NONE,DELTA,NONE,NONE",
1.309959,2026-09-01T21:12:58.505+01:00,48562,1563353,194,194,True,True,0x02,"NO_IRQ,OK,NO_IRQ,NO_IRQ","NONE,DELTA,NONE,NONE",
1.314598,2026-09-01T21:12:58.507+01:00,48756,1563354,208,208,True,True,0x02,"NO_IRQ,OK,NO_IRQ,NO_IRQ","NONE,DELTA,NONE,NONE",
1.325377,2026-09-01T21:12:58.512+01:00,48964,1563355,192,192,True,True,0x02,"NO_IRQ,OK,NO_IRQ,NO_IRQ","NONE,DELTA,NONE,NONE",
1.326163,2026-09-01T21:12:58.523+01:00,49156,1563356,206,206,True,True,0x02,"NO_IRQ,OK,NO_IRQ,NO_IRQ","NONE,DELTA,NONE,NONE",
1.329600,2026-09-01T21:12:58.524+01:00,49362,1563357,194,194,True,True,0x02,"NO_IRQ,OK,NO_IRQ,NO_IRQ","NONE,DELTA,NONE,NONE",
1.334259,2026-09-01T21:12:58.527+01:00,49556,1563358,174,174,True,True,0x02,"NO_IRQ,OK,NO_IRQ,NO_IRQ","NONE,DELTA,NONE,NONE",
1.342058,2026-09-01T21:12:58.532+01:00,49730,1563359,152,152,True,True,0x02,"NO_IRQ,OK,NO_IRQ,NO_IRQ","NONE,DELTA,NONE,NONE",
1.344284,2026-09-01T21:12:58.540+01:00,49882,1563360,168,168,True,True,0x02,"NO_IRQ,OK,NO_IRQ,NO_IRQ","NONE,DELTA,NONE,NONE",
1.350737,2026-09-01T21:12:58.542+01:00,50050,1563361,176,176,True,True,0x02,"NO_IRQ,OK,NO_IRQ,NO_IRQ","NONE,DELTA,NONE,NONE",
1.358730,2026-09-01T21:12:58.548+01:00,50226,1563362,170,170,True,True,0x02,"NO_IRQ,OK,NO_IRQ,NO_IRQ","NONE,DELTA,NONE,NONE",
1.359754,2026-09-01T21:12:58.556+01:00,50396,1563363,204,204,True,True,0x02,"NO_IRQ,OK,NO_IRQ,NO_IRQ","NONE,DELTA,NONE,NONE",
1.364106,2026-09-01T21:12:58.557+01:00,50600,1563364,186,186,True,True,0x02,"NO_IRQ,OK,NO_IRQ,NO_IRQ","NONE,DELTA,NONE,NONE",
1.375012,2026-09-01T21:12:58.562+01:00,50786,1563365,180,180,True,True,0x02,"NO_IRQ,OK,NO_IRQ,NO_IRQ","NONE,DELTA,NONE,NONE",
1.375623,2026-09-01T21:12:58.572+01:00,50966,1563366,176,176,True,True,0x02,"NO_IRQ,OK,NO_IRQ,NO_IRQ","NONE,DELTA,NONE,NONE",
1.379385,2026-09-01T21:12:58.573+01:00,51142,1563367,168,168,True,True,0x02,"NO_IRQ,OK,NO_IRQ,NO_IRQ","NONE,DELTA,NONE,NONE",
1.384286,2026-09-01T21:12:58.577+01:00,51310,1563368,178,178,True,True,0x02,"NO_IRQ,OK,NO_IRQ,NO_IRQ","NONE,DELTA,NONE,NONE",
1.390503,2026-09-01T21:12:58.582+01:00,51488,1563369,184,184,True,True,0x02,"NO_IRQ,OK,NO_IRQ,NO_IRQ","NONE,DELTA,NONE,NONE",
1.394251,2026-09-01T21:12:58.588+01:00,51672,1563370,178,178,True,True,0x02,"NO_IRQ,OK,NO_IRQ,NO_IRQ","NONE,DELTA,NONE,NONE",
1.399245,2026-09-01T21:12:58.592+01:00,51850,1563371,188,188,True,True,0x02,"NO_IRQ,OK,NO_IRQ,NO_IRQ","NONE,DELTA,NONE,NONE",
1.406226,2026-09-01T21:12:58.597+01:00,52038,1563372,184,184,True,True,0x02,"NO_IRQ,OK,NO_IRQ,NO_IRQ","NONE,DELTA,NONE,NONE",
1.409188,2026-09-01T21:12:58.604+01:00,52222,1563373,196,196,True,True,0x02,"NO_IRQ,OK,NO_IRQ,NO_IRQ","NONE,DELTA,NONE,NONE",
1.414339,2026-09-01T21:12:58.607+01:00,52418,1563374,184,184,True,True,0x02,"NO_IRQ,OK,NO_IRQ,NO_IRQ","NONE,DELTA,NONE,NONE",
1.419900,2026-09-01T21:12:58.612+01:00,52602,1563375,158,158,True,True,0x02,"NO_IRQ,OK,NO_IRQ,NO_IRQ","NONE,DELTA,NONE,NONE",
1.424285,2026-09-01T21:12:58.617+01:00,52760,1563376,162,162,True,True,0x02,"NO_IRQ,OK,NO_IRQ,NO_IRQ","NONE,DELTA,NONE,NONE",
1.429576,2026-09-01T21:12:58.622+01:00,52922,1563377,178,178,True,True,0x02,"NO_IRQ,OK,NO_IRQ,NO_IRQ","NONE,DELTA,NONE,NONE",
1.434006,2026-09-01T21:12:58.627+01:00,53100,1563378,178,178,True,True,0x02,"NO_IRQ,OK,NO_IRQ,NO_IRQ","NONE,DELTA,NONE,NONE",
1.442808,2026-09-01T21:12:58.631+01:00,53278,1563379,168,168,True,True,0x02,"NO_IRQ,OK,NO_IRQ,NO_IRQ","NONE,DELTA,NONE,NONE",
1.443965,2026-09-01T21:12:58.640+01:00,53446,1563380,194,194,True,True,0x02,"NO_IRQ,OK,NO_IRQ,NO_IRQ","NONE,DELTA,NONE,NONE",
1.455960,2026-09-01T21:12:58.641+01:00,53640,1563381,194,194,True,True,0x02,"NO_IRQ,OK,NO_IRQ,NO_IRQ","NONE,DELTA,NONE,NONE",
1.457068,2026-09-01T21:12:58.653+01:00,53834,1563382,178,178,True,True,0x02,"NO_IRQ,OK,NO_IRQ,NO_IRQ","NONE,DELTA,NONE,NONE",
1.459283,2026-09-01T21:12:58.655+01:00,54012,1563383,184,184,True,True,0x02,"NO_IRQ,OK,NO_IRQ,NO_IRQ","NONE,DELTA,NONE,NONE",
1.464516,2026-09-01T21:12:58.657+01:00,54196,1563384,180,180,True,True,0x02,"NO_IRQ,OK,NO_IRQ,NO_IRQ","NONE,DELTA,NONE,NONE",
1.473822,2026-09-01T21:12:58.662+01:00,54376,1563385,196,196,True,True,0x02,"NO_IRQ,OK,NO_IRQ,NO_IRQ","NONE,DELTA,NONE,NONE",
1.475007,2026-09-01T21:12:58.672+01:00,54572,1563386,162,162,True,True,0x02,"NO_IRQ,OK,NO_IRQ,NO_IRQ","NONE,DELTA,NONE,NONE",
1.479222,2026-09-01T21:12:58.673+01:00,54734,1563387,188,188,True,True,0x02,"NO_IRQ,OK,NO_IRQ,NO_IRQ","NONE,DELTA,NONE,NONE",
1.489714,2026-09-01T21:12:58.677+01:00,54922,1563388,184,184,True,True,0x02,"NO_IRQ,OK,NO_IRQ,NO_IRQ","NONE,DELTA,NONE,NONE",
1.490463,2026-09-01T21:12:58.687+01:00,55106,1563389,160,160,True,True,0x02,"NO_IRQ,OK,NO_IRQ,NO_IRQ","NONE,DELTA,NONE,NONE",
1.494136,2026-09-01T21:12:58.688+01:00,55266,1563390,176,176,True,True,0x02,"NO_IRQ,OK,NO_IRQ,NO_IRQ","NONE,DELTA,NONE,NONE",
1.498829,2026-09-01T21:12:58.692+01:00,55442,1563391,176,176,True,True,0x02,"NO_IRQ,OK,NO_IRQ,NO_IRQ","NONE,DELTA,NONE,NONE",
1.505277,2026-09-01T21:12:58.696+01:00,55618,1563392,190,190,True,True,0x02,"NO_IRQ,OK,NO_IRQ,NO_IRQ","NONE,DELTA,NONE,NONE",
1.509125,2026-09-01T21:12:58.703+01:00,55808,1563393,180,180,True,True,0x02,"NO_IRQ,OK,NO_IRQ,NO_IRQ","NONE,DELTA,NONE,NONE",
1.514517,2026-09-01T21:12:58.707+01:00,55988,1563394,182,182,True,True,0x02,"NO_IRQ,OK,NO_IRQ,NO_IRQ","NONE,DELTA,NONE,NONE",
1.522130,2026-09-01T21:12:58.712+01:00,56170,1563395,184,184,True,True,0x02,"NO_IRQ,OK,NO_IRQ,NO_IRQ","NONE,DELTA,NONE,NONE",
1.523851,2026-09-01T21:12:58.720+01:00,56354,1563396,176,176,True,True,0x02,"NO_IRQ,OK,NO_IRQ,NO_IRQ","NONE,DELTA,NONE,NONE",
1.529050,2026-09-01T21:12:58.721+01:00,56530,1563397,158,158,True,True,0x02,"NO_IRQ,OK,NO_IRQ,NO_IRQ","NONE,DELTA,NONE,NONE",
1.538373,2026-09-01T21:12:58.727+01:00,56688,1563398,174,174,True,True,0x02,"NO_IRQ,OK,NO_IRQ,NO_IRQ","NONE,DELTA,NONE,NONE",
1.539026,2026-09-01T21:12:58.736+01:00,56862,1563399,190,190,True,True,0x02,"NO_IRQ,OK,NO_IRQ,NO_IRQ","NONE,DELTA,NONE,NONE",
1.543916,2026-09-01T21:12:58.736+01:00,57052,1563400,194,194,True,True,0x02,"NO_IRQ,OK,NO_IRQ,NO_IRQ","NONE,DELTA,NONE,NONE",
1.555357,2026-09-01T21:12:58.742+01:00,57246,1563401,156,156,True,True,0x02,"NO_IRQ,OK,NO_IRQ,NO_IRQ","NONE,DELTA,NONE,NONE",
1.556117,2026-09-01T21:12:58.753+01:00,57402,1563402,148,148,True,True,0x02,"NO_IRQ,OK,NO_IRQ,NO_IRQ","NONE,DELTA,NONE,NONE",
1.559168,2026-09-01T21:12:58.754+01:00,57550,1563403,156,156,True,True,0x02,"NO_IRQ,OK,NO_IRQ,NO_IRQ","NONE,DELTA,NONE,NONE",
1.564130,2026-09-01T21:12:58.757+01:00,57706,1563404,170,170,True,True,0x02,"NO_IRQ,OK,NO_IRQ,NO_IRQ","NONE,DELTA,NONE,NONE",
1.571820,2026-09-01T21:12:58.762+01:00,57876,1563405,176,176,True,True,0x02,"NO_IRQ,OK,NO_IRQ,NO_IRQ","NONE,DELTA,NONE,NONE",
1.573745,2026-09-01T21:12:58.769+01:00,58052,1563406,184,184,True,True,0x02,"NO_IRQ,OK,NO_IRQ,NO_IRQ","NONE,DELTA,NONE,NONE",
1.578832,2026-09-01T21:12:58.771+01:00,58236,1563407,188,188,True,True,0x02,"NO_IRQ,OK,NO_IRQ,NO_IRQ","NONE,DELTA,NONE,NONE",
1.584159,2026-09-01T21:12:58.776+01:00,58424,1563408,192,192,True,True,0x02,"NO_IRQ,OK,NO_IRQ,NO_IRQ","NONE,DELTA,NONE,NONE",
1.589041,2026-09-01T21:12:58.782+01:00,58616,1563409,192,192,True,True,0x02,"NO_IRQ,OK,NO_IRQ,NO_IRQ","NONE,DELTA,NONE,NONE",
1.593706,2026-09-01T21:12:58.786+01:00,58808,1563410,196,196,True,True,0x02,"NO_IRQ,OK,NO_IRQ,NO_IRQ","NONE,DELTA,NONE,NONE",
1.598753,2026-09-01T21:12:58.791+01:00,59004,1563411,192,192,True,True,0x02,"NO_IRQ,OK,NO_IRQ,NO_IRQ","NONE,DELTA,NONE,NONE",
1.611255,2026-09-01T21:12:58.796+01:00,59196,1563412,212,212,True,True,0x02,"NO_IRQ,OK,NO_IRQ,NO_IRQ","NONE,DELTA,NONE,NONE",
1.611966,2026-09-01T21:12:58.809+01:00,59408,1563413,196,196,True,True,0x02,"NO_IRQ,OK,NO_IRQ,NO_IRQ","NONE,DELTA,NONE,NONE",
1.613632,2026-09-01T21:12:58.809+01:00,59604,1563414,186,186,True,True,0x02,"NO_IRQ,OK,NO_IRQ,NO_IRQ","NONE,DELTA,NONE,NONE",
1.618968,2026-09-01T21:12:58.811+01:00,59790,1563415,176,176,True,True,0x02,"NO_IRQ,OK,NO_IRQ,NO_IRQ","NONE,DELTA,NONE,NONE",
1.629731,2026-09-01T21:12:58.816+01:00,59966,1563416,150,150,True,True,0x02,"NO_IRQ,OK,NO_IRQ,NO_IRQ","NONE,DELTA,NONE,NONE",
1.631411,2026-09-01T21:12:58.827+01:00,60116,1563417,188,188,True,True,0x02,"NO_IRQ,OK,NO_IRQ,NO_IRQ","NONE,DELTA,NONE,NONE",
1.633711,2026-09-01T21:12:58.829+01:00,60304,1563418,170,170,True,True,0x02,"NO_IRQ,OK,NO_IRQ,NO_IRQ","NONE,DELTA,NONE,NONE",
1.638675,2026-09-01T21:12:58.831+01:00,60474,1563419,176,176,True,True,0x02,"NO_IRQ,OK,NO_IRQ,NO_IRQ","NONE,DELTA,NONE,NONE",
1.647641,2026-09-01T21:12:58.836+01:00,60650,1563420,170,170,True,True,0x02,"NO_IRQ,OK,NO_IRQ,NO_IRQ","NONE,DELTA,NONE,NONE",
1.648734,2026-09-01T21:12:58.845+01:00,60820,1563421,162,162,True,True,0x02,"NO_IRQ,OK,NO_IRQ,NO_IRQ","NONE,DELTA,NONE,NONE",
1.653937,2026-09-01T21:12:58.846+01:00,60982,1563422,160,160,True,True,0x02,"NO_IRQ,OK,NO_IRQ,NO_IRQ","NONE,DELTA,NONE,NONE",
1.663327,2026-09-01T21:12:58.851+01:00,61142,1563423,182,182,True,True,0x02,"NO_IRQ,OK,NO_IRQ,NO_IRQ","NONE,DELTA,NONE,NONE",
1.663603,2026-09-01T21:12:58.861+01:00,61324,1563424,184,184,True,True,0x02,"NO_IRQ,OK,NO_IRQ,NO_IRQ","NONE,DELTA,NONE,NONE",
1.669139,2026-09-01T21:12:58.861+01:00,61508,1563425,190,190,True,True,0x02,"NO_IRQ,OK,NO_IRQ,NO_IRQ","NONE,DELTA,NONE,NONE",
1.679222,2026-09-01T21:12:58.867+01:00,61698,1563426,180,180,True,True,0x02,"NO_IRQ,OK,NO_IRQ,NO_IRQ","NONE,DELTA,NONE,NONE",
1.679836,2026-09-01T21:12:58.877+01:00,61878,1563427,186,186,True,True,0x02,"NO_IRQ,OK,NO_IRQ,NO_IRQ","NONE,DELTA,NONE,NONE",
1.684255,2026-09-01T21:12:58.878+01:00,62064,1563428,180,180,True,True,0x02,"NO_IRQ,OK,NO_IRQ,NO_IRQ","NONE,DELTA,NONE,NONE",
1.688871,2026-09-01T21:12:58.882+01:00,62244,1563429,168,168,True,True,0x02,"NO_IRQ,OK,NO_IRQ,NO_IRQ","NONE,DELTA,NONE,NONE",
1.696269,2026-09-01T21:12:58.887+01:00,62412,1563430,194,194,True,True,0x02,"NO_IRQ,OK,NO_IRQ,NO_IRQ","NONE,DELTA,NONE,NONE",
1.699036,2026-09-01T21:12:58.894+01:00,62606,1563431,186,186,True,True,0x02,"NO_IRQ,OK,NO_IRQ,NO_IRQ","NONE,DELTA,NONE,NONE",
1.703631,2026-09-01T21:12:58.897+01:00,62792,1563432,212,212,True,True,0x02,"NO_IRQ,OK,NO_IRQ,NO_IRQ","NONE,DELTA,NONE,NONE",
1.712949,2026-09-01T21:12:58.901+01:00,63004,1563433,172,172,True,True,0x02,"NO_IRQ,OK,NO_IRQ,NO_IRQ","NONE,DELTA,NONE,NONE",
1.713499,2026-09-01T21:12:58.910+01:00,63176,1563434,178,178,True,True,0x02,"NO_IRQ,OK,NO_IRQ,NO_IRQ","NONE,DELTA,NONE,NONE",
1.718783,2026-09-01T21:12:58.911+01:00,63354,1563435,190,190,True,True,0x02,"NO_IRQ,OK,NO_IRQ,NO_IRQ","NONE,DELTA,NONE,NONE",
1.728788,2026-09-01T21:12:58.916+01:00,63544,1563436,192,192,True,True,0x02,"NO_IRQ,OK,NO_IRQ,NO_IRQ","NONE,DELTA,NONE,NONE",
1.729442,2026-09-01T21:12:58.926+01:00,63736,1563437,166,166,True,True,0x02,"NO_IRQ,OK,NO_IRQ,NO_IRQ","NONE,DELTA,NONE,NONE",
1.733622,2026-09-01T21:12:58.927+01:00,63902,1563438,154,154,True,True,0x02,"NO_IRQ,OK,NO_IRQ,NO_IRQ","NONE,DELTA,NONE,NONE",
1.740372,2026-09-01T21:12:58.931+01:00,64056,1563439,174,174,True,True,0x02,"NO_IRQ,OK,NO_IRQ,NO_IRQ","NONE,DELTA,NONE,NONE",
1.744527,2026-09-01T21:12:58.938+01:00,64230,1563440,204,204,True,True,0x02,"NO_IRQ,OK,NO_IRQ,NO_IRQ","NONE,DELTA,NONE,NONE",
1.748578,2026-09-01T21:12:58.942+01:00,64434,1563441,182,182,True,True,0x02,"NO_IRQ,OK,NO_IRQ,NO_IRQ","NONE,DELTA,NONE,NONE",
1.753382,2026-09-01T21:12:58.946+01:00,64616,1563442,208,208,True,True,0x02,"NO_IRQ,OK,NO_IRQ,NO_IRQ","NONE,DELTA,NONE,NONE",
1.765837,2026-09-01T21:12:58.951+01:00,64824,1563443,174,174,True,True,0x02,"NO_IRQ,OK,NO_IRQ,NO_IRQ","NONE,DELTA,NONE,NONE",
1.766221,2026-09-01T21:12:58.963+01:00,64998,1563444,188,188,True,True,0x02,"NO_IRQ,OK,NO_IRQ,NO_IRQ","NONE,DELTA,NONE,NONE",
1.779154,2026-09-01T21:12:58.964+01:00,65186,1563445,190,190,True,True,0x02,"NO_IRQ,OK,NO_IRQ,NO_IRQ","NONE,DELTA,NONE,NONE",
1.779854,2026-09-01T21:12:58.977+01:00,65376,1563446,176,176,True,True,0x02,"NO_IRQ,OK,NO_IRQ,NO_IRQ","NONE,DELTA,NONE,NONE",
1.781159,2026-09-01T21:12:58.978+01:00,65552,1563447,166,166,True,True,0x02,"NO_IRQ,OK,NO_IRQ,NO_IRQ","NONE,DELTA,NONE,NONE",
1.783845,2026-09-01T21:12:58.979+01:00,65718,1563448,178,178,True,True,0x02,"NO_IRQ,OK,NO_IRQ,NO_IRQ","NONE,DELTA,NONE,NONE",
1.788969,2026-09-01T21:12:58.981+01:00,65896,1563449,164,164,True,True,0x02,"NO_IRQ,OK,NO_IRQ,NO_IRQ","NONE,DELTA,NONE,NONE",
1.796824,2026-09-01T21:12:58.987+01:00,66060,1563450,162,162,True,True,0x02,"NO_IRQ,OK,NO_IRQ,NO_IRQ","NONE,DELTA,NONE,NONE",
1.798547,2026-09-01T21:12:58.994+01:00,66222,1563451,162,162,True,True,0x02,"NO_IRQ,OK,NO_IRQ,NO_IRQ","NONE,DELTA,NONE,NONE",
1.803387,2026-09-01T21:12:58.996+01:00,66384,1563452,166,166,True,True,0x02,"NO_IRQ,OK,NO_IRQ,NO_IRQ","NONE,DELTA,NONE,NONE",
1.813047,2026-09-01T21:12:59.001+01:00,66550,1563453,190,190,True,True,0x02,"NO_IRQ,OK,NO_IRQ,NO_IRQ","NONE,DELTA,NONE,NONE",
1.814450,2026-09-01T21:12:59.011+01:00,66740,1563454,180,180,True,True,0x02,"NO_IRQ,OK,NO_IRQ,NO_IRQ","NONE,DELTA,NONE,NONE",
1.818504,2026-09-01T21:12:59.012+01:00,66920,1563455,164,164,True,True,0x02,"NO_IRQ,OK,NO_IRQ,NO_IRQ","NONE,DELTA,NONE,NONE",
1.823319,2026-09-01T21:12:59.016+01:00,67084,1563456,192,192,True,True,0x02,"NO_IRQ,OK,NO_IRQ,NO_IRQ","NONE,DELTA,NONE,NONE",
1.829649,2026-09-01T21:12:59.021+01:00,67276,1563457,166,166,True,True,0x02,"NO_IRQ,OK,NO_IRQ,NO_IRQ","NONE,DELTA,NONE,NONE",
1.833559,2026-09-01T21:12:59.027+01:00,67442,1563458,168,168,True,True,0x02,"NO_IRQ,OK,NO_IRQ,NO_IRQ","NONE,DELTA,NONE,NONE",
1.838327,2026-09-01T21:12:59.031+01:00,67610,1563459,156,156,True,True,0x02,"NO_IRQ,OK,NO_IRQ,NO_IRQ","NONE,DELTA,NONE,NONE",
1.845285,2026-09-01T21:12:59.036+01:00,67766,1563460,158,158,True,True,0x02,"NO_IRQ,OK,NO_IRQ,NO_IRQ","NONE,DELTA,NONE,NONE",
1.848503,2026-09-01T21:12:59.043+01:00,67924,1563461,176,176,True,True,0x02,"NO_IRQ,OK,NO_IRQ,NO_IRQ","NONE,DELTA,NONE,NONE",
1.853462,2026-09-01T21:12:59.046+01:00,68100,1563462,188,188,True,True,0x02,"NO_IRQ,OK,NO_IRQ,NO_IRQ","NONE,DELTA,NONE,NONE",
1.861275,2026-09-01T21:12:59.051+01:00,68288,1563463,186,186,True,True,0x02,"NO_IRQ,OK,NO_IRQ,NO_IRQ","NONE,DELTA,NONE,NONE",
1.863150,2026-09-01T21:12:59.059+01:00,68474,1563464,174,174,True,True,0x02,"NO_IRQ,OK,NO_IRQ,NO_IRQ","NONE,DELTA,NONE,NONE",
1.868716,2026-09-01T21:12:59.061+01:00,68648,1563465,178,178,True,True,0x02,"NO_IRQ,OK,NO_IRQ,NO_IRQ","NONE,DELTA,NONE,NONE",
1.876937,2026-09-01T21:12:59.066+01:00,68826,1563466,166,166,True,True,0x02,"NO_IRQ,OK,NO_IRQ,NO_IRQ","NONE,DELTA,NONE,NONE",
1.878076,2026-09-01T21:12:59.074+01:00,68992,1563467,148,148,True,True,0x02,"NO_IRQ,OK,NO_IRQ,NO_IRQ","NONE,DELTA,NONE,NONE",
1.883291,2026-09-01T21:12:59.076+01:00,69140,1563468,184,184,True,True,0x02,"NO_IRQ,OK,NO_IRQ,NO_IRQ","NONE,DELTA,NONE,NONE",
1.892355,2026-09-01T21:12:59.081+01:00,69324,1563469,196,196,True,True,0x02,"NO_IRQ,OK,NO_IRQ,NO_IRQ","NONE,DELTA,NONE,NONE",
1.893647,2026-09-01T21:12:59.090+01:00,69520,1563470,1084,1084,True,True,0x02,"NO_IRQ,OK,NO_IRQ,NO_IRQ","NONE,DELTA_SYNC,NONE,NONE",
1.898743,2026-09-01T21:12:59.091+01:00,70604,1563471,236,236,True,True,0x02,"NO_IRQ,OK,NO_IRQ,NO_IRQ","NONE,DELTA,NONE,NONE",
1.903354,2026-09-01T21:12:59.096+01:00,70840,1563472,262,262,True,True,0x02,"NO_IRQ,OK,NO_IRQ,NO_IRQ","NONE,DELTA,NONE,NONE",
1.909069,2026-09-01T21:12:59.101+01:00,71102,1563473,192,192,True,True,0x02,"NO_IRQ,OK,NO_IRQ,NO_IRQ","NONE,DELTA,NONE,NONE",
1.913264,2026-09-01T21:12:59.107+01:00,71294,1563474,182,182,True,True,0x02,"NO_IRQ,OK,NO_IRQ,NO_IRQ","NONE,DELTA,NONE,NONE",
1.918356,2026-09-01T21:12:59.111+01:00,71476,1563475,172,172,True,True,0x02,"NO_IRQ,OK,NO_IRQ,NO_IRQ","NONE,DELTA,NONE,NONE",
1.933805,2026-09-01T21:12:59.116+01:00,71648,1563476,170,170,True,True,0x02,"NO_IRQ,OK,NO_IRQ,NO_IRQ","NONE,DELTA,NONE,NONE",
1.934592,2026-09-01T21:12:59.131+01:00,71818,1563477,180,180,True,True,0x02,"NO_IRQ,OK,NO_IRQ,NO_IRQ","NONE,DELTA,NONE,NONE",
1.935329,2026-09-01T21:12:59.132+01:00,71998,1563478,164,164,True,True,0x02,"NO_IRQ,OK,NO_IRQ,NO_IRQ","NONE,DELTA,NONE,NONE",
1.938301,2026-09-01T21:12:59.133+01:00,72162,1563479,192,192,True,True,0x02,"NO_IRQ,OK,NO_IRQ,NO_IRQ","NONE,DELTA,NONE,NONE",
1.943090,2026-09-01T21:12:59.136+01:00,72354,1563480,188,188,True,True,0x02,"NO_IRQ,OK,NO_IRQ,NO_IRQ","NONE,DELTA,NONE,NONE",
1.950135,2026-09-01T21:12:59.141+01:00,72542,1563481,162,162,True,True,0x02,"NO_IRQ,OK,NO_IRQ,NO_IRQ","NONE,DELTA,NONE,NONE",
1.953456,2026-09-01T21:12:59.148+01:00,72704,1563482,186,186,True,True,0x02,"NO_IRQ,OK,NO_IRQ,NO_IRQ","NONE,DELTA,NONE,NONE",
1.958323,2026-09-01T21:12:59.151+01:00,72890,1563483,174,174,True,True,0x02,"NO_IRQ,OK,NO_IRQ,NO_IRQ","NONE,DELTA,NONE,NONE",
1.966331,2026-09-01T21:12:59.156+01:00,73064,1563484,164,164,True,True,0x02,"NO_IRQ,OK,NO_IRQ,NO_IRQ","NONE,DELTA,NONE,NONE",
1.968224,2026-09-01T21:12:59.164+01:00,73228,1563485,188,188,True,True,0x02,"NO_IRQ,OK,NO_IRQ,NO_IRQ","NONE,DELTA,NONE,NONE",
1.973129,2026-09-01T21:12:59.166+01:00,73416,1563486,170,170,True,True,0x02,"NO_IRQ,OK,NO_IRQ,NO_IRQ","NONE,DELTA,NONE,NONE",
1.982271,2026-09-01T21:12:59.171+01:00,73586,1563487,180,180,True,True,0x02,"NO_IRQ,OK,NO_IRQ,NO_IRQ","NONE,DELTA,NONE,NONE",
1.983082,2026-09-01T21:12:59.180+01:00,73766,1563488,150,150,True,True,0x02,"NO_IRQ,OK,NO_IRQ,NO_IRQ","NONE,DELTA,NONE,NONE",
1.988297,2026-09-01T21:12:59.181+01:00,73916,1563489,170,170,True,True,0x02,"NO_IRQ,OK,NO_IRQ,NO_IRQ","NONE,DELTA,NONE,NONE",
1.999246,2026-09-01T21:12:59.186+01:00,74086,1563490,190,190,True,True,0x02,"NO_IRQ,OK,NO_IRQ,NO_IRQ","NONE,DELTA,NONE,NONE",
1.999906,2026-09-01T21:12:59.197+01:00,74276,1563491,172,172,True,True,0x02,"NO_IRQ,OK,NO_IRQ,NO_IRQ","NONE,DELTA,NONE,NONE",
2.003276,2026-09-01T21:12:59.197+01:00,74448,1563492,176,176,True,True,0x02,"NO_IRQ,OK,NO_IRQ,NO_IRQ","NONE,DELTA,NONE,NONE",
2.008121,2026-09-01T21:12:59.201+01:00,74624,1563493,184,184,True,True,0x02,"NO_IRQ,OK,NO_IRQ,NO_IRQ","NONE,DELTA,NONE,NONE",
2.016017,2026-09-01T21:12:59.206+01:00,74808,1563494,182,182,True,True,0x02,"NO_IRQ,OK,NO_IRQ,NO_IRQ","NONE,DELTA,NONE,NONE",
2.017965,2026-09-01T21:12:59.214+01:00,74990,1563495,172,172,True,True,0x02,"NO_IRQ,OK,NO_IRQ,NO_IRQ","NONE,DELTA,NONE,NONE",
2.023213,2026-09-01T21:12:59.216+01:00,75162,1563496,172,172,True,True,0x02,"NO_IRQ,OK,NO_IRQ,NO_IRQ","NONE,DELTA,NONE,NONE",
2.033677,2026-09-01T21:12:59.221+01:00,75334,1563497,164,164,True,True,0x02,"NO_IRQ,OK,NO_IRQ,NO_IRQ","NONE,DELTA,NONE,NONE",
2.034333,2026-09-01T21:12:59.231+01:00,75498,1563498,178,178,True,True,0x02,"NO_IRQ,OK,NO_IRQ,NO_IRQ","NONE,DELTA,NONE,NONE",
2.038111,2026-09-01T21:12:59.232+01:00,75676,1563499,190,190,True,True,0x02,"NO_IRQ,OK,NO_IRQ,NO_IRQ","NONE,DELTA,NONE,NONE",
2.043259,2026-09-01T21:12:59.236+01:00,75866,1563500,198,198,True,True,0x02,"NO_IRQ,OK,NO_IRQ,NO_IRQ","NONE,DELTA,NONE,NONE",
2.049778,2026-09-01T21:12:59.241+01:00,76064,1563501,188,188,True,True,0x02,"NO_IRQ,OK,NO_IRQ,NO_IRQ","NONE,DELTA,NONE,NONE",
2.053310,2026-09-01T21:12:59.247+01:00,76252,1563502,180,180,True,True,0x02,"NO_IRQ,OK,NO_IRQ,NO_IRQ","NONE,DELTA,NONE,NONE",
2.057892,2026-09-01T21:12:59.251+01:00,76432,1563503,170,170,True,True,0x02,"NO_IRQ,OK,NO_IRQ,NO_IRQ","NONE,DELTA,NONE,NONE",
2.063603,2026-09-01T21:12:59.256+01:00,76602,1563504,174,174,True,True,0x02,"NO_IRQ,OK,NO_IRQ,NO_IRQ","NONE,DELTA,NONE,NONE",
2.069944,2026-09-01T21:12:59.261+01:00,76776,1563505,174,174,True,True,0x02,"NO_IRQ,OK,NO_IRQ,NO_IRQ","NONE,DELTA,NONE,NONE",
2.072839,2026-09-01T21:12:59.267+01:00,76950,1563506,194,194,True,True,0x02,"NO_IRQ,OK,NO_IRQ,NO_IRQ","NONE,DELTA,NONE,NONE",
2.078095,2026-09-01T21:12:59.270+01:00,77144,1563507,190,190,True,True,0x02,"NO_IRQ,OK,NO_IRQ,NO_IRQ","NONE,DELTA,NONE,NONE",
2.090033,2026-09-01T21:12:59.276+01:00,77334,1563508,190,190,True,True,0x02,"NO_IRQ,OK,NO_IRQ,NO_IRQ","NONE,DELTA,NONE,NONE",
2.090473,2026-09-01T21:12:59.288+01:00,77524,1563509,178,178,True,True,0x02,"NO_IRQ,OK,NO_IRQ,NO_IRQ","NONE,DELTA,NONE,NONE",
2.103338,2026-09-01T21:12:59.288+01:00,77702,1563510,170,170,True,True,0x02,"NO_IRQ,OK,NO_IRQ,NO_IRQ","NONE,DELTA,NONE,NONE",
2.104043,2026-09-01T21:12:59.301+01:00,77872,1563511,188,188,True,True,0x02,"NO_IRQ,OK,NO_IRQ,NO_IRQ","NONE,DELTA,NONE,NONE",
2.104841,2026-09-01T21:12:59.302+01:00,78060,1563512,178,178,True,True,0x02,"NO_IRQ,OK,NO_IRQ,NO_IRQ","NONE,DELTA,NONE,NONE",
2.107882,2026-09-01T21:12:59.302+01:00,78238,1563513,174,174,True,True,0x02,"NO_IRQ,OK,NO_IRQ,NO_IRQ","NONE,DELTA,NONE,NONE",
2.112897,2026-09-01T21:12:59.306+01:00,78412,1563514,182,182,True,True,0x02,"NO_IRQ,OK,NO_IRQ,NO_IRQ","NONE,DELTA,NONE,NONE",
2.120842,2026-09-01T21:12:59.310+01:00,78594,1563515,198,198,True,True,0x02,"NO_IRQ,OK,NO_IRQ,NO_IRQ","NONE,DELTA,NONE,NONE",
2.122996,2026-09-01T21:12:59.318+01:00,78792,1563516,186,186,True,True,0x02,"NO_IRQ,OK,NO_IRQ,NO_IRQ","NONE,DELTA,NONE,NONE",
2.127964,2026-09-01T21:12:59.320+01:00,78978,1563517,184,184,True,True,0x02,"NO_IRQ,OK,NO_IRQ,NO_IRQ","NONE,DELTA,NONE,NONE",
2.138039,2026-09-01T21:12:59.325+01:00,79162,1563518,200,200,True,True,0x02,"NO_IRQ,OK,NO_IRQ,NO_IRQ","NONE,DELTA,NONE,NONE",
2.138694,2026-09-01T21:12:59.336+01:00,79362,1563519,180,180,True,True,0x02,"NO_IRQ,OK,NO_IRQ,NO_IRQ","NONE,DELTA,NONE,NONE",
2.142893,2026-09-01T21:12:59.336+01:00,79542,1563520,174,174,True,True,0x02,"NO_IRQ,OK,NO_IRQ,NO_IRQ","NONE,DELTA,NONE,NONE",
2.148388,2026-09-01T21:12:59.340+01:00,79716,1563521,164,164,True,True,0x02,"NO_IRQ,OK,NO_IRQ,NO_IRQ","NONE,DELTA,NONE,NONE",
2.154194,2026-09-01T21:12:59.349+01:00,79880,1563522,182,182,True,True,0x02,"NO_IRQ,OK,NO_IRQ,NO_IRQ","NONE,DELTA,NONE,NONE",
2.157902,2026-09-01T21:12:59.352+01:00,80062,1563523,172,172,True,True,0x02,"NO_IRQ,OK,NO_IRQ,NO_IRQ","NONE,DELTA,NONE,NONE",
2.162982,2026-09-01T21:12:59.356+01:00,80234,1563524,178,178,True,True,0x02,"NO_IRQ,OK,NO_IRQ,NO_IRQ","NONE,DELTA,NONE,NONE",
2.170599,2026-09-01T21:12:59.361+01:00,80412,1563525,144,144,True,True,0x02,"NO_IRQ,OK,NO_IRQ,NO_IRQ","NONE,DELTA,NONE,NONE",
2.172615,2026-09-01T21:12:59.368+01:00,80556,1563526,180,180,True,True,0x02,"NO_IRQ,OK,NO_IRQ,NO_IRQ","NONE,DELTA,NONE,NONE",
2.177783,2026-09-01T21:12:59.370+01:00,80736,1563527,168,168,True,True,0x02,"NO_IRQ,OK,NO_IRQ,NO_IRQ","NONE,DELTA,NONE,NONE",
2.186748,2026-09-01T21:12:59.375+01:00,80904,1563528,198,198,True,True,0x02,"NO_IRQ,OK,NO_IRQ,NO_IRQ","NONE,DELTA,NONE,NONE",
2.187904,2026-09-01T21:12:59.384+01:00,81102,1563529,188,188,True,True,0x02,"NO_IRQ,OK,NO_IRQ,NO_IRQ","NONE,DELTA,NONE,NONE",
2.192867,2026-09-01T21:12:59.385+01:00,81290,1563530,196,196,True,True,0x02,"NO_IRQ,OK,NO_IRQ,NO_IRQ","NONE,DELTA,NONE,NONE",
2.202455,2026-09-01T21:12:59.390+01:00,81486,1563531,194,194,True,True,0x02,"NO_IRQ,OK,NO_IRQ,NO_IRQ","NONE,DELTA,NONE,NONE",
2.203109,2026-09-01T21:12:59.400+01:00,81680,1563532,158,158,True,True,0x02,"NO_IRQ,OK,NO_IRQ,NO_IRQ","NONE,DELTA,NONE,NONE",
2.208132,2026-09-01T21:12:59.401+01:00,81838,1563533,192,192,True,True,0x02,"NO_IRQ,OK,NO_IRQ,NO_IRQ","NONE,DELTA,NONE,NONE",
2.218373,2026-09-01T21:12:59.406+01:00,82030,1563534,172,172,True,True,0x02,"NO_IRQ,OK,NO_IRQ,NO_IRQ","NONE,DELTA,NONE,NONE",
2.218989,2026-09-01T21:12:59.416+01:00,82202,1563535,176,176,True,True,0x02,"NO_IRQ,OK,NO_IRQ,NO_IRQ","NONE,DELTA,NONE,NONE",
2.223301,2026-09-01T21:12:59.417+01:00,82378,1563536,196,196,True,True,0x02,"NO_IRQ,OK,NO_IRQ,NO_IRQ","NONE,DELTA,NONE,NONE",
2.228516,2026-09-01T21:12:59.421+01:00,82574,1563537,190,190,True,True,0x02,"NO_IRQ,OK,NO_IRQ,NO_IRQ","NONE,DELTA,NONE,NONE",
2.233233,2026-09-01T21:12:59.426+01:00,82764,1563538,174,174,True,True,0x02,"NO_IRQ,OK,NO_IRQ,NO_IRQ","NONE,DELTA,NONE,NONE",
2.237969,2026-09-01T21:12:59.431+01:00,82938,1563539,178,178,True,True,0x02,"NO_IRQ,OK,NO_IRQ,NO_IRQ","NONE,DELTA,NONE,NONE",
2.242462,2026-09-01T21:12:59.435+01:00,83116,1563540,188,188,True,True,0x02,"NO_IRQ,OK,NO_IRQ,NO_IRQ","NONE,DELTA,NONE,NONE",
2.247558,2026-09-01T21:12:59.440+01:00,83304,1563541,150,150,True,True,0x02,"NO_IRQ,OK,NO_IRQ,NO_IRQ","NONE,DELTA,NONE,NONE",
2.260303,2026-09-01T21:12:59.445+01:00,83454,1563542,188,188,True,True,0x02,"NO_IRQ,OK,NO_IRQ,NO_IRQ","NONE,DELTA,NONE,NONE",
2.260995,2026-09-01T21:12:59.458+01:00,83642,1563543,186,186,True,True,0x02,"NO_IRQ,OK,NO_IRQ,NO_IRQ","NONE,DELTA,NONE,NONE",
2.262499,2026-09-01T21:12:59.458+01:00,83828,1563544,204,204,True,True,0x02,"NO_IRQ,OK,NO_IRQ,NO_IRQ","NONE,DELTA,NONE,NONE",
2.267893,2026-09-01T21:12:59.460+01:00,84032,1563545,196,196,True,True,0x02,"NO_IRQ,OK,NO_IRQ,NO_IRQ","NONE,DELTA,NONE,NONE",
2.277723,2026-09-01T21:12:59.465+01:00,84228,1563546,168,168,True,True,0x02,"NO_IRQ,OK,NO_IRQ,NO_IRQ","NONE,DELTA,NONE,NONE",
2.278869,2026-09-01T21:12:59.475+01:00,84396,1563547,182,182,True,True,0x02,"NO_IRQ,OK,NO_IRQ,NO_IRQ","NONE,DELTA,NONE,NONE",
2.282820,2026-09-01T21:12:59.476+01:00,84578,1563548,176,176,True,True,0x02,"NO_IRQ,OK,NO_IRQ,NO_IRQ","NONE,DELTA,NONE,NONE",
2.288799,2026-09-01T21:12:59.480+01:00,84754,1563549,186,186,True,True,0x02,"NO_IRQ,OK,NO_IRQ,NO_IRQ","NONE,DELTA,NONE,NONE",
2.294113,2026-09-01T21:12:59.488+01:00,84940,1563550,176,176,True,True,0x02,"NO_IRQ,OK,NO_IRQ,NO_IRQ","NONE,DELTA,NONE,NONE",
2.298062,2026-09-01T21:12:59.492+01:00,85116,1563551,188,188,True,True,0x02,"NO_IRQ,OK,NO_IRQ,NO_IRQ","NONE,DELTA,NONE,NONE",
2.302520,2026-09-01T21:12:59.496+01:00,85304,1563552,180,180,True,True,0x02,"NO_IRQ,OK,NO_IRQ,NO_IRQ","NONE,DELTA,NONE,NONE",
2.309948,2026-09-01T21:12:59.500+01:00,85484,1563553,162,162,True,True,0x02,"NO_IRQ,OK,NO_IRQ,NO_IRQ","NONE,DELTA,NONE,NONE",
2.312591,2026-09-01T21:12:59.508+01:00,85646,1563554,190,190,True,True,0x02,"NO_IRQ,OK,NO_IRQ,NO_IRQ","NONE,DELTA,NONE,NONE",
2.317565,2026-09-01T21:12:59.510+01:00,85836,1563555,184,184,True,True,0x02,"NO_IRQ,OK,NO_IRQ,NO_IRQ","NONE,DELTA,NONE,NONE",
2.325828,2026-09-01T21:12:59.515+01:00,86020,1563556,172,172,True,True,0x02,"NO_IRQ,OK,NO_IRQ,NO_IRQ","NONE,DELTA,NONE,NONE",
2.327582,2026-09-01T21:12:59.523+01:00,86192,1563557,192,192,True,True,0x02,"NO_IRQ,OK,NO_IRQ,NO_IRQ","NONE,DELTA,NONE,NONE",
2.332612,2026-09-01T21:12:59.525+01:00,86384,1563558,192,192,True,True,0x02,"NO_IRQ,OK,NO_IRQ,NO_IRQ","NONE,DELTA,NONE,NONE",
2.341797,2026-09-01T21:12:59.530+01:00,86576,1563559,164,164,True,True,0x02,"NO_IRQ,OK,NO_IRQ,NO_IRQ","NONE,DELTA,NONE,NONE",
2.342583,2026-09-01T21:12:59.539+01:00,86740,1563560,190,190,True,True,0x02,"NO_IRQ,OK,NO_IRQ,NO_IRQ","NONE,DELTA,NONE,NONE",
2.348171,2026-09-01T21:12:59.540+01:00,86930,1563561,156,156,True,True,0x02,"NO_IRQ,OK,NO_IRQ,NO_IRQ","NONE,DELTA,NONE,NONE",
2.359098,2026-09-01T21:12:59.546+01:00,87086,1563562,182,182,True,True,0x02,"NO_IRQ,OK,NO_IRQ,NO_IRQ","NONE,DELTA,NONE,NONE",
2.359771,2026-09-01T21:12:59.557+01:00,87268,1563563,172,172,True,True,0x02,"NO_IRQ,OK,NO_IRQ,NO_IRQ","NONE,DELTA,NONE,NONE",
2.362463,2026-09-01T21:12:59.557+01:00,87440,1563564,166,166,True,True,0x02,"NO_IRQ,OK,NO_IRQ,NO_IRQ","NONE,DELTA,NONE,NONE",
2.367615,2026-09-01T21:12:59.560+01:00,87606,1563565,180,180,True,True,0x02,"NO_IRQ,OK,NO_IRQ,NO_IRQ","NONE,DELTA,NONE,NONE",
2.375658,2026-09-01T21:12:59.565+01:00,87786,1563566,206,206,True,True,0x02,"NO_IRQ,OK,NO_IRQ,NO_IRQ","NONE,DELTA,NONE,NONE",
2.377308,2026-09-01T21:12:59.573+01:00,87992,1563567,188,188,True,True,0x02,"NO_IRQ,OK,NO_IRQ,NO_IRQ","NONE,DELTA,NONE,NONE",
2.382400,2026-09-01T21:12:59.575+01:00,88180,1563568,196,196,True,True,0x02,"NO_IRQ,OK,NO_IRQ,NO_IRQ","NONE,DELTA,NONE,NONE",
2.388361,2026-09-01T21:12:59.580+01:00,88376,1563569,178,178,True,True,0x02,"NO_IRQ,OK,NO_IRQ,NO_IRQ","NONE,DELTA,NONE,NONE",
2.393065,2026-09-01T21:12:59.586+01:00,88554,1563570,174,174,True,True,0x02,"NO_IRQ,OK,NO_IRQ,NO_IRQ","NONE,DELTA,NONE,NONE",
2.397664,2026-09-01T21:12:59.591+01:00,88728,1563571,182,182,True,True,0x02,"NO_IRQ,OK,NO_IRQ,NO_IRQ","NONE,DELTA,NONE,NONE",
2.402262,2026-09-01T21:12:59.595+01:00,88910,1563572,196,196,True,True,0x02,"NO_IRQ,OK,NO_IRQ,NO_IRQ","NONE,DELTA,NONE,NONE",
2.412140,2026-09-01T21:12:59.600+01:00,89106,1563573,196,196,True,True,0x02,"NO_IRQ,OK,NO_IRQ,NO_IRQ","NONE,DELTA,NONE,NONE",
2.412462,2026-09-01T21:12:59.610+01:00,89302,1563574,176,176,True,True,0x02,"NO_IRQ,OK,NO_IRQ,NO_IRQ","NONE,DELTA,NONE,NONE",
2.425327,2026-09-01T21:12:59.610+01:00,89478,1563575,188,188,True,True,0x02,"NO_IRQ,OK,NO_IRQ,NO_IRQ","NONE,DELTA,NONE,NONE",
2.426032,2026-09-01T21:12:59.623+01:00,89666,1563576,178,178,True,True,0x02,"NO_IRQ,OK,NO_IRQ,NO_IRQ","NONE,DELTA,NONE,NONE",
2.427324,2026-09-01T21:12:59.623+01:00,89844,1563577,174,174,True,True,0x02,"NO_IRQ,OK,NO_IRQ,NO_IRQ","NONE,DELTA,NONE,NONE",
2.432389,2026-09-01T21:12:59.625+01:00,90018,1563578,194,194,True,True,0x02,"NO_IRQ,OK,NO_IRQ,NO_IRQ","NONE,DELTA,NONE,NONE",
2.441568,2026-09-01T21:12:59.630+01:00,90212,1563579,180,180,True,True,0x02,"NO_IRQ,OK,NO_IRQ,NO_IRQ","NONE,DELTA,NONE,NONE",
2.442639,2026-09-01T21:12:59.639+01:00,90392,1563580,182,182,True,True,0x02,"NO_IRQ,OK,NO_IRQ,NO_IRQ","NONE,DELTA,NONE,NONE",
2.447973,2026-09-01T21:12:59.640+01:00,90574,1563581,192,192,True,True,0x02,"NO_IRQ,OK,NO_IRQ,NO_IRQ","NONE,DELTA,NONE,NONE",
2.452100,2026-09-01T21:12:59.645+01:00,90766,1563582,150,150,True,True,0x02,"NO_IRQ,OK,NO_IRQ,NO_IRQ","NONE,DELTA,NONE,NONE",
2.458570,2026-09-01T21:12:59.650+01:00,90916,1563583,168,168,True,True,0x02,"NO_IRQ,OK,NO_IRQ,NO_IRQ","NONE,DELTA,NONE,NONE",
2.462446,2026-09-01T21:12:59.656+01:00,91084,1563584,198,198,True,True,0x02,"NO_IRQ,OK,NO_IRQ,NO_IRQ","NONE,DELTA,NONE,NONE",
2.467151,2026-09-01T21:12:59.660+01:00,91282,1563585,180,180,True,True,0x02,"NO_IRQ,OK,NO_IRQ,NO_IRQ","NONE,DELTA,NONE,NONE",
2.474867,2026-09-01T21:12:59.665+01:00,91462,1563586,176,176,True,True,0x02,"NO_IRQ,OK,NO_IRQ,NO_IRQ","NONE,DELTA,NONE,NONE",
2.477458,2026-09-01T21:12:59.672+01:00,91638,1563587,198,198,True,True,0x02,"NO_IRQ,OK,NO_IRQ,NO_IRQ","NONE,DELTA,NONE,NONE",
2.482661,2026-09-01T21:12:59.675+01:00,91836,1563588,190,190,True,True,0x02,"NO_IRQ,OK,NO_IRQ,NO_IRQ","NONE,DELTA,NONE,NONE",
2.492019,2026-09-01T21:12:59.680+01:00,92026,1563589,192,192,True,True,0x02,"NO_IRQ,OK,NO_IRQ,NO_IRQ","NONE,DELTA,NONE,NONE",
2.492909,2026-09-01T21:12:59.690+01:00,92218,1563590,150,150,True,True,0x02,"NO_IRQ,OK,NO_IRQ,NO_IRQ","NONE,DELTA,NONE,NONE",
2.498246,2026-09-01T21:12:59.690+01:00,92368,1563591,196,196,True,True,0x02,"NO_IRQ,OK,NO_IRQ,NO_IRQ","NONE,DELTA,NONE,NONE",
2.508308,2026-09-01T21:12:59.696+01:00,92564,1563592,186,186,True,True,0x02,"NO_IRQ,OK,NO_IRQ,NO_IRQ","NONE,DELTA,NONE,NONE",
2.508922,2026-09-01T21:12:59.706+01:00,92750,1563593,182,182,True,True,0x02,"NO_IRQ,OK,NO_IRQ,NO_IRQ","NONE,DELTA,NONE,NONE",
2.512242,2026-09-01T21:12:59.706+01:00,92932,1563594,160,160,True,True,0x02,"NO_IRQ,OK,NO_IRQ,NO_IRQ","NONE,DELTA,NONE,NONE",
2.517642,2026-09-01T21:12:59.710+01:00,93092,1563595,180,180,True,True,0x02,"NO_IRQ,OK,NO_IRQ,NO_IRQ","NONE,DELTA,NONE,NONE",
2.524879,2026-09-01T21:12:59.715+01:00,93272,1563596,180,180,True,True,0x02,"NO_IRQ,OK,NO_IRQ,NO_IRQ","NONE,DELTA,NONE,NONE",
2.527297,2026-09-01T21:12:59.723+01:00,93452,1563597,190,190,True,True,0x02,"NO_IRQ,OK,NO_IRQ,NO_IRQ","NONE,DELTA,NONE,NONE",
2.532265,2026-09-01T21:12:59.725+01:00,93642,1563598,170,170,True,True,0x02,"NO_IRQ,OK,NO_IRQ,NO_IRQ","NONE,DELTA,NONE,NONE",
2.542858,2026-09-01T21:12:59.730+01:00,93812,1563599,166,166,True,True,0x02,"NO_IRQ,OK,NO_IRQ,NO_IRQ","NONE,DELTA,NONE,NONE",
2.543476,2026-09-01T21:12:59.740+01:00,93978,1563600,184,184,True,True,0x02,"NO_IRQ,OK,NO_IRQ,NO_IRQ","NONE,DELTA,NONE,NONE",
2.547530,2026-09-01T21:12:59.741+01:00,94162,1563601,176,176,True,True,0x02,"NO_IRQ,OK,NO_IRQ,NO_IRQ","NONE,DELTA,NONE,NONE",
2.552271,2026-09-01T21:12:59.745+01:00,94338,1563602,174,174,True,True,0x02,"NO_IRQ,OK,NO_IRQ,NO_IRQ","NONE,DELTA,NONE,NONE",
2.558071,2026-09-01T21:12:59.750+01:00,94512,1563603,182,182,True,True,0x02,"NO_IRQ,OK,NO_IRQ,NO_IRQ","NONE,DELTA,NONE,NONE",
2.561904,2026-09-01T21:12:59.756+01:00,94694,1563604,176,176,True,True,0x02,"NO_IRQ,OK,NO_IRQ,NO_IRQ","NONE,DELTA,NONE,NONE",
2.566977,2026-09-01T21:12:59.759+01:00,94870,1563605,182,182,True,True,0x02,"NO_IRQ,OK,NO_IRQ,NO_IRQ","NONE,DELTA,NONE,NONE",
2.579822,2026-09-01T21:12:59.765+01:00,95052,1563606,188,188,True,True,0x02,"NO_IRQ,OK,NO_IRQ,NO_IRQ","NONE,DELTA,NONE,NONE",
2.583654,2026-09-01T21:12:59.780+01:00,95240,1563607,204,204,True,True,0x02,"NO_IRQ,OK,NO_IRQ,NO_IRQ","NONE,DELTA,NONE,NONE",
2.584644,2026-09-01T21:12:59.781+01:00,95444,1563608,190,190,True,True,0x02,"NO_IRQ,OK,NO_IRQ,NO_IRQ","NONE,DELTA,NONE,NONE",
2.587315,2026-09-01T21:12:59.782+01:00,95634,1563609,184,184,True,True,0x02,"NO_IRQ,OK,NO_IRQ,NO_IRQ","NONE,DELTA,NONE,NONE",
2.592015,2026-09-01T21:12:59.785+01:00,95818,1563610,186,186,True,True,0x02,"NO_IRQ,OK,NO_IRQ,NO_IRQ","NONE,DELTA,NONE,NONE",
2.600813,2026-09-01T21:12:59.790+01:00,96004,1563611,194,194,True,True,0x02,"NO_IRQ,OK,NO_IRQ,NO_IRQ","NONE,DELTA,NONE,NONE",
2.603104,2026-09-01T21:12:59.799+01:00,96198,1563612,176,176,True,True,0x02,"NO_IRQ,OK,NO_IRQ,NO_IRQ","NONE,DELTA,NONE,NONE",
2.607231,2026-09-01T21:12:59.801+01:00,96374,1563613,200,200,True,True,0x02,"NO_IRQ,OK,NO_IRQ,NO_IRQ","NONE,DELTA,NONE,NONE",
2.615627,2026-09-01T21:12:59.805+01:00,96574,1563614,162,162,True,True,0x02,"NO_IRQ,OK,NO_IRQ,NO_IRQ","NONE,DELTA,NONE,NONE",
2.619051,2026-09-01T21:12:59.816+01:00,96736,1563615,172,172,True,True,0x02,"NO_IRQ,OK,NO_IRQ,NO_IRQ","NONE,DELTA,NONE,NONE",
2.622018,2026-09-01T21:12:59.817+01:00,96908,1563616,180,180,True,True,0x02,"NO_IRQ,OK,NO_IRQ,NO_IRQ","NONE,DELTA,NONE,NONE",
2.626972,2026-09-01T21:12:59.820+01:00,97088,1563617,184,184,True,True,0x02,"NO_IRQ,OK,NO_IRQ,NO_IRQ","NONE,DELTA,NONE,NONE",
2.634886,2026-09-01T21:12:59.825+01:00,97272,1563618,204,204,True,True,0x02,"NO_IRQ,OK,NO_IRQ,NO_IRQ","NONE,DELTA,NONE,NONE",
2.637059,2026-09-01T21:12:59.832+01:00,97476,1563619,172,172,True,True,0x02,"NO_IRQ,OK,NO_IRQ,NO_IRQ","NONE,DELTA,NONE,NONE",
2.642308,2026-09-01T21:12:59.835+01:00,97648,1563620,164,164,True,True,0x02,"NO_IRQ,OK,NO_IRQ,NO_IRQ","NONE,DELTA,NONE,NONE",
2.652781,2026-09-01T21:12:59.840+01:00,97812,1563621,202,202,True,True,0x02,"NO_IRQ,OK,NO_IRQ,NO_IRQ","NONE,DELTA,NONE,NONE",
2.653499,2026-09-01T21:12:59.850+01:00,98014,1563622,162,162,True,True,0x02,"NO_IRQ,OK,NO_IRQ,NO_IRQ","NONE,DELTA,NONE,NONE",
2.657005,2026-09-01T21:12:59.851+01:00,98176,1563623,188,188,True,True,0x02,"NO_IRQ,OK,NO_IRQ,NO_IRQ","NONE,DELTA,NONE,NONE",
2.661900,2026-09-01T21:12:59.854+01:00,98364,1563624,178,178,True,True,0x02,"NO_IRQ,OK,NO_IRQ,NO_IRQ","NONE,DELTA,NONE,NONE",
2.669002,2026-09-01T21:12:59.860+01:00,98542,1563625,178,178,True,True,0x02,"NO_IRQ,OK,NO_IRQ,NO_IRQ","NONE,DELTA,NONE,NONE",
2.671922,2026-09-01T21:12:59.867+01:00,98720,1563626,176,176,True,True,0x02,"NO_IRQ,OK,NO_IRQ,NO_IRQ","NONE,DELTA,NONE,NONE",
2.676966,2026-09-01T21:12:59.870+01:00,98896,1563627,194,194,True,True,0x02,"NO_IRQ,OK,NO_IRQ,NO_IRQ","NONE,DELTA,NONE,NONE",
2.685240,2026-09-01T21:12:59.874+01:00,99090,1563628,196,196,True,True,0x02,"NO_IRQ,OK,NO_IRQ,NO_IRQ","NONE,DELTA,NONE,NONE",
2.686732,2026-09-01T21:12:59.883+01:00,99286,1563629,158,158,True,True,0x02,"NO_IRQ,OK,NO_IRQ,NO_IRQ","NONE,DELTA,NONE,NONE",
2.691887,2026-09-01T21:12:59.884+01:00,99444,1563630,156,156,True,True,0x02,"NO_IRQ,OK,NO_IRQ,NO_IRQ","NONE,DELTA,NONE,NONE",
2.702258,2026-09-01T21:12:59.889+01:00,99600,1563631,192,192,True,True,0x02,"NO_IRQ,OK,NO_IRQ,NO_IRQ","NONE,DELTA,NONE,NONE",
2.702891,2026-09-01T21:12:59.900+01:00,99792,1563632,202,202,True,True,0x02,"NO_IRQ,OK,NO_IRQ,NO_IRQ","NONE,DELTA,NONE,NONE",
2.706933,2026-09-01T21:12:59.900+01:00,99994,1563633,174,174,True,True,0x02,"NO_IRQ,OK,NO_IRQ,NO_IRQ","NONE,DELTA,NONE,NONE",
2.711756,2026-09-01T21:12:59.904+01:00,100168,1563634,156,156,True,True,0x02,"NO_IRQ,OK,NO_IRQ,NO_IRQ","NONE,DELTA,NONE,NONE",
2.717748,2026-09-01T21:12:59.909+01:00,100324,1563635,164,164,True,True,0x02,"NO_IRQ,OK,NO_IRQ,NO_IRQ","NONE,DELTA,NONE,NONE",
2.721596,2026-09-01T21:12:59.915+01:00,100488,1563636,164,164,True,True,0x02,"NO_IRQ,OK,NO_IRQ,NO_IRQ","NONE,DELTA,NONE,NONE",
2.726588,2026-09-01T21:12:59.919+01:00,100652,1563637,162,162,True,True,0x02,"NO_IRQ,OK,NO_IRQ,NO_IRQ","NONE,DELTA,NONE,NONE",
2.738543,2026-09-01T21:12:59.924+01:00,100814,1563638,188,188,True,True,0x02,"NO_IRQ,OK,NO_IRQ,NO_IRQ","NONE,DELTA,NONE,NONE",
2.738886,2026-09-01T21:12:59.936+01:00,101002,1563639,194,194,True,True,0x02,"NO_IRQ,OK,NO_IRQ,NO_IRQ","NONE,DELTA,NONE,NONE",
2.752041,2026-09-01T21:12:59.936+01:00,101196,1563640,180,180,True,True,0x02,"NO_IRQ,OK,NO_IRQ,NO_IRQ","NONE,DELTA,NONE,NONE",
2.752714,2026-09-01T21:12:59.950+01:00,101376,1563641,156,156,True,True,0x02,"NO_IRQ,OK,NO_IRQ,NO_IRQ","NONE,DELTA,NONE,NONE",
2.753440,2026-09-01T21:12:59.950+01:00,101532,1563642,158,158,True,True,0x02,"NO_IRQ,OK,NO_IRQ,NO_IRQ","NONE,DELTA,NONE,NONE",
2.756685,2026-09-01T21:12:59.951+01:00,101690,1563643,176,176,True,True,0x02,"NO_IRQ,OK,NO_IRQ,NO_IRQ","NONE,DELTA,NONE,NONE",
2.761916,2026-09-01T21:12:59.954+01:00,101866,1563644,190,190,True,True,0x02,"NO_IRQ,OK,NO_IRQ,NO_IRQ","NONE,DELTA,NONE,NONE",
2.769437,2026-09-01T21:12:59.959+01:00,102056,1563645,192,192,True,True,0x02,"NO_IRQ,OK,NO_IRQ,NO_IRQ","NONE,DELTA,NONE,NONE",
2.771849,2026-09-01T21:12:59.967+01:00,102248,1563646,166,166,True,True,0x02,"NO_IRQ,OK,NO_IRQ,NO_IRQ","NONE,DELTA,NONE,NONE",
2.776628,2026-09-01T21:12:59.969+01:00,102414,1563647,168,168,True,True,0x02,"NO_IRQ,OK,NO_IRQ,NO_IRQ","NONE,DELTA,NONE,NONE",
2.785209,2026-09-01T21:12:59.974+01:00,102582,1563648,186,186,True,True,0x02,"NO_IRQ,OK,NO_IRQ,NO_IRQ","NONE,DELTA,NONE,NONE",
2.786638,2026-09-01T21:12:59.983+01:00,102768,1563649,156,156,True,True,0x02,"NO_IRQ,OK,NO_IRQ,NO_IRQ","NONE,DELTA,NONE,NONE",
2.791790,2026-09-01T21:12:59.984+01:00,102924,1563650,182,182,True,True,0x02,"NO_IRQ,OK,NO_IRQ,NO_IRQ","NONE,DELTA,NONE,NONE",
2.799429,2026-09-01T21:12:59.989+01:00,103106,1563651,172,172,True,True,0x02,"NO_IRQ,OK,NO_IRQ,NO_IRQ","NONE,DELTA,NONE,NONE",
2.802471,2026-09-01T21:12:59.999+01:00,103278,1563652,184,184,True,True,0x02,"NO_IRQ,OK,NO_IRQ,NO_IRQ","NONE,DELTA,NONE,NONE",
2.807193,2026-09-01T21:13:00.000+01:00,103462,1563653,166,166,True,True,0x02,"NO_IRQ,OK,NO_IRQ,NO_IRQ","NONE,DELTA,NONE,NONE",
2.811909,2026-09-01T21:13:00.005+01:00,103628,1563654,176,176,True,True,0x02,"NO_IRQ,OK,NO_IRQ,NO_IRQ","NONE,DELTA,NONE,NONE",
2.820630,2026-09-01T21:13:00.009+01:00,103804,1563655,180,180,True,True,0x02,"NO_IRQ,OK,NO_IRQ,NO_IRQ","NONE,DELTA,NONE,NONE",
2.821508,2026-09-01T21:13:00.018+01:00,103984,1563656,184,184,True,True,0x02,"NO_IRQ,OK,NO_IRQ,NO_IRQ","NONE,DELTA,NONE,NONE",
2.826617,2026-09-01T21:13:00.019+01:00,104168,1563657,186,186,True,True,0x02,"NO_IRQ,OK,NO_IRQ,NO_IRQ","NONE,DELTA,NONE,NONE",
2.837611,2026-09-01T21:13:00.024+01:00,104354,1563658,206,206,True,True,0x02,"NO_IRQ,OK,NO_IRQ,NO_IRQ","NONE,DELTA,NONE,NONE",
2.838461,2026-09-01T21:13:00.035+01:00,104560,1563659,182,182,True,True,0x02,"NO_IRQ,OK,NO_IRQ,NO_IRQ","NONE,DELTA,NONE,NONE",
2.841793,2026-09-01T21:13:00.036+01:00,104742,1563660,190,190,True,True,0x02,"NO_IRQ,OK,NO_IRQ,NO_IRQ","NONE,DELTA,NONE,NONE",
2.846641,2026-09-01T21:13:00.039+01:00,104932,1563661,178,178,True,True,0x02,"NO_IRQ,OK,NO_IRQ,NO_IRQ","NONE,DELTA,NONE,NONE",
2.853454,2026-09-01T21:13:00.044+01:00,105110,1563662,188,188,True,True,0x02,"NO_IRQ,OK,NO_IRQ,NO_IRQ","NONE,DELTA,NONE,NONE",
2.856645,2026-09-01T21:13:00.051+01:00,105298,1563663,196,196,True,True,0x02,"NO_IRQ,OK,NO_IRQ,NO_IRQ","NONE,DELTA,NONE,NONE",
2.861481,2026-09-01T21:13:00.054+01:00,105494,1563664,160,160,True,True,0x02,"NO_IRQ,OK,NO_IRQ,NO_IRQ","NONE,DELTA,NONE,NONE",
2.868754,2026-09-01T21:13:00.059+01:00,105654,1563665,164,164,True,True,0x02,"NO_IRQ,OK,NO_IRQ,NO_IRQ","NONE,DELTA,NONE,NONE",
2.871730,2026-09-01T21:13:00.066+01:00,105818,1563666,176,176,True,True,0x02,"NO_IRQ,OK,NO_IRQ,NO_IRQ","NONE,DELTA,NONE,NONE",
2.876559,2026-09-01T21:13:00.069+01:00,105994,1563667,178,178,True,True,0x02,"NO_IRQ,OK,NO_IRQ,NO_IRQ","NONE,DELTA,NONE,NONE",
2.882428,2026-09-01T21:13:00.074+01:00,106172,1563668,150,150,True,True,0x02,"NO_IRQ,OK,NO_IRQ,NO_IRQ","NONE,DELTA,NONE,NONE",
2.887132,2026-09-01T21:13:00.080+01:00,106322,1563669,186,186,True,True,0x02,"NO_IRQ,OK,NO_IRQ,NO_IRQ","NONE,DELTA,NONE,NONE",
2.892212,2026-09-01T21:13:00.085+01:00,106508,1563670,1084,1084,True,True,0x02,"NO_IRQ,OK,NO_IRQ,NO_IRQ","NONE,DELTA_SYNC,NONE,NONE",
2.896379,2026-09-01T21:13:00.090+01:00,107592,1563671,244,244,True,True,0x02,"NO_IRQ,OK,NO_IRQ,NO_IRQ","NONE,DELTA,NONE,NONE",
2.909842,2026-09-01T21:13:00.094+01:00,107836,1563672,246,246,True,True,0x02,"NO_IRQ,OK,NO_IRQ,NO_IRQ","NONE,DELTA,NONE,NONE",
2.910450,2026-09-01T21:13:00.107+01:00,108082,1563673,188,188,True,True,0x02,"NO_IRQ,OK,NO_IRQ,NO_IRQ","NONE,DELTA,NONE,NONE",
2.911336,2026-09-01T21:13:00.108+01:00,108270,1563674,172,172,True,True,0x02,"NO_IRQ,OK,NO_IRQ,NO_IRQ","NONE,DELTA,NONE,NONE",
2.916811,2026-09-01T21:13:00.109+01:00,108442,1563675,198,198,True,True,0x02,"NO_IRQ,OK,NO_IRQ,NO_IRQ","NONE,DELTA,NONE,NONE",
2.926336,2026-09-01T21:13:00.114+01:00,108640,1563676,186,186,True,True,0x02,"NO_IRQ,OK,NO_IRQ,NO_IRQ","NONE,DELTA,NONE,NONE",
2.926908,2026-09-01T21:13:00.124+01:00,108826,1563677,196,196,True,True,0x02,"NO_IRQ,OK,NO_IRQ,NO_IRQ","NONE,DELTA,NONE,NONE",
2.931405,2026-09-01T21:13:00.124+01:00,109022,1563678,180,180,True,True,0x02,"NO_IRQ,OK,NO_IRQ,NO_IRQ","NONE,DELTA,NONE,NONE",
2.941873,2026-09-01T21:13:00.129+01:00,109202,1563679,200,200,True,True,0x02,"NO_IRQ,OK,NO_IRQ,NO_IRQ","NONE,DELTA,NONE,NONE",
2.942460,2026-09-01T21:13:00.139+01:00,109402,1563680,186,186,True,True,0x02,"NO_IRQ,OK,NO_IRQ,NO_IRQ","NONE,DELTA,NONE,NONE",
2.946486,2026-09-01T21:13:00.140+01:00,109588,1563681,190,190,True,True,0x02,"NO_IRQ,OK,NO_IRQ,NO_IRQ","NONE,DELTA,NONE,NONE",
2.951240,2026-09-01T21:13:00.144+01:00,109778,1563682,180,180,True,True,0x02,"NO_IRQ,OK,NO_IRQ,NO_IRQ","NONE,DELTA,NONE,NONE",
2.957499,2026-09-01T21:13:00.149+01:00,109958,1563683,172,172,True,True,0x02,"NO_IRQ,OK,NO_IRQ,NO_IRQ","NONE,DELTA,NONE,NONE",
2.961419,2026-09-01T21:13:00.155+01:00,110130,1563684,182,182,True,True,0x02,"NO_IRQ,OK,NO_IRQ,NO_IRQ","NONE,DELTA,NONE,NONE",
2.966267,2026-09-01T21:13:00.159+01:00,110312,1563685,188,188,True,True,0x02,"NO_IRQ,OK,NO_IRQ,NO_IRQ","NONE,DELTA,NONE,NONE",
2.972513,2026-09-01T21:13:00.164+01:00,110500,1563686,176,176,True,True,0x02,"NO_IRQ,OK,NO_IRQ,NO_IRQ","NONE,DELTA,NONE,NONE",
2.976270,2026-09-01T21:13:00.170+01:00,110676,1563687,156,156,True,True,0x02,"NO_IRQ,OK,NO_IRQ,NO_IRQ","NONE,DELTA,NONE,NONE",
2.981332,2026-09-01T21:13:00.174+01:00,110832,1563688,164,164,True,True,0x02,"NO_IRQ,OK,NO_IRQ,NO_IRQ","NONE,DELTA,NONE,NONE",
2.988291,2026-09-01T21:13:00.179+01:00,110996,1563689,170,170,True,True,0x02,"NO_IRQ,OK,NO_IRQ,NO_IRQ","NONE,DELTA,NONE,NONE",
2.991413,2026-09-01T21:13:00.186+01:00,111166,1563690,188,188,True,True,0x02,"NO_IRQ,OK,NO_IRQ,NO_IRQ","NONE,DELTA,NONE,NONE",
2.996530,2026-09-01T21:13:00.189+01:00,111354,1563691,180,180,True,True,0x02,"NO_IRQ,OK,NO_IRQ,NO_IRQ","NONE,DELTA,NONE,NONE",
3.004766,2026-09-01T21:13:00.194+01:00,111534,1563692,174,174,True,True,0x02,"NO_IRQ,OK,NO_IRQ,NO_IRQ","NONE,DELTA,NONE,NONE",
3.006412,2026-09-01T21:13:00.202+01:00,111708,1563693,204,204,True,True,0x02,"NO_IRQ,OK,NO_IRQ,NO_IRQ","NONE,DELTA,NONE,NONE",
3.011274,2026-09-01T21:13:00.204+01:00,111912,1563694,192,192,True,True,0x02,"NO_IRQ,OK,NO_IRQ,NO_IRQ","NONE,DELTA,NONE,NONE",
3.016243,2026-09-01T21:13:00.209+01:00,112104,1563695,192,192,True,True,0x02,"NO_IRQ,OK,NO_IRQ,NO_IRQ","NONE,DELTA,NONE,NONE",
3.022910,2026-09-01T21:13:00.214+01:00,112296,1563696,186,186,True,True,0x02,"NO_IRQ,OK,NO_IRQ,NO_IRQ","NONE,DELTA,NONE,NONE",
3.026644,2026-09-01T21:13:00.221+01:00,112482,1563697,212,212,True,True,0x02,"NO_IRQ,OK,NO_IRQ,NO_IRQ","NONE,DELTA,NONE,NONE",
3.031600,2026-09-01T21:13:00.224+01:00,112694,1563698,192,192,True,True,0x02,"NO_IRQ,OK,NO_IRQ,NO_IRQ","NONE,DELTA,NONE,NONE",
3.037006,2026-09-01T21:13:00.229+01:00,112886,1563699,180,180,True,True,0x02,"NO_IRQ,OK,NO_IRQ,NO_IRQ","NONE,DELTA,NONE,NONE",
3.041502,2026-09-01T21:13:00.234+01:00,113066,1563700,188,188,True,True,0x02,"NO_IRQ,OK,NO_IRQ,NO_IRQ","NONE,DELTA,NONE,NONE",
3.046560,2026-09-01T21:13:00.239+01:00,113254,1563701,198,198,True,True,0x02,"NO_IRQ,OK,NO_IRQ,NO_IRQ","NONE,DELTA,NONE,NONE",
3.051094,2026-09-01T21:13:00.244+01:00,113452,1563702,200,200,True,True,0x02,"NO_IRQ,OK,NO_IRQ,NO_IRQ","NONE,DELTA,NONE,NONE",
3.059556,2026-09-01T21:13:00.249+01:00,113652,1563703,170,170,True,True,0x02,"NO_IRQ,OK,NO_IRQ,NO_IRQ","NONE,DELTA,NONE,NONE",
3.060998,2026-09-01T21:13:00.257+01:00,113822,1563704,176,176,True,True,0x02,"NO_IRQ,OK,NO_IRQ,NO_IRQ","NONE,DELTA,NONE,NONE",
3.073527,2026-09-01T21:13:00.258+01:00,113998,1563705,166,166,True,True,0x02,"NO_IRQ,OK,NO_IRQ,NO_IRQ","NONE,DELTA,NONE,NONE",
3.074276,2026-09-01T21:13:00.271+01:00,114164,1563706,158,158,True,True,0x02,"NO_IRQ,OK,NO_IRQ,NO_IRQ","NONE,DELTA,NONE,NONE",
3.076084,2026-09-01T21:13:00.272+01:00,114322,1563707,166,166,True,True,0x02,"NO_IRQ,OK,NO_IRQ,NO_IRQ","NONE,DELTA,NONE,NONE",
3.081393,2026-09-01T21:13:00.274+01:00,114488,1563708,176,176,True,True,0x02,"NO_IRQ,OK,NO_IRQ,NO_IRQ","NONE,DELTA,NONE,NONE",
3.090592,2026-09-01T21:13:00.279+01:00,114664,1563709,178,178,True,True,0x02,"NO_IRQ,OK,NO_IRQ,NO_IRQ","NONE,DELTA,NONE,NONE",
3.091183,2026-09-01T21:13:00.288+01:00,114842,1563710,168,168,True,True,0x02,"NO_IRQ,OK,NO_IRQ,NO_IRQ","NONE,DELTA,NONE,NONE",
3.096120,2026-09-01T21:13:00.289+01:00,115010,1563711,172,172,True,True,0x02,"NO_IRQ,OK,NO_IRQ,NO_IRQ","NONE,DELTA,NONE,NONE",
3.106117,2026-09-01T21:13:00.294+01:00,115182,1563712,204,204,True,True,0x02,"NO_IRQ,OK,NO_IRQ,NO_IRQ","NONE,DELTA,NONE,NONE",
3.106899,2026-09-01T21:13:00.304+01:00,115386,1563713,172,172,True,True,0x02,"NO_IRQ,OK,NO_IRQ,NO_IRQ","NONE,DELTA,NONE,NONE",
3.111287,2026-09-01T21:13:00.304+01:00,115558,1563714,184,184,True,True,0x02,"NO_IRQ,OK,NO_IRQ,NO_IRQ","NONE,DELTA,NONE,NONE",
3.121977,2026-09-01T21:13:00.309+01:00,115742,1563715,162,162,True,True,0x02,"NO_IRQ,OK,NO_IRQ,NO_IRQ","NONE,DELTA,NONE,NONE",
3.122735,2026-09-01T21:13:00.319+01:00,115904,1563716,152,152,True,True,0x02,"NO_IRQ,OK,NO_IRQ,NO_IRQ","NONE,DELTA,NONE,NONE",
3.126135,2026-09-01T21:13:00.320+01:00,116056,1563717,190,190,True,True,0x02,"NO_IRQ,OK,NO_IRQ,NO_IRQ","NONE,DELTA,NONE,NONE",
3.131541,2026-09-01T21:13:00.324+01:00,116246,1563718,160,160,True,True,0x02,"NO_IRQ,OK,NO_IRQ,NO_IRQ","NONE,DELTA,NONE,NONE",
3.138586,2026-09-01T21:13:00.329+01:00,116406,1563719,180,180,True,True,0x02,"NO_IRQ,OK,NO_IRQ,NO_IRQ","NONE,DELTA,NONE,NONE",
3.141055,2026-09-01T21:13:00.336+01:00,116586,1563720,140,140,True,True,0x02,"NO_IRQ,OK,NO_IRQ,NO_IRQ","NONE,DELTA,NONE,NONE",
3.145843,2026-09-01T21:13:00.339+01:00,116726,1563721,168,168,True,True,0x02,"NO_IRQ,OK,NO_IRQ,NO_IRQ","NONE,DELTA,NONE,NONE",
3.155366,2026-09-01T21:13:00.343+01:00,116894,1563722,178,178,True,True,0x02,"NO_IRQ,OK,NO_IRQ,NO_IRQ","NONE,DELTA,NONE,NONE",
3.156348,2026-09-01T21:13:00.353+01:00,117072,1563723,186,186,True,True,0x02,"NO_IRQ,OK,NO_IRQ,NO_IRQ","NONE,DELTA,NONE,NONE",
3.161263,2026-09-01T21:13:00.354+01:00,117258,1563724,174,174,True,True,0x02,"NO_IRQ,OK,NO_IRQ,NO_IRQ","NONE,DELTA,NONE,NONE",
3.171356,2026-09-01T21:13:00.359+01:00,117432,1563725,180,180,True,True,0x02,"NO_IRQ,OK,NO_IRQ,NO_IRQ","NONE,DELTA,NONE,NONE",
3.171973,2026-09-01T21:13:00.369+01:00,117612,1563726,210,210,True,True,0x02,"NO_IRQ,OK,NO_IRQ,NO_IRQ","NONE,DELTA,NONE,NONE",
3.176175,2026-09-01T21:13:00.369+01:00,117822,1563727,192,192,True,True,0x02,"NO_IRQ,OK,NO_IRQ,NO_IRQ","NONE,DELTA,NONE,NONE",
3.186898,2026-09-01T21:13:00.374+01:00,118014,1563728,178,178,True,True,0x02,"NO_IRQ,OK,NO_IRQ,NO_IRQ","NONE,DELTA,NONE,NONE",
3.187519,2026-09-01T21:13:00.384+01:00,118192,1563729,202,202,True,True,0x02,"NO_IRQ,OK,NO_IRQ,NO_IRQ","NONE,DELTA,NONE,NONE",
3.191022,2026-09-01T21:13:00.385+01:00,118394,1563730,172,172,True,True,0x02,"NO_IRQ,OK,NO_IRQ,NO_IRQ","NONE,DELTA,NONE,NONE",
3.195934,2026-09-01T21:13:00.388+01:00,118566,1563731,180,180,True,True,0x02,"NO_IRQ,OK,NO_IRQ,NO_IRQ","NONE,DELTA,NONE,NONE",
3.202129,2026-09-01T21:13:00.393+01:00,118746,1563732,174,174,True,True,0x02,"NO_IRQ,OK,NO_IRQ,NO_IRQ","NONE,DELTA,NONE,NONE",
3.205858,2026-09-01T21:13:00.400+01:00,118920,1563733,178,178,True,True,0x02,"NO_IRQ,OK,NO_IRQ,NO_IRQ","NONE,DELTA,NONE,NONE",
3.210721,2026-09-01T21:13:00.403+01:00,119098,1563734,168,168,True,True,0x02,"NO_IRQ,OK,NO_IRQ,NO_IRQ","NONE,DELTA,NONE,NONE",
3.226470,2026-09-01T21:13:00.408+01:00,119266,1563735,188,188,True,True,0x02,"NO_IRQ,OK,NO_IRQ,NO_IRQ","NONE,DELTA,NONE,NONE",
3.227501,2026-09-01T21:13:00.424+01:00,119454,1563736,176,176,True,True,0x02,"NO_IRQ,OK,NO_IRQ,NO_IRQ","NONE,DELTA,NONE,NONE",
3.228387,2026-09-01T21:13:00.425+01:00,119630,1563737,188,188,True,True,0x02,"NO_IRQ,OK,NO_IRQ,NO_IRQ","NONE,DELTA,NONE,NONE",
3.231094,2026-09-01T21:13:00.426+01:00,119818,1563738,172,172,True,True,0x02,"NO_IRQ,OK,NO_IRQ,NO_IRQ","NONE,DELTA,NONE,NONE",
3.236095,2026-09-01T21:13:00.429+01:00,119990,1563739,182,182,True,True,0x02,"NO_IRQ,OK,NO_IRQ,NO_IRQ","NONE,DELTA,NONE,NONE",
3.244539,2026-09-01T21:13:00.434+01:00,120172,1563740,178,178,True,True,0x02,"NO_IRQ,OK,NO_IRQ,NO_IRQ","NONE,DELTA,NONE,NONE",
3.245926,2026-09-01T21:13:00.442+01:00,120350,1563741,182,182,True,True,0x02,"NO_IRQ,OK,NO_IRQ,NO_IRQ","NONE,DELTA,NONE,NONE",
3.250994,2026-09-01T21:13:00.443+01:00,120532,1563742,192,192,True,True,0x02,"NO_IRQ,OK,NO_IRQ,NO_IRQ","NONE,DELTA,NONE,NONE",
3.259843,2026-09-01T21:13:00.448+01:00,120724,1563743,158,158,True,True,0x02,"NO_IRQ,OK,NO_IRQ,NO_IRQ","NONE,DELTA,NONE,NONE",
3.260792,2026-09-01T21:13:00.457+01:00,120882,1563744,194,194,True,True,0x02,"NO_IRQ,OK,NO_IRQ,NO_IRQ","NONE,DELTA,NONE,NONE",
3.265993,2026-09-01T21:13:00.458+01:00,121076,1563745,186,186,True,True,0x02,"NO_IRQ,OK,NO_IRQ,NO_IRQ","NONE,DELTA,NONE,NONE",
3.276297,2026-09-01T21:13:00.463+01:00,121262,1563746,176,176,True,True,0x02,"NO_IRQ,OK,NO_IRQ,NO_IRQ","NONE,DELTA,NONE,NONE",
3.276934,2026-09-01T21:13:00.474+01:00,121438,1563747,154,154,True,True,0x02,"NO_IRQ,OK,NO_IRQ,NO_IRQ","NONE,DELTA,NONE,NONE",
3.280904,2026-09-01T21:13:00.474+01:00,121592,1563748,180,180,True,True,0x02,"NO_IRQ,OK,NO_IRQ,NO_IRQ","NONE,DELTA,NONE,NONE",
3.285810,2026-09-01T21:13:00.479+01:00,121772,1563749,190,190,True,True,0x02,"NO_IRQ,OK,NO_IRQ,NO_IRQ","NONE,DELTA,NONE,NONE",
3.292223,2026-09-01T21:13:00.483+01:00,121962,1563750,160,160,True,True,0x02,"NO_IRQ,OK,NO_IRQ,NO_IRQ","NONE,DELTA,NONE,NONE",
3.296055,2026-09-01T21:13:00.490+01:00,122122,1563751,172,172,True,True,0x02,"NO_IRQ,OK,NO_IRQ,NO_IRQ","NONE,DELTA,NONE,NONE",
3.300827,2026-09-01T21:13:00.494+01:00,122294,1563752,160,160,True,True,0x02,"NO_IRQ,OK,NO_IRQ,NO_IRQ","NONE,DELTA,NONE,NONE",
3.308170,2026-09-01T21:13:00.498+01:00,122454,1563753,162,162,True,True,0x02,"NO_IRQ,OK,NO_IRQ,NO_IRQ","NONE,DELTA,NONE,NONE",
3.310847,2026-09-01T21:13:00.506+01:00,122616,1563754,178,178,True,True,0x02,"NO_IRQ,OK,NO_IRQ,NO_IRQ","NONE,DELTA,NONE,NONE",
3.315735,2026-09-01T21:13:00.508+01:00,122794,1563755,184,184,True,True,0x02,"NO_IRQ,OK,NO_IRQ,NO_IRQ","NONE,DELTA,NONE,NONE",
3.325305,2026-09-01T21:13:00.514+01:00,122978,1563756,204,204,True,True,0x02,"NO_IRQ,OK,NO_IRQ,NO_IRQ","NONE,DELTA,NONE,NONE",
3.325896,2026-09-01T21:13:00.523+01:00,123182,1563757,184,184,True,True,0x02,"NO_IRQ,OK,NO_IRQ,NO_IRQ","NONE,DELTA,NONE,NONE",
3.330903,2026-09-01T21:13:00.524+01:00,123366,1563758,192,192,True,True,0x02,"NO_IRQ,OK,NO_IRQ,NO_IRQ","NONE,DELTA,NONE,NONE",
3.341306,2026-09-01T21:13:00.529+01:00,123558,1563759,166,166,True,True,0x02,"NO_IRQ,OK,NO_IRQ,NO_IRQ","NONE,DELTA,NONE,NONE",
3.341934,2026-09-01T21:13:00.539+01:00,123724,1563760,182,182,True,True,0x02,"NO_IRQ,OK,NO_IRQ,NO_IRQ","NONE,DELTA,NONE,NONE",
3.345745,2026-09-01T21:13:00.539+01:00,123906,1563761,176,176,True,True,0x02,"NO_IRQ,OK,NO_IRQ,NO_IRQ","NONE,DELTA,NONE,NONE",
3.351081,2026-09-01T21:13:00.543+01:00,124082,1563762,186,186,True,True,0x02,"NO_IRQ,OK,NO_IRQ,NO_IRQ","NONE,DELTA,NONE,NONE",
3.355922,2026-09-01T21:13:00.549+01:00,124268,1563763,196,196,True,True,0x02,"NO_IRQ,OK,NO_IRQ,NO_IRQ","NONE,DELTA,NONE,NONE",
3.360630,2026-09-01T21:13:00.553+01:00,124464,1563764,186,186,True,True,0x02,"NO_IRQ,OK,NO_IRQ,NO_IRQ","NONE,DELTA,NONE,NONE",
3.365516,2026-09-01T21:13:00.558+01:00,124650,1563765,156,156,True,True,0x02,"NO_IRQ,OK,NO_IRQ,NO_IRQ","NONE,DELTA,NONE,NONE",
3.370410,2026-09-01T21:13:00.563+01:00,124806,1563766,194,194,True,True,0x02,"NO_IRQ,OK,NO_IRQ,NO_IRQ","NONE,DELTA,NONE,NONE",
3.379805,2026-09-01T21:13:00.568+01:00,125000,1563767,178,178,True,True,0x02,"NO_IRQ,OK,NO_IRQ,NO_IRQ","NONE,DELTA,NONE,NONE",
3.380428,2026-09-01T21:13:00.577+01:00,125178,1563768,184,184,True,True,0x02,"NO_IRQ,OK,NO_IRQ,NO_IRQ","NONE,DELTA,NONE,NONE",
3.393181,2026-09-01T21:13:00.578+01:00,125362,1563769,166,166,True,True,0x02,"NO_IRQ,OK,NO_IRQ,NO_IRQ","NONE,DELTA,NONE,NONE",
3.393845,2026-09-01T21:13:00.591+01:00,125528,1563770,182,182,True,True,0x02,"NO_IRQ,OK,NO_IRQ,NO_IRQ","NONE,DELTA,NONE,NONE",
3.396080,2026-09-01T21:13:00.591+01:00,125710,1563771,194,194,True,True,0x02,"NO_IRQ,OK,NO_IRQ,NO_IRQ","NONE,DELTA,NONE,NONE",
3.401120,2026-09-01T21:13:00.594+01:00,125904,1563772,204,204,True,True,0x02,"NO_IRQ,OK,NO_IRQ,NO_IRQ","NONE,DELTA,NONE,NONE",
3.410129,2026-09-01T21:13:00.599+01:00,126108,1563773,176,176,True,True,0x02,"NO_IRQ,OK,NO_IRQ,NO_IRQ","NONE,DELTA,NONE,NONE",
3.410910,2026-09-01T21:13:00.608+01:00,126284,1563774,176,176,True,True,0x02,"NO_IRQ,OK,NO_IRQ,NO_IRQ","NONE,DELTA,NONE,NONE",
3.415868,2026-09-01T21:13:00.608+01:00,126460,1563775,196,196,True,True,0x02,"NO_IRQ,OK,NO_IRQ,NO_IRQ","NONE,DELTA,NONE,NONE",
3.426207,2026-09-01T21:13:00.613+01:00,126656,1563776,188,188,True,True,0x02,"NO_IRQ,OK,NO_IRQ,NO_IRQ","NONE,DELTA,NONE,NONE",
3.426801,2026-09-01T21:13:00.624+01:00,126844,1563777,190,190,True,True,0x02,"NO_IRQ,OK,NO_IRQ,NO_IRQ","NONE,DELTA,NONE,NONE",
3.431015,2026-09-01T21:13:00.624+01:00,127034,1563778,194,194,True,True,0x02,"NO_IRQ,OK,NO_IRQ,NO_IRQ","NONE,DELTA,NONE,NONE",
3.435595,2026-09-01T21:13:00.629+01:00,127228,1563779,174,174,True,True,0x02,"NO_IRQ,OK,NO_IRQ,NO_IRQ","NONE,DELTA,NONE,NONE",
3.442137,2026-09-01T21:13:00.633+01:00,127402,1563780,172,172,True,True,0x02,"NO_IRQ,OK,NO_IRQ,NO_IRQ","NONE,DELTA,NONE,NONE",
3.445591,2026-09-01T21:13:00.640+01:00,127574,1563781,158,158,True,True,0x02,"NO_IRQ,OK,NO_IRQ,NO_IRQ","NONE,DELTA,NONE,NONE",
3.450681,2026-09-01T21:13:00.643+01:00,127732,1563782,170,170,True,True,0x02,"NO_IRQ,OK,NO_IRQ,NO_IRQ","NONE,DELTA,NONE,NONE",
3.458470,2026-09-01T21:13:00.648+01:00,127902,1563783,180,180,True,True,0x02,"NO_IRQ,OK,NO_IRQ,NO_IRQ","NONE,DELTA,NONE,NONE",
3.460603,2026-09-01T21:13:00.656+01:00,128082,1563784,186,186,True,True,0x02,"NO_IRQ,OK,NO_IRQ,NO_IRQ","NONE,DELTA,NONE,NONE",
3.465802,2026-09-01T21:13:00.658+01:00,128268,1563785,194,194,True,True,0x02,"NO_IRQ,OK,NO_IRQ,NO_IRQ","NONE,DELTA,NONE,NONE",
3.475331,2026-09-01T21:13:00.664+01:00,128462,1563786,170,170,True,True,0x02,"NO_IRQ,OK,NO_IRQ,NO_IRQ","NONE,DELTA,NONE,NONE",
3.475920,2026-09-01T21:13:00.673+01:00,128632,1563787,162,162,True,True,0x02,"NO_IRQ,OK,NO_IRQ,NO_IRQ","NONE,DELTA,NONE,NONE",
3.481554,2026-09-01T21:13:00.674+01:00,128794,1563788,176,176,True,True,0x02,"NO_IRQ,OK,NO_IRQ,NO_IRQ","NONE,DELTA,NONE,NONE",
3.485342,2026-09-01T21:13:00.679+01:00,128970,1563789,188,188,True,True,0x02,"NO_IRQ,OK,NO_IRQ,NO_IRQ","NONE,DELTA,NONE,NONE",
3.491520,2026-09-01T21:13:00.683+01:00,129158,1563790,180,180,True,True,0x02,"NO_IRQ,OK,NO_IRQ,NO_IRQ","NONE,DELTA,NONE,NONE",
3.495531,2026-09-01T21:13:00.689+01:00,129338,1563791,174,174,True,True,0x02,"NO_IRQ,OK,NO_IRQ,NO_IRQ","NONE,DELTA,NONE,NONE",
3.500549,2026-09-01T21:13:00.693+01:00,129512,1563792,190,190,True,True,0x02,"NO_IRQ,OK,NO_IRQ,NO_IRQ","NONE,DELTA,NONE,NONE",
3.507831,2026-09-01T21:13:00.698+01:00,129702,1563793,198,198,True,True,0x02,"NO_IRQ,OK,NO_IRQ,NO_IRQ","NONE,DELTA,NONE,NONE",
3.510493,2026-09-01T21:13:00.705+01:00,129900,1563794,190,190,True,True,0x02,"NO_IRQ,OK,NO_IRQ,NO_IRQ","NONE,DELTA,NONE,NONE",
3.515513,2026-09-01T21:13:00.708+01:00,130090,1563795,180,180,True,True,0x02,"NO_IRQ,OK,NO_IRQ,NO_IRQ","NONE,DELTA,NONE,NONE",
3.520146,2026-09-01T21:13:00.713+01:00,130270,1563796,178,178,True,True,0x02,"NO_IRQ,OK,NO_IRQ,NO_IRQ","NONE,DELTA,NONE,NONE",
3.525878,2026-09-01T21:13:00.718+01:00,130448,1563797,204,204,True,True,0x02,"NO_IRQ,OK,NO_IRQ,NO_IRQ","NONE,DELTA,NONE,NONE",
3.530122,2026-09-01T21:13:00.723+01:00,130652,1563798,188,188,True,True,0x02,"NO_IRQ,OK,NO_IRQ,NO_IRQ","NONE,DELTA,NONE,NONE",
3.535136,2026-09-01T21:13:00.728+01:00,130840,1563799,168,168,True,True,0x02,"NO_IRQ,OK,NO_IRQ,NO_IRQ","NONE,DELTA,NONE,NONE",
3.547550,2026-09-01T21:13:00.733+01:00,131008,1563800,166,166,True,True,0x02,"NO_IRQ,OK,NO_IRQ,NO_IRQ","NONE,DELTA,NONE,NONE",
3.549063,2026-09-01T21:13:00.746+01:00,131174,1563801,174,174,True,True,0x02,"NO_IRQ,OK,NO_IRQ,NO_IRQ","NONE,DELTA,NONE,NONE",
3.550257,2026-09-01T21:13:00.747+01:00,131348,1563802,196,196,True,True,0x02,"NO_IRQ,OK,NO_IRQ,NO_IRQ","NONE,DELTA,NONE,NONE",
3.555691,2026-09-01T21:13:00.748+01:00,131544,1563803,174,174,True,True,0x02,"NO_IRQ,OK,NO_IRQ,NO_IRQ","NONE,DELTA,NONE,NONE",
3.565199,2026-09-01T21:13:00.753+01:00,131718,1563804,164,164,True,True,0x02,"NO_IRQ,OK,NO_IRQ,NO_IRQ","NONE,DELTA,NONE,NONE",
3.565820,2026-09-01T21:13:00.763+01:00,131882,1563805,180,180,True,True,0x02,"NO_IRQ,OK,NO_IRQ,NO_IRQ","NONE,DELTA,NONE,NONE",
3.570662,2026-09-01T21:13:00.763+01:00,132062,1563806,192,192,True,True,0x02,"NO_IRQ,OK,NO_IRQ,NO_IRQ","NONE,DELTA,NONE,NONE",
3.580795,2026-09-01T21:13:00.768+01:00,132254,1563807,190,190,True,True,0x02,"NO_IRQ,OK,NO_IRQ,NO_IRQ","NONE,DELTA,NONE,NONE",
3.581540,2026-09-01T21:13:00.778+01:00,132444,1563808,190,190,True,True,0x02,"NO_IRQ,OK,NO_IRQ,NO_IRQ","NONE,DELTA,NONE,NONE",
3.585796,2026-09-01T21:13:00.779+01:00,132634,1563809,182,182,True,True,0x02,"NO_IRQ,OK,NO_IRQ,NO_IRQ","NONE,DELTA,NONE,NONE",
3.590379,2026-09-01T21:13:00.783+01:00,132816,1563810,178,178,True,True,0x02,"NO_IRQ,OK,NO_IRQ,NO_IRQ","NONE,DELTA,NONE,NONE",
3.597815,2026-09-01T21:13:00.788+01:00,132994,1563811,160,160,True,True,0x02,"NO_IRQ,OK,NO_IRQ,NO_IRQ","NONE,DELTA,NONE,NONE",
3.600270,2026-09-01T21:13:00.795+01:00,133154,1563812,188,188,True,True,0x02,"NO_IRQ,OK,NO_IRQ,NO_IRQ","NONE,DELTA,NONE,NONE",
3.605347,2026-09-01T21:13:00.798+01:00,133342,1563813,198,198,True,True,0x02,"NO_IRQ,OK,NO_IRQ,NO_IRQ","NONE,DELTA,NONE,NONE",
3.613261,2026-09-01T21:13:00.803+01:00,133540,1563814,180,180,True,True,0x02,"NO_IRQ,OK,NO_IRQ,NO_IRQ","NONE,DELTA,NONE,NONE",
3.615250,2026-09-01T21:13:00.811+01:00,133720,1563815,186,186,True,True,0x02,"NO_IRQ,OK,NO_IRQ,NO_IRQ","NONE,DELTA,NONE,NONE",
3.620366,2026-09-01T21:13:00.813+01:00,133906,1563816,198,198,True,True,0x02,"NO_IRQ,OK,NO_IRQ,NO_IRQ","NONE,DELTA,NONE,NONE",
3.629579,2026-09-01T21:13:00.818+01:00,134104,1563817,198,198,True,True,0x02,"NO_IRQ,OK,NO_IRQ,NO_IRQ","NONE,DELTA,NONE,NONE",
3.631473,2026-09-01T21:13:00.827+01:00,134302,1563818,170,170,True,True,0x02,"NO_IRQ,OK,NO_IRQ,NO_IRQ","NONE,DELTA,NONE,NONE",
3.635537,2026-09-01T21:13:00.829+01:00,134472,1563819,198,198,True,True,0x02,"NO_IRQ,OK,NO_IRQ,NO_IRQ","NONE,DELTA,NONE,NONE",
3.640098,2026-09-01T21:13:00.833+01:00,134670,1563820,180,180,True,True,0x02,"NO_IRQ,OK,NO_IRQ,NO_IRQ","NONE,DELTA,NONE,NONE",
3.646259,2026-09-01T21:13:00.838+01:00,134850,1563821,182,182,True,True,0x02,"NO_IRQ,OK,NO_IRQ,NO_IRQ","NONE,DELTA,NONE,NONE",
3.652533,2026-09-01T21:13:00.844+01:00,135032,1563822,188,188,True,True,0x02,"NO_IRQ,OK,NO_IRQ,NO_IRQ","NONE,DELTA,NONE,NONE",
3.655580,2026-09-01T21:13:00.850+01:00,135220,1563823,172,172,True,True,0x02,"NO_IRQ,OK,NO_IRQ,NO_IRQ","NONE,DELTA,NONE,NONE",
3.660040,2026-09-01T21:13:00.853+01:00,135392,1563824,156,156,True,True,0x02,"NO_IRQ,OK,NO_IRQ,NO_IRQ","NONE,DELTA,NONE,NONE",
3.668543,2026-09-01T21:13:00.858+01:00,135548,1563825,166,166,True,True,0x02,"NO_IRQ,OK,NO_IRQ,NO_IRQ","NONE,DELTA,NONE,NONE",
3.669969,2026-09-01T21:13:00.866+01:00,135714,1563826,162,162,True,True,0x02,"NO_IRQ,OK,NO_IRQ,NO_IRQ","NONE,DELTA,NONE,NONE",
3.675256,2026-09-01T21:13:00.868+01:00,135876,1563827,184,184,True,True,0x02,"NO_IRQ,OK,NO_IRQ,NO_IRQ","NONE,DELTA,NONE,NONE",
3.680542,2026-09-01T21:13:00.873+01:00,136060,1563828,192,192,True,True,0x02,"NO_IRQ,OK,NO_IRQ,NO_IRQ","NONE,DELTA,NONE,NONE",
3.685648,2026-09-01T21:13:00.878+01:00,136252,1563829,178,178,True,True,0x02,"NO_IRQ,OK,NO_IRQ,NO_IRQ","NONE,DELTA,NONE,NONE",
3.689951,2026-09-01T21:13:00.883+01:00,136430,1563830,184,184,True,True,0x02,"NO_IRQ,OK,NO_IRQ,NO_IRQ","NONE,DELTA,NONE,NONE",
3.694854,2026-09-01T21:13:00.887+01:00,136614,1563831,186,186,True,True,0x02,"NO_IRQ,OK,NO_IRQ,NO_IRQ","NONE,DELTA,NONE,NONE",
3.705375,2026-09-01T21:13:00.892+01:00,136800,1563832,188,188,True,True,0x02,"NO_IRQ,OK,NO_IRQ,NO_IRQ","NONE,DELTA,NONE,NONE",
3.705728,2026-09-01T21:13:00.903+01:00,136988,1563833,180,180,True,True,0x02,"NO_IRQ,OK,NO_IRQ,NO_IRQ","NONE,DELTA,NONE,NONE",
3.718725,2026-09-01T21:13:00.903+01:00,137168,1563834,174,174,True,True,0x02,"NO_IRQ,OK,NO_IRQ,NO_IRQ","NONE,DELTA,NONE,NONE",
3.719375,2026-09-01T21:13:00.916+01:00,137342,1563835,160,160,True,True,0x02,"NO_IRQ,OK,NO_IRQ,NO_IRQ","NONE,DELTA,NONE,NONE",
3.719947,2026-09-01T21:13:00.917+01:00,137502,1563836,164,164,True,True,0x02,"NO_IRQ,OK,NO_IRQ,NO_IRQ","NONE,DELTA,NONE,NONE",
3.725109,2026-09-01T21:13:00.917+01:00,137666,1563837,182,182,True,True,0x02,"NO_IRQ,OK,NO_IRQ,NO_IRQ","NONE,DELTA,NONE,NONE",
3.736044,2026-09-01T21:13:00.923+01:00,137848,1563838,202,202,True,True,0x02,"NO_IRQ,OK,NO_IRQ,NO_IRQ","NONE,DELTA,NONE,NONE",
3.736739,2026-09-01T21:13:00.934+01:00,138050,1563839,188,188,True,True,0x02,"NO_IRQ,OK,NO_IRQ,NO_IRQ","NONE,DELTA,NONE,NONE",
3.739952,2026-09-01T21:13:00.934+01:00,138238,1563840,166,166,True,True,0x02,"NO_IRQ,OK,NO_IRQ,NO_IRQ","NONE,DELTA,NONE,NONE",
3.744788,2026-09-01T21:13:00.937+01:00,138404,1563841,190,190,True,True,0x02,"NO_IRQ,OK,NO_IRQ,NO_IRQ","NONE,DELTA,NONE,NONE",
3.752338,2026-09-01T21:13:00.943+01:00,138594,1563842,174,174,True,True,0x02,"NO_IRQ,OK,NO_IRQ,NO_IRQ","NONE,DELTA,NONE,NONE",
3.755065,2026-09-01T21:13:00.950+01:00,138768,1563843,184,184,True,True,0x02,"NO_IRQ,OK,NO_IRQ,NO_IRQ","NONE,DELTA,NONE,NONE",
3.759895,2026-09-01T21:13:00.953+01:00,138952,1563844,192,192,True,True,0x02,"NO_IRQ,OK,NO_IRQ,NO_IRQ","NONE,DELTA,NONE,NONE",
3.764661,2026-09-01T21:13:00.957+01:00,139144,1563845,150,150,True,True,0x02,"NO_IRQ,OK,NO_IRQ,NO_IRQ","NONE,DELTA,NONE,NONE",
3.769869,2026-09-01T21:13:00.963+01:00,139294,1563846,180,180,True,True,0x02,"NO_IRQ,OK,NO_IRQ,NO_IRQ","NONE,DELTA,NONE,NONE",
3.775108,2026-09-01T21:13:00.967+01:00,139474,1563847,184,184,True,True,0x02,"NO_IRQ,OK,NO_IRQ,NO_IRQ","NONE,DELTA,NONE,NONE",
3.779634,2026-09-01T21:13:00.973+01:00,139658,1563848,182,182,True,True,0x02,"NO_IRQ,OK,NO_IRQ,NO_IRQ","NONE,DELTA,NONE,NONE",
3.786477,2026-09-01T21:13:00.977+01:00,139840,1563849,184,184,True,True,0x02,"NO_IRQ,OK,NO_IRQ,NO_IRQ","NONE,DELTA,NONE,NONE",
3.790237,2026-09-01T21:13:00.984+01:00,140024,1563850,196,196,True,True,0x02,"NO_IRQ,OK,NO_IRQ,NO_IRQ","NONE,DELTA,NONE,NONE",
3.794743,2026-09-01T21:13:00.988+01:00,140220,1563851,176,176,True,True,0x02,"NO_IRQ,OK,NO_IRQ,NO_IRQ","NONE,DELTA,NONE,NONE",
3.803110,2026-09-01T21:13:00.992+01:00,140396,1563852,192,192,True,True,0x02,"NO_IRQ,OK,NO_IRQ,NO_IRQ","NONE,DELTA,NONE,NONE",
3.804755,2026-09-01T21:13:01.001+01:00,140588,1563853,174,174,True,True,0x02,"NO_IRQ,OK,NO_IRQ,NO_IRQ","NONE,DELTA,NONE,NONE",
3.809794,2026-09-01T21:13:01.002+01:00,140762,1563854,192,192,True,True,0x02,"NO_IRQ,OK,NO_IRQ,NO_IRQ","NONE,DELTA,NONE,NONE",
3.818760,2026-09-01T21:13:01.007+01:00,140954,1563855,188,188,True,True,0x02,"NO_IRQ,OK,NO_IRQ,NO_IRQ","NONE,DELTA,NONE,NONE",
3.819804,2026-09-01T21:13:01.016+01:00,141142,1563856,186,186,True,True,0x02,"NO_IRQ,OK,NO_IRQ,NO_IRQ","NONE,DELTA,NONE,NONE",
3.825064,2026-09-01T21:13:01.017+01:00,141328,1563857,200,200,True,True,0x02,"NO_IRQ,OK,NO_IRQ,NO_IRQ","NONE,DELTA,NONE,NONE",
3.830269,2026-09-01T21:13:01.023+01:00,141528,1563858,184,184,True,True,0x02,"NO_IRQ,OK,NO_IRQ,NO_IRQ","NONE,DELTA,NONE,NONE",
3.835122,2026-09-01T21:13:01.029+01:00,141712,1563859,166,166,True,True,0x02,"NO_IRQ,OK,NO_IRQ,NO_IRQ","NONE,DELTA,NONE,NONE",
3.839758,2026-09-01T21:13:01.033+01:00,141878,1563860,154,154,True,True,0x02,"NO_IRQ,OK,NO_IRQ,NO_IRQ","NONE,DELTA,NONE,NONE",
3.845892,2026-09-01T21:13:01.037+01:00,142032,1563861,170,170,True,True,0x02,"NO_IRQ,OK,NO_IRQ,NO_IRQ","NONE,DELTA,NONE,NONE",
3.850588,2026-09-01T21:13:01.043+01:00,142202,1563862,184,184,True,True,0x02,"NO_IRQ,OK,NO_IRQ,NO_IRQ","NONE,DELTA,NONE,NONE",
3.854685,2026-09-01T21:13:01.048+01:00,142386,1563863,184,184,True,True,0x02,"NO_IRQ,OK,NO_IRQ,NO_IRQ","NONE,DELTA,NONE,NONE",
3.859491,2026-09-01T21:13:01.052+01:00,142570,1563864,192,192,True,True,0x02,"NO_IRQ,OK,NO_IRQ,NO_IRQ","NONE,DELTA,NONE,NONE",
3.875260,2026-09-01T21:13:01.057+01:00,142762,1563865,172,172,True,True,0x02,"NO_IRQ,OK,NO_IRQ,NO_IRQ","NONE,DELTA,NONE,NONE",
3.876026,2026-09-01T21:13:01.073+01:00,142934,1563866,188,188,True,True,0x02,"NO_IRQ,OK,NO_IRQ,NO_IRQ","NONE,DELTA,NONE,NONE",
3.876617,2026-09-01T21:13:01.074+01:00,143122,1563867,190,190,True,True,0x02,"NO_IRQ,OK,NO_IRQ,NO_IRQ","NONE,DELTA,NONE,NONE",
3.879900,2026-09-01T21:13:01.074+01:00,143312,1563868,156,156,True,True,0x02,"NO_IRQ,OK,NO_IRQ,NO_IRQ","NONE,DELTA,NONE,NONE",
3.884729,2026-09-01T21:13:01.077+01:00,143468,1563869,168,168,True,True,0x02,"NO_IRQ,OK,NO_IRQ,NO_IRQ","NONE,DELTA,NONE,NONE",
3.892754,2026-09-01T21:13:01.082+01:00,143636,1563870,1084,1084,True,True,0x02,"NO_IRQ,OK,NO_IRQ,NO_IRQ","NONE,DELTA_SYNC,NONE,NONE",
3.894767,2026-09-01T21:13:01.090+01:00,144720,1563871,264,264,True,True,0x02,"NO_IRQ,OK,NO_IRQ,NO_IRQ","NONE,DELTA,NONE,NONE",
3.900033,2026-09-01T21:13:01.092+01:00,144984,1563872,252,252,True,True,0x02,"NO_IRQ,OK,NO_IRQ,NO_IRQ","NONE,DELTA,NONE,NONE",
3.909912,2026-09-01T21:13:01.098+01:00,145236,1563873,196,196,True,True,0x02,"NO_IRQ,OK,NO_IRQ,NO_IRQ","NONE,DELTA,NONE,NONE",
3.910687,2026-09-01T21:13:01.107+01:00,145432,1563874,180,180,True,True,0x02,"NO_IRQ,OK,NO_IRQ,NO_IRQ","NONE,DELTA,NONE,NONE",
3.915092,2026-09-01T21:13:01.108+01:00,145612,1563875,152,152,True,True,0x02,"NO_IRQ,OK,NO_IRQ,NO_IRQ","NONE,DELTA,NONE,NONE",
3.919552,2026-09-01T21:13:01.113+01:00,145764,1563876,178,178,True,True,0x02,"NO_IRQ,OK,NO_IRQ,NO_IRQ","NONE,DELTA,NONE,NONE",
3.926500,2026-09-01T21:13:01.117+01:00,145942,1563877,194,194,True,True,0x02,"NO_IRQ,OK,NO_IRQ,NO_IRQ","NONE,DELTA,NONE,NONE",
3.929761,2026-09-01T21:13:01.124+01:00,146136,1563878,180,180,True,True,0x02,"NO_IRQ,OK,NO_IRQ,NO_IRQ","NONE,DELTA,NONE,NONE",
3.934926,2026-09-01T21:13:01.127+01:00,146316,1563879,150,150,True,True,0x02,"NO_IRQ,OK,NO_IRQ,NO_IRQ","NONE,DELTA,NONE,NONE",
3.943645,2026-09-01T21:13:01.132+01:00,146466,1563880,174,174,True,True,0x02,"NO_IRQ,OK,NO_IRQ,NO_IRQ","NONE,DELTA,NONE,NONE",
3.944765,2026-09-01T21:13:01.141+01:00,146640,1563881,188,188,True,True,0x02,"NO_IRQ,OK,NO_IRQ,NO_IRQ","NONE,DELTA,NONE,NONE",
3.949705,2026-09-01T21:13:01.142+01:00,146828,1563882,150,150,True,True,0x02,"NO_IRQ,OK,NO_IRQ,NO_IRQ","NONE,DELTA,NONE,NONE",
3.960721,2026-09-01T21:13:01.147+01:00,146978,1563883,168,168,True,True,0x02,"NO_IRQ,OK,NO_IRQ,NO_IRQ","NONE,DELTA,NONE,NONE",
3.961334,2026-09-01T21:13:01.158+01:00,147146,1563884,184,184,True,True,0x02,"NO_IRQ,OK,NO_IRQ,NO_IRQ","NONE,DELTA,NONE,NONE",
3.964575,2026-09-01T21:13:01.159+01:00,147330,1563885,198,198,True,True,0x02,"NO_IRQ,OK,NO_IRQ,NO_IRQ","NONE,DELTA,NONE,NONE",
3.969618,2026-09-01T21:13:01.162+01:00,147528,1563886,180,180,True,True,0x02,"NO_IRQ,OK,NO_IRQ,NO_IRQ","NONE,DELTA,NONE,NONE",
3.976917,2026-09-01T21:13:01.167+01:00,147708,1563887,178,178,True,True,0x02,"NO_IRQ,OK,NO_IRQ,NO_IRQ","NONE,DELTA,NONE,NONE",
3.979684,2026-09-01T21:13:01.174+01:00,147886,1563888,202,202,True,True,0x02,"NO_IRQ,OK,NO_IRQ,NO_IRQ","NONE,DELTA,NONE,NONE",
3.984913,2026-09-01T21:13:01.177+01:00,148088,1563889,168,168,True,True,0x02,"NO_IRQ,OK,NO_IRQ,NO_IRQ","NONE,DELTA,NONE,NONE",
3.993048,2026-09-01T21:13:01.182+01:00,148256,1563890,190,190,True,True,0x02,"NO_IRQ,OK,NO_IRQ,NO_IRQ","NONE,DELTA,NONE,NONE",
3.994294,2026-09-01T21:13:01.191+01:00,148446,1563891,186,186,True,True,0x02,"NO_IRQ,OK,NO_IRQ,NO_IRQ","NONE,DELTA,NONE,NONE",
3.999746,2026-09-01T21:13:01.192+01:00,148632,1563892,184,184,True,True,0x02,"NO_IRQ,OK,NO_IRQ,NO_IRQ","NONE,DELTA,NONE,NONE",
4.005560,2026-09-01T21:13:01.197+01:00,148816,1563893,184,184,True,True,0x02,"NO_IRQ,OK,NO_IRQ,NO_IRQ","NONE,DELTA,NONE,NONE",
4.009641,2026-09-01T21:13:01.203+01:00,149000,1563894,194,194,True,True,0x02,"NO_IRQ,OK,NO_IRQ,NO_IRQ","NONE,DELTA,NONE,NONE",
4.014286,2026-09-01T21:13:01.207+01:00,149194,1563895,194,194,True,True,0x02,"NO_IRQ,OK,NO_IRQ,NO_IRQ","NONE,DELTA,NONE,NONE",
4.019280,2026-09-01T21:13:01.212+01:00,149388,1563896,188,188,True,True,0x02,"NO_IRQ,OK,NO_IRQ,NO_IRQ","NONE,DELTA,NONE,NONE",
4.031365,2026-09-01T21:13:01.217+01:00,149576,1563897,176,176,True,True,0x02,"NO_IRQ,OK,NO_IRQ,NO_IRQ","NONE,DELTA,NONE,NONE",
4.032005,2026-09-01T21:13:01.229+01:00,149752,1563898,172,172,True,True,0x02,"NO_IRQ,OK,NO_IRQ,NO_IRQ","NONE,DELTA,NONE,NONE",
4.044607,2026-09-01T21:13:01.230+01:00,149924,1563899,198,198,True,True,0x02,"NO_IRQ,OK,NO_IRQ,NO_IRQ","NONE,DELTA,NONE,NONE",
4.045365,2026-09-01T21:13:01.242+01:00,150122,1563900,184,184,True,True,0x02,"NO_IRQ,OK,NO_IRQ,NO_IRQ","NONE,DELTA,NONE,NONE",
4.045935,2026-09-01T21:13:01.243+01:00,150306,1563901,164,164,True,True,0x02,"NO_IRQ,OK,NO_IRQ,NO_IRQ","NONE,DELTA,NONE,NONE",
4.050348,2026-09-01T21:13:01.244+01:00,150470,1563902,180,180,True,True,0x02,"NO_IRQ,OK,NO_IRQ,NO_IRQ","NONE,DELTA,NONE,NONE",
4.054296,2026-09-01T21:13:01.248+01:00,150650,1563903,184,184,True,True,0x02,"NO_IRQ,OK,NO_IRQ,NO_IRQ","NONE,DELTA,NONE,NONE",
4.061364,2026-09-01T21:13:01.252+01:00,150834,1563904,190,190,True,True,0x02,"NO_IRQ,OK,NO_IRQ,NO_IRQ","NONE,DELTA,NONE,NONE",
4.064612,2026-09-01T21:13:01.259+01:00,151024,1563905,174,174,True,True,0x02,"NO_IRQ,OK,NO_IRQ,NO_IRQ","NONE,DELTA,NONE,NONE",
4.069435,2026-09-01T21:13:01.262+01:00,151198,1563906,172,172,True,True,0x02,"NO_IRQ,OK,NO_IRQ,NO_IRQ","NONE,DELTA,NONE,NONE",
4.077378,2026-09-01T21:13:01.267+01:00,151370,1563907,162,162,True,True,0x02,"NO_IRQ,OK,NO_IRQ,NO_IRQ","NONE,DELTA,NONE,NONE",
4.079253,2026-09-01T21:13:01.275+01:00,151532,1563908,144,144,True,True,0x02,"NO_IRQ,OK,NO_IRQ,NO_IRQ","NONE,DELTA,NONE,NONE",
4.084664,2026-09-01T21:13:01.277+01:00,151676,1563909,174,174,True,True,0x02,"NO_IRQ,OK,NO_IRQ,NO_IRQ","NONE,DELTA,NONE,NONE",
4.093521,2026-09-01T21:13:01.282+01:00,151850,1563910,182,182,True,True,0x02,"NO_IRQ,OK,NO_IRQ,NO_IRQ","NONE,DELTA,NONE,NONE",
4.094304,2026-09-01T21:13:01.291+01:00,152032,1563911,182,182,True,True,0x02,"NO_IRQ,OK,NO_IRQ,NO_IRQ","NONE,DELTA,NONE,NONE",
4.099761,2026-09-01T21:13:01.292+01:00,152214,1563912,178,178,True,True,0x02,"NO_IRQ,OK,NO_IRQ,NO_IRQ","NONE,DELTA,NONE,NONE",
4.105061,2026-09-01T21:13:01.297+01:00,152392,1563913,194,194,True,True,0x02,"NO_IRQ,OK,NO_IRQ,NO_IRQ","NONE,DELTA,NONE,NONE",
4.110001,2026-09-01T21:13:01.304+01:00,152586,1563914,206,206,True,True,0x02,"NO_IRQ,OK,NO_IRQ,NO_IRQ","NONE,DELTA,NONE,NONE",
4.114606,2026-09-01T21:13:01.307+01:00,152792,1563915,188,188,True,True,0x02,"NO_IRQ,OK,NO_IRQ,NO_IRQ","NONE,DELTA,NONE,NONE",
4.119093,2026-09-01T21:13:01.312+01:00,152980,1563916,178,178,True,True,0x02,"NO_IRQ,OK,NO_IRQ,NO_IRQ","NONE,DELTA,NONE,NONE",
4.126134,2026-09-01T21:13:01.317+01:00,153158,1563917,178,178,True,True,0x02,"NO_IRQ,OK,NO_IRQ,NO_IRQ","NONE,DELTA,NONE,NONE",
4.129692,2026-09-01T21:13:01.324+01:00,153336,1563918,162,162,True,True,0x02,"NO_IRQ,OK,NO_IRQ,NO_IRQ","NONE,DELTA,NONE,NONE",
4.134534,2026-09-01T21:13:01.327+01:00,153498,1563919,190,190,True,True,0x02,"NO_IRQ,OK,NO_IRQ,NO_IRQ","NONE,DELTA,NONE,NONE",
4.142662,2026-09-01T21:13:01.332+01:00,153688,1563920,176,176,True,True,0x02,"NO_IRQ,OK,NO_IRQ,NO_IRQ","NONE,DELTA,NONE,NONE",
4.144122,2026-09-01T21:13:01.340+01:00,153864,1563921,172,172,True,True,0x02,"NO_IRQ,OK,NO_IRQ,NO_IRQ","NONE,DELTA,NONE,NONE",
4.149358,2026-09-01T21:13:01.342+01:00,154036,1563922,180,180,True,True,0x02,"NO_IRQ,OK,NO_IRQ,NO_IRQ","NONE,DELTA,NONE,NONE",
4.159339,2026-09-01T21:13:01.347+01:00,154216,1563923,162,162,True,True,0x02,"NO_IRQ,OK,NO_IRQ,NO_IRQ","NONE,DELTA,NONE,NONE",
4.159962,2026-09-01T21:13:01.357+01:00,154378,1563924,202,202,True,True,0x02,"NO_IRQ,OK,NO_IRQ,NO_IRQ","NONE,DELTA,NONE,NONE",
4.164882,2026-09-01T21:13:01.358+01:00,154580,1563925,180,180,True,True,0x02,"NO_IRQ,OK,NO_IRQ,NO_IRQ","NONE,DELTA,NONE,NONE",
4.169194,2026-09-01T21:13:01.363+01:00,154760,1563926,192,192,True,True,0x02,"NO_IRQ,OK,NO_IRQ,NO_IRQ","NONE,DELTA,NONE,NONE",
4.174884,2026-09-01T21:13:01.367+01:00,154952,1563927,170,170,True,True,0x02,"NO_IRQ,OK,NO_IRQ,NO_IRQ","NONE,DELTA,NONE,NONE",
4.179480,2026-09-01T21:13:01.372+01:00,155122,1563928,184,184,True,True,0x02,"NO_IRQ,OK,NO_IRQ,NO_IRQ","NONE,DELTA,NONE,NONE",
4.184008,2026-09-01T21:13:01.377+01:00,155306,1563929,178,178,True,True,0x02,"NO_IRQ,OK,NO_IRQ,NO_IRQ","NONE,DELTA,NONE,NONE",
4.188854,2026-09-01T21:13:01.381+01:00,155484,1563930,168,168,True,True,0x02,"NO_IRQ,OK,NO_IRQ,NO_IRQ","NONE,DELTA,NONE,NONE",
4.201935,2026-09-01T21:13:01.386+01:00,155652,1563931,188,188,True,True,0x02,"NO_IRQ,OK,NO_IRQ,NO_IRQ","NONE,DELTA,NONE,NONE",
4.202627,2026-09-01T21:13:01.399+01:00,155840,1563932,188,188,True,True,0x02,"NO_IRQ,OK,NO_IRQ,NO_IRQ","NONE,DELTA,NONE,NONE",
4.204081,2026-09-01T21:13:01.400+01:00,156028,1563933,178,178,True,True,0x02,"NO_IRQ,OK,NO_IRQ,NO_IRQ","NONE,DELTA,NONE,NONE",
4.209116,2026-09-01T21:13:01.402+01:00,156206,1563934,192,192,True,True,0x02,"NO_IRQ,OK,NO_IRQ,NO_IRQ","NONE,DELTA,NONE,NONE",
4.219166,2026-09-01T21:13:01.407+01:00,156398,1563935,188,188,True,True,0x02,"NO_IRQ,OK,NO_IRQ,NO_IRQ","NONE,DELTA,NONE,NONE",
4.219869,2026-09-01T21:13:01.417+01:00,156586,1563936,144,144,True,True,0x02,"NO_IRQ,OK,NO_IRQ,NO_IRQ","NONE,DELTA,NONE,NONE",
4.223865,2026-09-01T21:13:01.418+01:00,156730,1563937,152,152,True,True,0x02,"NO_IRQ,OK,NO_IRQ,NO_IRQ","NONE,DELTA,NONE,NONE",
4.235113,2026-09-01T21:13:01.421+01:00,156882,1563938,178,178,True,True,0x02,"NO_IRQ,OK,NO_IRQ,NO_IRQ","NONE,DELTA,NONE,NONE",
4.235794,2026-09-01T21:13:01.433+01:00,157060,1563939,172,172,True,True,0x02,"NO_IRQ,OK,NO_IRQ,NO_IRQ","NONE,DELTA,NONE,NONE",
4.238806,2026-09-01T21:13:01.433+01:00,157232,1563940,174,174,True,True,0x02,"NO_IRQ,OK,NO_IRQ,NO_IRQ","NONE,DELTA,NONE,NONE",
4.243999,2026-09-01T21:13:01.436+01:00,157406,1563941,196,196,True,True,0x02,"NO_IRQ,OK,NO_IRQ,NO_IRQ","NONE,DELTA,NONE,NONE",
4.252153,2026-09-01T21:13:01.442+01:00,157602,1563942,184,184,True,True,0x02,"NO_IRQ,OK,NO_IRQ,NO_IRQ","NONE,DELTA,NONE,NONE",
4.254102,2026-09-01T21:13:01.450+01:00,157786,1563943,168,168,True,True,0x02,"NO_IRQ,OK,NO_IRQ,NO_IRQ","NONE,DELTA,NONE,NONE",
4.259061,2026-09-01T21:13:01.452+01:00,157954,1563944,176,176,True,True,0x02,"NO_IRQ,OK,NO_IRQ,NO_IRQ","NONE,DELTA,NONE,NONE",
4.268620,2026-09-01T21:13:01.457+01:00,158130,1563945,208,208,True,True,0x02,"NO_IRQ,OK,NO_IRQ,NO_IRQ","NONE,DELTA,NONE,NONE",
4.269288,2026-09-01T21:13:01.466+01:00,158338,1563946,154,154,True,True,0x02,"NO_IRQ,OK,NO_IRQ,NO_IRQ","NONE,DELTA,NONE,NONE",
4.274055,2026-09-01T21:13:01.467+01:00,158492,1563947,166,166,True,True,0x02,"NO_IRQ,OK,NO_IRQ,NO_IRQ","NONE,DELTA,NONE,NONE",
4.284535,2026-09-01T21:13:01.472+01:00,158658,1563948,162,162,True,True,0x02,"NO_IRQ,OK,NO_IRQ,NO_IRQ","NONE,DELTA,NONE,NONE",
4.285222,2026-09-01T21:13:01.482+01:00,158820,1563949,192,192,True,True,0x02,"NO_IRQ,OK,NO_IRQ,NO_IRQ","NONE,DELTA,NONE,NONE",
4.289145,2026-09-01T21:13:01.483+01:00,159012,1563950,194,194,True,True,0x02,"NO_IRQ,OK,NO_IRQ,NO_IRQ","NONE,DELTA,NONE,NONE",
4.294009,2026-09-01T21:13:01.487+01:00,159206,1563951,196,196,True,True,0x02,"NO_IRQ,OK,NO_IRQ,NO_IRQ","NONE,DELTA,NONE,NONE",
4.301150,2026-09-01T21:13:01.492+01:00,159402,1563952,184,184,True,True,0x02,"NO_IRQ,OK,NO_IRQ,NO_IRQ","NONE,DELTA,NONE,NONE",
4.303997,2026-09-01T21:13:01.499+01:00,159586,1563953,176,176,True,True,0x02,"NO_IRQ,OK,NO_IRQ,NO_IRQ","NONE,DELTA,NONE,NONE",
4.308885,2026-09-01T21:13:01.502+01:00,159762,1563954,178,178,True,True,0x02,"NO_IRQ,OK,NO_IRQ,NO_IRQ","NONE,DELTA,NONE,NONE",
4.318130,2026-09-01T21:13:01.506+01:00,159940,1563955,184,184,True,True,0x02,"NO_IRQ,OK,NO_IRQ,NO_IRQ","NONE,DELTA,NONE,NONE",
4.319144,2026-09-01T21:13:01.516+01:00,160124,1563956,174,174,True,True,0x02,"NO_IRQ,OK,NO_IRQ,NO_IRQ","NONE,DELTA,NONE,NONE",
4.323847,2026-09-01T21:13:01.517+01:00,160298,1563957,180,180,True,True,0x02,"NO_IRQ,OK,NO_IRQ,NO_IRQ","NONE,DELTA,NONE,NONE",
4.328945,2026-09-01T21:13:01.521+01:00,160478,1563958,186,186,True,True,0x02,"NO_IRQ,OK,NO_IRQ,NO_IRQ","NONE,DELTA,NONE,NONE",
4.334298,2026-09-01T21:13:01.526+01:00,160664,1563959,176,176,True,True,0x02,"NO_IRQ,OK,NO_IRQ,NO_IRQ","NONE,DELTA,NONE,NONE",
4.338623,2026-09-01T21:13:01.532+01:00,160840,1563960,182,182,True,True,0x02,"NO_IRQ,OK,NO_IRQ,NO_IRQ","NONE,DELTA,NONE,NONE",
4.343626,2026-09-01T21:13:01.536+01:00,161022,1563961,176,176,True,True,0x02,"NO_IRQ,OK,NO_IRQ,NO_IRQ","NONE,DELTA,NONE,NONE",
4.355843,2026-09-01T21:13:01.541+01:00,161198,1563962,176,176,True,True,0x02,"NO_IRQ,OK,NO_IRQ,NO_IRQ","NONE,DELTA,NONE,NONE",
4.356188,2026-09-01T21:13:01.553+01:00,161374,1563963,188,188,True,True,0x02,"NO_IRQ,OK,NO_IRQ,NO_IRQ","NONE,DELTA,NONE,NONE",
4.370203,2026-09-01T21:13:01.554+01:00,161562,1563964,176,176,True,True,0x02,"NO_IRQ,OK,NO_IRQ,NO_IRQ","NONE,DELTA,NONE,NONE",
4.370969,2026-09-01T21:13:01.568+01:00,161738,1563965,164,164,True,True,0x02,"NO_IRQ,OK,NO_IRQ,NO_IRQ","NONE,DELTA,NONE,NONE",
4.371662,2026-09-01T21:13:01.568+01:00,161902,1563966,160,160,True,True,0x02,"NO_IRQ,OK,NO_IRQ,NO_IRQ","NONE,DELTA,NONE,NONE",
4.373951,2026-09-01T21:13:01.569+01:00,162062,1563967,160,160,True,True,0x02,"NO_IRQ,OK,NO_IRQ,NO_IRQ","NONE,DELTA,NONE,NONE",
4.378709,2026-09-01T21:13:01.571+01:00,162222,1563968,176,176,True,True,0x02,"NO_IRQ,OK,NO_IRQ,NO_IRQ","NONE,DELTA,NONE,NONE",
4.387500,2026-09-01T21:13:01.576+01:00,162398,1563969,180,180,True,True,0x02,"NO_IRQ,OK,NO_IRQ,NO_IRQ","NONE,DELTA,NONE,NONE",
4.388732,2026-09-01T21:13:01.585+01:00,162578,1563970,190,190,True,True,0x02,"NO_IRQ,OK,NO_IRQ,NO_IRQ","NONE,DELTA,NONE,NONE",
4.393684,2026-09-01T21:13:01.586+01:00,162768,1563971,170,170,True,True,0x02,"NO_IRQ,OK,NO_IRQ,NO_IRQ","NONE,DELTA,NONE,NONE",
4.403476,2026-09-01T21:13:01.591+01:00,162938,1563972,166,166,True,True,0x02,"NO_IRQ,OK,NO_IRQ,NO_IRQ","NONE,DELTA,NONE,NONE",
4.404086,2026-09-01T21:13:01.601+01:00,163104,1563973,186,186,True,True,0x02,"NO_IRQ,OK,NO_IRQ,NO_IRQ","NONE,DELTA,NONE,NONE",
4.408767,2026-09-01T21:13:01.602+01:00,163290,1563974,194,194,True,True,0x02,"NO_IRQ,OK,NO_IRQ,NO_IRQ","NONE,DELTA,NONE,NONE",
4.419427,2026-09-01T21:13:01.606+01:00,163484,1563975,194,194,True,True,0x02,"NO_IRQ,OK,NO_IRQ,NO_IRQ","NONE,DELTA,NONE,NONE",
4.420098,2026-09-01T21:13:01.617+01:00,163678,1563976,180,180,True,True,0x02,"NO_IRQ,OK,NO_IRQ,NO_IRQ","NONE,DELTA,NONE,NONE",
4.423765,2026-09-01T21:13:01.618+01:00,163858,1563977,154,154,True,True,0x02,"NO_IRQ,OK,NO_IRQ,NO_IRQ","NONE,DELTA,NONE,NONE",
4.428629,2026-09-01T21:13:01.621+01:00,164012,1563978,170,170,True,True,0x02,"NO_IRQ,OK,NO_IRQ,NO_IRQ","NONE,DELTA,NONE,NONE",
4.436746,2026-09-01T21:13:01.626+01:00,164182,1563979,162,162,True,True,0x02,"NO_IRQ,OK,NO_IRQ,NO_IRQ","NONE,DELTA,NONE,NONE",
4.438464,2026-09-01T21:13:01.634+01:00,164344,1563980,184,184,True,True,0x02,"NO_IRQ,OK,NO_IRQ,NO_IRQ","NONE,DELTA,NONE,NONE",
4.444335,2026-09-01T21:13:01.636+01:00,164528,1563981,174,174,True,True,0x02,"NO_IRQ,OK,NO_IRQ,NO_IRQ","NONE,DELTA,NONE,NONE",
4.454199,2026-09-01T21:13:01.642+01:00,164702,1563982,150,150,True,True,0x02,"NO_IRQ,OK,NO_IRQ,NO_IRQ","NONE,DELTA,NONE,NONE",
4.454841,2026-09-01T21:13:01.652+01:00,164852,1563983,146,146,True,True,0x02,"NO_IRQ,OK,NO_IRQ,NO_IRQ","NONE,DELTA,NONE,NONE",
4.458798,2026-09-01T21:13:01.652+01:00,164998,1563984,172,172,True,True,0x02,"NO_IRQ,OK,NO_IRQ,NO_IRQ","NONE,DELTA,NONE,NONE",
4.469665,2026-09-01T21:13:01.656+01:00,165170,1563985,180,180,True,True,0x02,"NO_IRQ,OK,NO_IRQ,NO_IRQ","NONE,DELTA,NONE,NONE",
4.470612,2026-09-01T21:13:01.667+01:00,165350,1563986,154,154,True,True,0x02,"NO_IRQ,OK,NO_IRQ,NO_IRQ","NONE,DELTA,NONE,NONE",
4.473614,2026-09-01T21:13:01.668+01:00,165504,1563987,186,186,True,True,0x02,"NO_IRQ,OK,NO_IRQ,NO_IRQ","NONE,DELTA,NONE,NONE",
4.478603,2026-09-01T21:13:01.671+01:00,165690,1563988,204,204,True,True,0x02,"NO_IRQ,OK,NO_IRQ,NO_IRQ","NONE,DELTA,NONE,NONE",
4.488171,2026-09-01T21:13:01.676+01:00,165894,1563989,182,182,True,True,0x02,"NO_IRQ,OK,NO_IRQ,NO_IRQ","NONE,DELTA,NONE,NONE",
4.489035,2026-09-01T21:13:01.686+01:00,166076,1563990,172,172,True,True,0x02,"NO_IRQ,OK,NO_IRQ,NO_IRQ","NONE,DELTA,NONE,NONE",
4.493818,2026-09-01T21:13:01.687+01:00,166248,1563991,196,196,True,True,0x02,"NO_IRQ,OK,NO_IRQ,NO_IRQ","NONE,DELTA,NONE,NONE",
4.499596,2026-09-01T21:13:01.691+01:00,166444,1563992,186,186,True,True,0x02,"NO_IRQ,OK,NO_IRQ,NO_IRQ","NONE,DELTA,NONE,NONE",
4.504039,2026-09-01T21:13:01.697+01:00,166630,1563993,144,144,True,True,0x02,"NO_IRQ,OK,NO_IRQ,NO_IRQ","NONE,DELTA,NONE,NONE",
4.508423,2026-09-01T21:13:01.702+01:00,166774,1563994,188,188,True,True,0x02,"NO_IRQ,OK,NO_IRQ,NO_IRQ","NONE,DELTA,NONE,NONE",
4.513318,2026-09-01T21:13:01.706+01:00,166962,1563995,164,164,True,True,0x02,"NO_IRQ,OK,NO_IRQ,NO_IRQ","NONE,DELTA,NONE,NONE",
4.528180,2026-09-01T21:13:01.711+01:00,167126,1563996,192,192,True,True,0x02,"NO_IRQ,OK,NO_IRQ,NO_IRQ","NONE,DELTA,NONE,NONE",
4.528834,2026-09-01T21:13:01.726+01:00,167318,1563997,158,158,True,True,0x02,"NO_IRQ,OK,NO_IRQ,NO_IRQ","NONE,DELTA,NONE,NONE",
4.529423,2026-09-01T21:13:01.726+01:00,167476,1563998,180,180,True,True,0x02,"NO_IRQ,OK,NO_IRQ,NO_IRQ","NONE,DELTA,NONE,NONE",
4.533909,2026-09-01T21:13:01.727+01:00,167656,1563999,196,196,True,True,0x02,"NO_IRQ,OK,NO_IRQ,NO_IRQ","NONE,DELTA,NONE,NONE",
4.538344,2026-09-01T21:13:01.731+01:00,167852,1564000,184,184,True,True,0x02,"NO_IRQ,OK,NO_IRQ,NO_IRQ","NONE,DELTA,NONE,NONE",
4.544966,2026-09-01T21:13:01.736+01:00,168036,1564001,202,202,True,True,0x02,"NO_IRQ,OK,NO_IRQ,NO_IRQ","NONE,DELTA,NONE,NONE",
4.548718,2026-09-01T21:13:01.743+01:00,168238,1564002,188,188,True,True,0x02,"NO_IRQ,OK,NO_IRQ,NO_IRQ","NONE,DELTA,NONE,NONE",
4.553672,2026-09-01T21:13:01.746+01:00,168426,1564003,182,182,True,True,0x02,"NO_IRQ,OK,NO_IRQ,NO_IRQ","NONE,DELTA,NONE,NONE",
4.560922,2026-09-01T21:13:01.751+01:00,168608,1564004,184,184,True,True,0x02,"NO_IRQ,OK,NO_IRQ,NO_IRQ","NONE,DELTA,NONE,NONE",
4.563923,2026-09-01T21:13:01.758+01:00,168792,1564005,184,184,True,True,0x02,"NO_IRQ,OK,NO_IRQ,NO_IRQ","NONE,DELTA,NONE,NONE",
4.568362,2026-09-01T21:13:01.761+01:00,168976,1564006,196,196,True,True,0x02,"NO_IRQ,OK,NO_IRQ,NO_IRQ","NONE,DELTA,NONE,NONE",
4.576982,2026-09-01T21:13:01.766+01:00,169172,1564007,160,160,True,True,0x02,"NO_IRQ,OK,NO_IRQ,NO_IRQ","NONE,DELTA,NONE,NONE",
4.578570,2026-09-01T21:13:01.775+01:00,169332,1564008,182,182,True,True,0x02,"NO_IRQ,OK,NO_IRQ,NO_IRQ","NONE,DELTA,NONE,NONE",
4.583811,2026-09-01T21:13:01.776+01:00,169514,1564009,150,150,True,True,0x02,"NO_IRQ,OK,NO_IRQ,NO_IRQ","NONE,DELTA,NONE,NONE",
4.588578,2026-09-01T21:13:01.781+01:00,169664,1564010,184,184,True,True,0x02,"NO_IRQ,OK,NO_IRQ,NO_IRQ","NONE,DELTA,NONE,NONE",
4.596412,2026-09-01T21:13:01.786+01:00,169848,1564011,188,188,True,True,0x02,"NO_IRQ,OK,NO_IRQ,NO_IRQ","NONE,DELTA,NONE,NONE",
4.598597,2026-09-01T21:13:01.794+01:00,170036,1564012,192,192,True,True,0x02,"NO_IRQ,OK,NO_IRQ,NO_IRQ","NONE,DELTA,NONE,NONE",
4.603471,2026-09-01T21:13:01.796+01:00,170228,1564013,166,166,True,True,0x02,"NO_IRQ,OK,NO_IRQ,NO_IRQ","NONE,DELTA,NONE,NONE",
4.612291,2026-09-01T21:13:01.801+01:00,170394,1564014,180,180,True,True,0x02,"NO_IRQ,OK,NO_IRQ,NO_IRQ","NONE,DELTA,NONE,NONE",
4.613305,2026-09-01T21:13:01.810+01:00,170574,1564015,168,168,True,True,0x02,"NO_IRQ,OK,NO_IRQ,NO_IRQ","NONE,DELTA,NONE,NONE",
4.619145,2026-09-01T21:13:01.811+01:00,170742,1564016,178,178,True,True,0x02,"NO_IRQ,OK,NO_IRQ,NO_IRQ","NONE,DELTA,NONE,NONE",
4.623515,2026-09-01T21:13:01.817+01:00,170920,1564017,190,190,True,True,0x02,"NO_IRQ,OK,NO_IRQ,NO_IRQ","NONE,DELTA,NONE,NONE",
4.629930,2026-09-01T21:13:01.821+01:00,171110,1564018,186,186,True,True,0x02,"NO_IRQ,OK,NO_IRQ,NO_IRQ","NONE,DELTA,NONE,NONE",
4.633807,2026-09-01T21:13:01.827+01:00,171296,1564019,174,174,True,True,0x02,"NO_IRQ,OK,NO_IRQ,NO_IRQ","NONE,DELTA,NONE,NONE",
4.638487,2026-09-01T21:13:01.831+01:00,171470,1564020,174,174,True,True,0x02,"NO_IRQ,OK,NO_IRQ,NO_IRQ","NONE,DELTA,NONE,NONE",
4.647445,2026-09-01T21:13:01.836+01:00,171644,1564021,188,188,True,True,0x02,"NO_IRQ,OK,NO_IRQ,NO_IRQ","NONE,DELTA,NONE,NONE",
4.648400,2026-09-01T21:13:01.845+01:00,171832,1564022,186,186,True,True,0x02,"NO_IRQ,OK,NO_IRQ,NO_IRQ","NONE,DELTA,NONE,NONE",
4.653855,2026-09-01T21:13:01.846+01:00,172018,1564023,182,182,True,True,0x02,"NO_IRQ,OK,NO_IRQ,NO_IRQ","NONE,DELTA,NONE,NONE",
4.658159,2026-09-01T21:13:01.851+01:00,172200,1564024,190,190,True,True,0x02,"NO_IRQ,OK,NO_IRQ,NO_IRQ","NONE,DELTA,NONE,NONE",
4.664625,2026-09-01T21:13:01.856+01:00,172390,1564025,170,170,True,True,0x02,"NO_IRQ,OK,NO_IRQ,NO_IRQ","NONE,DELTA,NONE,NONE",
4.668179,2026-09-01T21:13:01.862+01:00,172560,1564026,182,182,True,True,0x02,"NO_IRQ,OK,NO_IRQ,NO_IRQ","NONE,DELTA,NONE,NONE",
4.673203,2026-09-01T21:13:01.866+01:00,172742,1564027,172,172,True,True,0x02,"NO_IRQ,OK,NO_IRQ,NO_IRQ","NONE,DELTA,NONE,NONE",
4.685730,2026-09-01T21:13:01.871+01:00,172914,1564028,186,186,True,True,0x02,"NO_IRQ,OK,NO_IRQ,NO_IRQ","NONE,DELTA,NONE,NONE",
4.686076,2026-09-01T21:13:01.883+01:00,173100,1564029,162,162,True,True,0x02,"NO_IRQ,OK,NO_IRQ,NO_IRQ","NONE,DELTA,NONE,NONE",
4.696015,2026-09-01T21:13:01.884+01:00,173262,1564030,200,200,True,True,0x02,"NO_IRQ,OK,NO_IRQ,NO_IRQ","NONE,DELTA,NONE,NONE",
4.699186,2026-09-01T21:13:01.896+01:00,173462,1564031,158,158,True,True,0x02,"NO_IRQ,OK,NO_IRQ,NO_IRQ","NONE,DELTA,NONE,NONE",
4.699850,2026-09-01T21:13:01.897+01:00,173620,1564032,184,184,True,True,0x02,"NO_IRQ,OK,NO_IRQ,NO_IRQ","NONE,DELTA,NONE,NONE",
4.703258,2026-09-01T21:13:01.897+01:00,173804,1564033,170,170,True,True,0x02,"NO_IRQ,OK,NO_IRQ,NO_IRQ","NONE,DELTA,NONE,NONE",
4.708123,2026-09-01T21:13:01.901+01:00,173974,1564034,176,176,True,True,0x02,"NO_IRQ,OK,NO_IRQ,NO_IRQ","NONE,DELTA,NONE,NONE",
4.715042,2026-09-01T21:13:01.906+01:00,174150,1564035,182,182,True,True,0x02,"NO_IRQ,OK,NO_IRQ,NO_IRQ","NONE,DELTA,NONE,NONE",
4.718401,2026-09-01T21:13:01.913+01:00,174332,1564036,202,202,True,True,0x02,"NO_IRQ,OK,NO_IRQ,NO_IRQ","NONE,DELTA,NONE,NONE",
4.723242,2026-09-01T21:13:01.916+01:00,174534,1564037,180,180,True,True,0x02,"NO_IRQ,OK,NO_IRQ,NO_IRQ","NONE,DELTA,NONE,NONE",
4.731712,2026-09-01T21:13:01.921+01:00,174714,1564038,186,186,True,True,0x02,"NO_IRQ,OK,NO_IRQ,NO_IRQ","NONE,DELTA,NONE,NONE",
4.733085,2026-09-01T21:13:01.929+01:00,174900,1564039,186,186,True,True,0x02,"NO_IRQ,OK,NO_IRQ,NO_IRQ","NONE,DELTA,NONE,NONE",
4.738528,2026-09-01T21:13:01.931+01:00,175086,1564040,176,176,True,True,0x02,"NO_IRQ,OK,NO_IRQ,NO_IRQ","NONE,DELTA,NONE,NONE",
4.748721,2026-09-01T21:13:01.936+01:00,175262,1564041,202,202,True,True,0x02,"NO_IRQ,OK,NO_IRQ,NO_IRQ","NONE,DELTA,NONE,NONE",
4.749357,2026-09-01T21:13:01.946+01:00,175464,1564042,200,200,True,True,0x02,"NO_IRQ,OK,NO_IRQ,NO_IRQ","NONE,DELTA,NONE,NONE",
4.753475,2026-09-01T21:13:01.947+01:00,175664,1564043,180,180,True,True,0x02,"NO_IRQ,OK,NO_IRQ,NO_IRQ","NONE,DELTA,NONE,NONE",
4.758300,2026-09-01T21:13:01.951+01:00,175844,1564044,176,176,True,True,0x02,"NO_IRQ,OK,NO_IRQ,NO_IRQ","NONE,DELTA,NONE,NONE",
4.765601,2026-09-01T21:13:01.956+01:00,176020,1564045,206,206,True,True,0x02,"NO_IRQ,OK,NO_IRQ,NO_IRQ","NONE,DELTA,NONE,NONE",
4.768101,2026-09-01T21:13:01.963+01:00,176226,1564046,186,186,True,True,0x02,"NO_IRQ,OK,NO_IRQ,NO_IRQ","NONE,DELTA,NONE,NONE",
4.773131,2026-09-01T21:13:01.966+01:00,176412,1564047,188,188,True,True,0x02,"NO_IRQ,OK,NO_IRQ,NO_IRQ","NONE,DELTA,NONE,NONE",
4.780901,2026-09-01T21:13:01.971+01:00,176600,1564048,170,170,True,True,0x02,"NO_IRQ,OK,NO_IRQ,NO_IRQ","NONE,DELTA,NONE,NONE",
4.783168,2026-09-01T21:13:01.978+01:00,176770,1564049,154,154,True,True,0x02,"NO_IRQ,OK,NO_IRQ,NO_IRQ","NONE,DELTA,NONE,NONE",
4.788113,2026-09-01T21:13:01.981+01:00,176924,1564050,180,180,True,True,0x02,"NO_IRQ,OK,NO_IRQ,NO_IRQ","NONE,DELTA,NONE,NONE",
4.798248,2026-09-01T21:13:01.986+01:00,177104,1564051,154,154,True,True,0x02,"NO_IRQ,OK,NO_IRQ,NO_IRQ","NONE,DELTA,NONE,NONE",
4.799001,2026-09-01T21:13:01.996+01:00,177258,1564052,176,176,True,True,0x02,"NO_IRQ,OK,NO_IRQ,NO_IRQ","NONE,DELTA,NONE,NONE",
4.803205,2026-09-01T21:13:01.996+01:00,177434,1564053,162,162,True,True,0x02,"NO_IRQ,OK,NO_IRQ,NO_IRQ","NONE,DELTA,NONE,NONE",
4.813171,2026-09-01T21:13:02.001+01:00,177596,1564054,170,170,True,True,0x02,"NO_IRQ,OK,NO_IRQ,NO_IRQ","NONE,DELTA,NONE,NONE",
4.814094,2026-09-01T21:13:02.011+01:00,177766,1564055,138,138,True,True,0x02,"NO_IRQ,OK,NO_IRQ,NO_IRQ","NONE,DELTA,NONE,NONE",
4.818592,2026-09-01T21:13:02.012+01:00,177904,1564056,172,172,True,True,0x02,"NO_IRQ,OK,NO_IRQ,NO_IRQ","NONE,DELTA,NONE,NONE",
4.823014,2026-09-01T21:13:02.016+01:00,178076,1564057,188,188,True,True,0x02,"NO_IRQ,OK,NO_IRQ,NO_IRQ","NONE,DELTA,NONE,NONE",
4.829002,2026-09-01T21:13:02.021+01:00,178264,1564058,192,192,True,True,0x02,"NO_IRQ,OK,NO_IRQ,NO_IRQ","NONE,DELTA,NONE,NONE",
4.832934,2026-09-01T21:13:02.026+01:00,178456,1564059,196,196,True,True,0x02,"NO_IRQ,OK,NO_IRQ,NO_IRQ","NONE,DELTA,NONE,NONE",
4.838231,2026-09-01T21:13:02.030+01:00,178652,1564060,168,168,True,True,0x02,"NO_IRQ,OK,NO_IRQ,NO_IRQ","NONE,DELTA,NONE,NONE",
4.843167,2026-09-01T21:13:02.036+01:00,178820,1564061,200,200,True,True,0x02,"NO_IRQ,OK,NO_IRQ,NO_IRQ","NONE,DELTA,NONE,NONE",
4.856923,2026-09-01T21:13:02.041+01:00,179020,1564062,202,202,True,True,0x02,"NO_IRQ,OK,NO_IRQ,NO_IRQ","NONE,DELTA,NONE,NONE",
4.857798,2026-09-01T21:13:02.054+01:00,179222,1564063,180,180,True,True,0x02,"NO_IRQ,OK,NO_IRQ,NO_IRQ","NONE,DELTA,NONE,NONE",
4.858390,2026-09-01T21:13:02.055+01:00,179402,1564064,170,170,True,True,0x02,"NO_IRQ,OK,NO_IRQ,NO_IRQ","NONE,DELTA,NONE,NONE",
4.862986,2026-09-01T21:13:02.056+01:00,179572,1564065,188,188,True,True,0x02,"NO_IRQ,OK,NO_IRQ,NO_IRQ","NONE,DELTA,NONE,NONE",
4.873498,2026-09-01T21:13:02.060+01:00,179760,1564066,178,178,True,True,0x02,"NO_IRQ,OK,NO_IRQ,NO_IRQ","NONE,DELTA,NONE,NONE",
4.874257,2026-09-01T21:13:02.071+01:00,179938,1564067,182,182,True,True,0x02,"NO_IRQ,OK,NO_IRQ,NO_IRQ","NONE,DELTA,NONE,NONE",
4.877931,2026-09-01T21:13:02.072+01:00,180120,1564068,192,192,True,True,0x02,"NO_IRQ,OK,NO_IRQ,NO_IRQ","NONE,DELTA,NONE,NONE",
4.883698,2026-09-01T21:13:02.076+01:00,180312,1564069,178,178,True,True,0x02,"NO_IRQ,OK,NO_IRQ,NO_IRQ","NONE,DELTA,NONE,NONE",
4.890364,2026-09-01T21:13:02.081+01:00,180490,1564070,1084,1084,True,True,0x02,"NO_IRQ,OK,NO_IRQ,NO_IRQ","NONE,DELTA_SYNC,NONE,NONE",
4.893201,2026-09-01T21:13:02.088+01:00,181574,1564071,232,232,True,True,0x02,"NO_IRQ,OK,NO_IRQ,NO_IRQ","NONE,DELTA,NONE,NONE",
4.898172,2026-09-01T21:13:02.091+01:00,181806,1564072,242,242,True,True,0x02,"NO_IRQ,OK,NO_IRQ,NO_IRQ","NONE,DELTA,NONE,NONE",
4.906597,2026-09-01T21:13:02.096+01:00,182048,1564073,180,180,True,True,0x02,"NO_IRQ,OK,NO_IRQ,NO_IRQ","NONE,DELTA,NONE,NONE",
4.907749,2026-09-01T21:13:02.104+01:00,182228,1564074,178,178,True,True,0x02,"NO_IRQ,OK,NO_IRQ,NO_IRQ","NONE,DELTA,NONE,NONE",
4.913088,2026-09-01T21:13:02.105+01:00,182406,1564075,182,182,True,True,0x02,"NO_IRQ,OK,NO_IRQ,NO_IRQ","NONE,DELTA,NONE,NONE",
4.923544,2026-09-01T21:13:02.111+01:00,182588,1564076,176,176,True,True,0x02,"NO_IRQ,OK,NO_IRQ,NO_IRQ","NONE,DELTA,NONE,NONE",
4.923883,2026-09-01T21:13:02.121+01:00,182764,1564077,168,168,True,True,0x02,"NO_IRQ,OK,NO_IRQ,NO_IRQ","NONE,DELTA,NONE,NONE",
4.928513,2026-09-01T21:13:02.121+01:00,182932,1564078,192,192,True,True,0x02,"NO_IRQ,OK,NO_IRQ,NO_IRQ","NONE,DELTA,NONE,NONE",
4.932838,2026-09-01T21:13:02.126+01:00,183124,1564079,202,202,True,True,0x02,"NO_IRQ,OK,NO_IRQ,NO_IRQ","NONE,DELTA,NONE,NONE",
4.940538,2026-09-01T21:13:02.130+01:00,183326,1564080,172,172,True,True,0x02,"NO_IRQ,OK,NO_IRQ,NO_IRQ","NONE,DELTA,NONE,NONE",
4.942969,2026-09-01T21:13:02.138+01:00,183498,1564081,176,176,True,True,0x02,"NO_IRQ,OK,NO_IRQ,NO_IRQ","NONE,DELTA,NONE,NONE",
4.948245,2026-09-01T21:13:02.140+01:00,183674,1564082,186,186,True,True,0x02,"NO_IRQ,OK,NO_IRQ,NO_IRQ","NONE,DELTA,NONE,NONE",
4.953483,2026-09-01T21:13:02.146+01:00,183860,1564083,200,200,True,True,0x02,"NO_IRQ,OK,NO_IRQ,NO_IRQ","NONE,DELTA,NONE,NONE",
4.957511,2026-09-01T21:13:02.153+01:00,184060,1564084,184,184,True,True,0x02,"NO_IRQ,OK,NO_IRQ,NO_IRQ","NONE,DELTA,NONE,NONE",
4.962836,2026-09-01T21:13:02.155+01:00,184244,1564085,200,200,True,True,0x02,"NO_IRQ,OK,NO_IRQ,NO_IRQ","NONE,DELTA,NONE,NONE",
4.971778,2026-09-01T21:13:02.161+01:00,184444,1564086,186,186,True,True,0x02,"NO_IRQ,OK,NO_IRQ,NO_IRQ","NONE,DELTA,NONE,NONE",
4.972957,2026-09-01T21:13:02.169+01:00,184630,1564087,172,172,True,True,0x02,"NO_IRQ,OK,NO_IRQ,NO_IRQ","NONE,DELTA,NONE,NONE",
4.977993,2026-09-01T21:13:02.170+01:00,184802,1564088,164,164,True,True,0x02,"NO_IRQ,OK,NO_IRQ,NO_IRQ","NONE,DELTA,NONE,NONE",
4.983208,2026-09-01T21:13:02.175+01:00,184966,1564089,180,180,True,True,0x02,"NO_IRQ,OK,NO_IRQ,NO_IRQ","NONE,DELTA,NONE,NONE",
4.987541,2026-09-01T21:13:02.182+01:00,185146,1564090,180,180,True,True,0x02,"NO_IRQ,OK,NO_IRQ,NO_IRQ","NONE,DELTA,NONE,NONE",
4.992656,2026-09-01T21:13:02.185+01:00,185326,1564091,164,164,True,True,0x02,"NO_IRQ,OK,NO_IRQ,NO_IRQ","NONE,DELTA,NONE,NONE",
4.997597,2026-09-01T21:13:02.190+01:00,185490,1564092,182,182,True,True,0x02,"NO_IRQ,OK,NO_IRQ,NO_IRQ","NONE,DELTA,NONE,NONE",
5.009914,2026-09-01T21:13:02.195+01:00,185672,1564093,202,202,True,True,0x02,"NO_IRQ,OK,NO_IRQ,NO_IRQ","NONE,DELTA,NONE,NONE",
5.010260,2026-09-01T21:13:02.207+01:00,185874,1564094,170,170,True,True,0x02,"NO_IRQ,OK,NO_IRQ,NO_IRQ","NONE,DELTA,NONE,NONE",
5.012445,2026-09-01T21:13:02.208+01:00,186044,1564095,170,170,True,True,0x02,"NO_IRQ,OK,NO_IRQ,NO_IRQ","NONE,DELTA,NONE,NONE",
5.025650,2026-09-01T21:13:02.210+01:00,186214,1564096,176,176,True,True,0x02,"NO_IRQ,OK,NO_IRQ,NO_IRQ","NONE,DELTA,NONE,NONE",
5.026306,2026-09-01T21:13:02.223+01:00,186390,1564097,172,172,True,True,0x02,"NO_IRQ,OK,NO_IRQ,NO_IRQ","NONE,DELTA,NONE,NONE",
5.027666,2026-09-01T21:13:02.224+01:00,186562,1564098,196,196,True,True,0x02,"NO_IRQ,OK,NO_IRQ,NO_IRQ","NONE,DELTA,NONE,NONE",
5.032632,2026-09-01T21:13:02.225+01:00,186758,1564099,198,198,True,True,0x02,"NO_IRQ,OK,NO_IRQ,NO_IRQ","NONE,DELTA,NONE,NONE",
5.042425,2026-09-01T21:13:02.230+01:00,186956,1564100,180,180,True,True,0x02,"NO_IRQ,OK,NO_IRQ,NO_IRQ","NONE,DELTA,NONE,NONE",
5.043260,2026-09-01T21:13:02.240+01:00,187136,1564101,170,170,True,True,0x02,"NO_IRQ,OK,NO_IRQ,NO_IRQ","NONE,DELTA,NONE,NONE",
5.047847,2026-09-01T21:13:02.241+01:00,187306,1564102,180,180,True,True,0x02,"NO_IRQ,OK,NO_IRQ,NO_IRQ","NONE,DELTA,NONE,NONE",
5.058237,2026-09-01T21:13:02.245+01:00,187486,1564103,154,154,True,True,0x02,"NO_IRQ,OK,NO_IRQ,NO_IRQ","NONE,DELTA,NONE,NONE",
5.058837,2026-09-01T21:13:02.256+01:00,187640,1564104,156,156,True,True,0x02,"NO_IRQ,OK,NO_IRQ,NO_IRQ","NONE,DELTA,NONE,NONE",
5.062682,2026-09-01T21:13:02.256+01:00,187796,1564105,174,174,True,True,0x02,"NO_IRQ,OK,NO_IRQ,NO_IRQ","NONE,DELTA,NONE,NONE",
5.067607,2026-09-01T21:13:02.260+01:00,187970,1564106,188,188,True,True,0x02,"NO_IRQ,OK,NO_IRQ,NO_IRQ","NONE,DELTA,NONE,NONE",
5.074906,2026-09-01T21:13:02.265+01:00,188158,1564107,168,168,True,True,0x02,"NO_IRQ,OK,NO_IRQ,NO_IRQ","NONE,DELTA,NONE,NONE",
5.077771,2026-09-01T21:13:02.273+01:00,188326,1564108,170,170,True,True,0x02,"NO_IRQ,OK,NO_IRQ,NO_IRQ","NONE,DELTA,NONE,NONE",
5.082548,2026-09-01T21:13:02.275+01:00,188496,1564109,182,182,True,True,0x02,"NO_IRQ,OK,NO_IRQ,NO_IRQ","NONE,DELTA,NONE,NONE",
5.090812,2026-09-01T21:13:02.280+01:00,188678,1564110,180,180,True,True,0x02,"NO_IRQ,OK,NO_IRQ,NO_IRQ","NONE,DELTA,NONE,NONE",
5.092497,2026-09-01T21:13:02.288+01:00,188858,1564111,168,168,True,True,0x02,"NO_IRQ,OK,NO_IRQ,NO_IRQ","NONE,DELTA,NONE,NONE",
5.097609,2026-09-01T21:13:02.290+01:00,189026,1564112,164,164,True,True,0x02,"NO_IRQ,OK,NO_IRQ,NO_IRQ","NONE,DELTA,NONE,NONE",
5.106877,2026-09-01T21:13:02.295+01:00,189190,1564113,190,190,True,True,0x02,"NO_IRQ,OK,NO_IRQ,NO_IRQ","NONE,DELTA,NONE,NONE",
5.107564,2026-09-01T21:13:02.304+01:00,189380,1564114,172,172,True,True,0x02,"NO_IRQ,OK,NO_IRQ,NO_IRQ","NONE,DELTA,NONE,NONE",
5.112673,2026-09-01T21:13:02.305+01:00,189552,1564115,190,190,True,True,0x02,"NO_IRQ,OK,NO_IRQ,NO_IRQ","NONE,DELTA,NONE,NONE",
5.123012,2026-09-01T21:13:02.310+01:00,189742,1564116,154,154,True,True,0x02,"NO_IRQ,OK,NO_IRQ,NO_IRQ","NONE,DELTA,NONE,NONE",
5.124071,2026-09-01T21:13:02.321+01:00,189896,1564117,184,184,True,True,0x02,"NO_IRQ,OK,NO_IRQ,NO_IRQ","NONE,DELTA,NONE,NONE",
5.127813,2026-09-01T21:13:02.322+01:00,190080,1564118,170,170,True,True,0x02,"NO_IRQ,OK,NO_IRQ,NO_IRQ","NONE,DELTA,NONE,NONE",
5.132697,2026-09-01T21:13:02.325+01:00,190250,1564119,196,196,True,True,0x02,"NO_IRQ,OK,NO_IRQ,NO_IRQ","NONE,DELTA,NONE,NONE",
5.140784,2026-09-01T21:13:02.330+01:00,190446,1564120,166,166,True,True,0x02,"NO_IRQ,OK,NO_IRQ,NO_IRQ","NONE,DELTA,NONE,NONE",
5.142248,2026-09-01T21:13:02.338+01:00,190612,1564121,178,178,True,True,0x02,"NO_IRQ,OK,NO_IRQ,NO_IRQ","NONE,DELTA,NONE,NONE",
5.147814,2026-09-01T21:13:02.340+01:00,190790,1564122,180,180,True,True,0x02,"NO_IRQ,OK,NO_IRQ,NO_IRQ","NONE,DELTA,NONE,NONE",
5.153388,2026-09-01T21:13:02.345+01:00,190970,1564123,186,186,True,True,0x02,"NO_IRQ,OK,NO_IRQ,NO_IRQ","NONE,DELTA,NONE,NONE",
5.157942,2026-09-01T21:13:02.351+01:00,191156,1564124,176,176,True,True,0x02,"NO_IRQ,OK,NO_IRQ,NO_IRQ","NONE,DELTA,NONE,NONE",
5.162294,2026-09-01T21:13:02.355+01:00,191332,1564125,152,152,True,True,0x02,"NO_IRQ,OK,NO_IRQ,NO_IRQ","NONE,DELTA,NONE,NONE",
5.167274,2026-09-01T21:13:02.360+01:00,191484,1564126,180,180,True,True,0x02,"NO_IRQ,OK,NO_IRQ,NO_IRQ","NONE,DELTA,NONE,NONE",
5.182650,2026-09-01T21:13:02.365+01:00,191664,1564127,180,180,True,True,0x02,"NO_IRQ,OK,NO_IRQ,NO_IRQ","NONE,DELTA,NONE,NONE",
5.183373,2026-09-01T21:13:02.380+01:00,191844,1564128,190,190,True,True,0x02,"NO_IRQ,OK,NO_IRQ,NO_IRQ","NONE,DELTA,NONE,NONE",
5.184214,2026-09-01T21:13:02.381+01:00,192034,1564129,148,148,True,True,0x02,"NO_IRQ,OK,NO_IRQ,NO_IRQ","NONE,DELTA,NONE,NONE",
5.187411,2026-09-01T21:13:02.382+01:00,192182,1564130,186,186,True,True,0x02,"NO_IRQ,OK,NO_IRQ,NO_IRQ","NONE,DELTA,NONE,NONE",
5.192211,2026-09-01T21:13:02.385+01:00,192368,1564131,184,184,True,True,0x02,"NO_IRQ,OK,NO_IRQ,NO_IRQ","NONE,DELTA,NONE,NONE",
5.199519,2026-09-01T21:13:02.390+01:00,192552,1564132,200,200,True,True,0x02,"NO_IRQ,OK,NO_IRQ,NO_IRQ","NONE,DELTA,NONE,NONE",
5.202408,2026-09-01T21:13:02.397+01:00,192752,1564133,180,180,True,True,0x02,"NO_IRQ,OK,NO_IRQ,NO_IRQ","NONE,DELTA,NONE,NONE",
5.207334,2026-09-01T21:13:02.400+01:00,192932,1564134,188,188,True,True,0x02,"NO_IRQ,OK,NO_IRQ,NO_IRQ","NONE,DELTA,NONE,NONE",
5.215500,2026-09-01T21:13:02.405+01:00,193120,1564135,176,176,True,True,0x02,"NO_IRQ,OK,NO_IRQ,NO_IRQ","NONE,DELTA,NONE,NONE",
5.217453,2026-09-01T21:13:02.413+01:00,193296,1564136,170,170,True,True,0x02,"NO_IRQ,OK,NO_IRQ,NO_IRQ","NONE,DELTA,NONE,NONE",
5.222216,2026-09-01T21:13:02.415+01:00,193466,1564137,172,172,True,True,0x02,"NO_IRQ,OK,NO_IRQ,NO_IRQ","NONE,DELTA,NONE,NONE",
5.232651,2026-09-01T21:13:02.420+01:00,193638,1564138,192,192,True,True,0x02,"NO_IRQ,OK,NO_IRQ,NO_IRQ","NONE,DELTA,NONE,NONE",
5.233632,2026-09-01T21:13:02.430+01:00,193830,1564139,178,178,True,True,0x02,"NO_IRQ,OK,NO_IRQ,NO_IRQ","NONE,DELTA,NONE,NONE",
5.237306,2026-09-01T21:13:02.431+01:00,194008,1564140,200,200,True,True,0x02,"NO_IRQ,OK,NO_IRQ,NO_IRQ","NONE,DELTA,NONE,NONE",
5.242517,2026-09-01T21:13:02.435+01:00,194208,1564141,196,196,True,True,0x02,"NO_IRQ,OK,NO_IRQ,NO_IRQ","NONE,DELTA,NONE,NONE",
5.249625,2026-09-01T21:13:02.440+01:00,194404,1564142,168,168,True,True,0x02,"NO_IRQ,OK,NO_IRQ,NO_IRQ","NONE,DELTA,NONE,NONE",
5.252414,2026-09-01T21:13:02.447+01:00,194572,1564143,180,180,True,True,0x02,"NO_IRQ,OK,NO_IRQ,NO_IRQ","NONE,DELTA,NONE,NONE",
5.257637,2026-09-01T21:13:02.450+01:00,194752,1564144,164,164,True,True,0x02,"NO_IRQ,OK,NO_IRQ,NO_IRQ","NONE,DELTA,NONE,NONE",
5.266614,2026-09-01T21:13:02.455+01:00,194916,1564145,182,182,True,True,0x02,"NO_IRQ,OK,NO_IRQ,NO_IRQ","NONE,DELTA,NONE,NONE",
5.267373,2026-09-01T21:13:02.464+01:00,195098,1564146,164,164,True,True,0x02,"NO_IRQ,OK,NO_IRQ,NO_IRQ","NONE,DELTA,NONE,NONE",
5.272219,2026-09-01T21:13:02.465+01:00,195262,1564147,168,168,True,True,0x02,"NO_IRQ,OK,NO_IRQ,NO_IRQ","NONE,DELTA,NONE,NONE",
5.283101,2026-09-01T21:13:02.470+01:00,195430,1564148,152,152,True,True,0x02,"NO_IRQ,OK,NO_IRQ,NO_IRQ","NONE,DELTA,NONE,NONE",
5.283621,2026-09-01T21:13:02.481+01:00,195582,1564149,178,178,True,True,0x02,"NO_IRQ,OK,NO_IRQ,NO_IRQ","NONE,DELTA,NONE,NONE",
5.288070,2026-09-01T21:13:02.481+01:00,195760,1564150,176,176,True,True,0x02,"NO_IRQ,OK,NO_IRQ,NO_IRQ","NONE,DELTA,NONE,NONE",
5.292036,2026-09-01T21:13:02.486+01:00,195936,1564151,184,184,True,True,0x02,"NO_IRQ,OK,NO_IRQ,NO_IRQ","NONE,DELTA,NONE,NONE",
5.300497,2026-09-01T21:13:02.490+01:00,196120,1564152,186,186,True,True,0x02,"NO_IRQ,OK,NO_IRQ,NO_IRQ","NONE,DELTA,NONE,NONE",
5.302446,2026-09-01T21:13:02.498+01:00,196306,1564153,180,180,True,True,0x02,"NO_IRQ,OK,NO_IRQ,NO_IRQ","NONE,DELTA,NONE,NONE",
5.307172,2026-09-01T21:13:02.500+01:00,196486,1564154,186,186,True,True,0x02,"NO_IRQ,OK,NO_IRQ,NO_IRQ","NONE,DELTA,NONE,NONE",
5.312855,2026-09-01T21:13:02.505+01:00,196672,1564155,188,188,True,True,0x02,"NO_IRQ,OK,NO_IRQ,NO_IRQ","NONE,DELTA,NONE,NONE",
5.317939,2026-09-01T21:13:02.510+01:00,196860,1564156,186,186,True,True,0x02,"NO_IRQ,OK,NO_IRQ,NO_IRQ","NONE,DELTA,NONE,NONE",
5.322197,2026-09-01T21:13:02.515+01:00,197046,1564157,182,182,True,True,0x02,"NO_IRQ,OK,NO_IRQ,NO_IRQ","NONE,DELTA,NONE,NONE",
5.326823,2026-09-01T21:13:02.520+01:00,197228,1564158,186,186,True,True,0x02,"NO_IRQ,OK,NO_IRQ,NO_IRQ","NONE,DELTA,NONE,NONE",
5.336644,2026-09-01T21:13:02.524+01:00,197414,1564159,180,180,True,True,0x02,"NO_IRQ,OK,NO_IRQ,NO_IRQ","NONE,DELTA,NONE,NONE",
5.337003,2026-09-01T21:13:02.534+01:00,197594,1564160,190,190,True,True,0x02,"NO_IRQ,OK,NO_IRQ,NO_IRQ","NONE,DELTA,NONE,NONE",
5.352522,2026-09-01T21:13:02.534+01:00,197784,1564161,180,180,True,True,0x02,"NO_IRQ,OK,NO_IRQ,NO_IRQ","NONE,DELTA,NONE,NONE",
5.353214,2026-09-01T21:13:02.550+01:00,197964,1564162,172,172,True,True,0x02,"NO_IRQ,OK,NO_IRQ,NO_IRQ","NONE,DELTA,NONE,NONE",
5.354050,2026-09-01T21:13:02.551+01:00,198136,1564163,176,176,True,True,0x02,"NO_IRQ,OK,NO_IRQ,NO_IRQ","NONE,DELTA,NONE,NONE",
5.357186,2026-09-01T21:13:02.552+01:00,198312,1564164,182,182,True,True,0x02,"NO_IRQ,OK,NO_IRQ,NO_IRQ","NONE,DELTA,NONE,NONE",
5.361739,2026-09-01T21:13:02.555+01:00,198494,1564165,166,166,True,True,0x02,"NO_IRQ,OK,NO_IRQ,NO_IRQ","NONE,DELTA,NONE,NONE",
5.369061,2026-09-01T21:13:02.559+01:00,198660,1564166,194,194,True,True,0x02,"NO_IRQ,OK,NO_IRQ,NO_IRQ","NONE,DELTA,NONE,NONE",
5.372019,2026-09-01T21:13:02.567+01:00,198854,1564167,164,164,True,True,0x02,"NO_IRQ,OK,NO_IRQ,NO_IRQ","NONE,DELTA,NONE,NONE",
5.376929,2026-09-01T21:13:02.569+01:00,199018,1564168,198,198,True,True,0x02,"NO_IRQ,OK,NO_IRQ,NO_IRQ","NONE,DELTA,NONE,NONE",
5.384765,2026-09-01T21:13:02.574+01:00,199216,1564169,182,182,True,True,0x02,"NO_IRQ,OK,NO_IRQ,NO_IRQ","NONE,DELTA,NONE,NONE",
5.386813,2026-09-01T21:13:02.582+01:00,199398,1564170,176,176,True,True,0x02,"NO_IRQ,OK,NO_IRQ,NO_IRQ","NONE,DELTA,NONE,NONE",
5.391873,2026-09-01T21:13:02.584+01:00,199574,1564171,162,162,True,True,0x02,"NO_IRQ,OK,NO_IRQ,NO_IRQ","NONE,DELTA,NONE,NONE",
5.402134,2026-09-01T21:13:02.589+01:00,199736,1564172,180,180,True,True,0x02,"NO_IRQ,OK,NO_IRQ,NO_IRQ","NONE,DELTA,NONE,NONE",
5.402949,2026-09-01T21:13:02.600+01:00,199916,1564173,188,188,True,True,0x02,"NO_IRQ,OK,NO_IRQ,NO_IRQ","NONE,DELTA,NONE,NONE",
5.406824,2026-09-01T21:13:02.600+01:00,200104,1564174,204,204,True,True,0x02,"NO_IRQ,OK,NO_IRQ,NO_IRQ","NONE,DELTA,NONE,NONE",
5.418237,2026-09-01T21:13:02.605+01:00,200308,1564175,172,172,True,True,0x02,"NO_IRQ,OK,NO_IRQ,NO_IRQ","NONE,DELTA,NONE,NONE",
5.418874,2026-09-01T21:13:02.616+01:00,200480,1564176,154,154,True,True,0x02,"NO_IRQ,OK,NO_IRQ,NO_IRQ","NONE,DELTA,NONE,NONE",
5.421705,2026-09-01T21:13:02.616+01:00,200634,1564177,188,188,True,True,0x02,"NO_IRQ,OK,NO_IRQ,NO_IRQ","NONE,DELTA,NONE,NONE",
5.426717,2026-09-01T21:13:02.619+01:00,200822,1564178,192,192,True,True,0x02,"NO_IRQ,OK,NO_IRQ,NO_IRQ","NONE,DELTA,NONE,NONE",
5.435551,2026-09-01T21:13:02.624+01:00,201014,1564179,188,188,True,True,0x02,"NO_IRQ,OK,NO_IRQ,NO_IRQ","NONE,DELTA,NONE,NONE",
5.436785,2026-09-01T21:13:02.633+01:00,201202,1564180,166,166,True,True,0x02,"NO_IRQ,OK,NO_IRQ,NO_IRQ","NONE,DELTA,NONE,NONE",
5.442058,2026-09-01T21:13:02.634+01:00,201368,1564181,184,184,True,True,0x02,"NO_IRQ,OK,NO_IRQ,NO_IRQ","NONE,DELTA,NONE,NONE",
5.451592,2026-09-01T21:13:02.640+01:00,201552,1564182,186,186,True,True,0x02,"NO_IRQ,OK,NO_IRQ,NO_IRQ","NONE,DELTA,NONE,NONE",
5.452230,2026-09-01T21:13:02.649+01:00,201738,1564183,184,184,True,True,0x02,"NO_IRQ,OK,NO_IRQ,NO_IRQ","NONE,DELTA,NONE,NONE",
5.457003,2026-09-01T21:13:02.650+01:00,201922,1564184,166,166,True,True,0x02,"NO_IRQ,OK,NO_IRQ,NO_IRQ","NONE,DELTA,NONE,NONE",
5.467369,2026-09-01T21:13:02.654+01:00,202088,1564185,190,190,True,True,0x02,"NO_IRQ,OK,NO_IRQ,NO_IRQ","NONE,DELTA,NONE,NONE",
5.467678,2026-09-01T21:13:02.665+01:00,202278,1564186,178,178,True,True,0x02,"NO_IRQ,OK,NO_IRQ,NO_IRQ","NONE,DELTA,NONE,NONE",
5.472033,2026-09-01T21:13:02.665+01:00,202456,1564187,162,162,True,True,0x02,"NO_IRQ,OK,NO_IRQ,NO_IRQ","NONE,DELTA,NONE,NONE",
5.476594,2026-09-01T21:13:02.670+01:00,202618,1564188,190,190,True,True,0x02,"NO_IRQ,OK,NO_IRQ,NO_IRQ","NONE,DELTA,NONE,NONE",
5.482434,2026-09-01T21:13:02.674+01:00,202808,1564189,194,194,True,True,0x02,"NO_IRQ,OK,NO_IRQ,NO_IRQ","NONE,DELTA,NONE,NONE",
5.486537,2026-09-01T21:13:02.680+01:00,203002,1564190,168,168,True,True,0x02,"NO_IRQ,OK,NO_IRQ,NO_IRQ","NONE,DELTA,NONE,NONE",
5.491757,2026-09-01T21:13:02.684+01:00,203170,1564191,176,176,True,True,0x02,"NO_IRQ,OK,NO_IRQ,NO_IRQ","NONE,DELTA,NONE,NONE",
5.504672,2026-09-01T21:13:02.689+01:00,203346,1564192,186,186,True,True,0x02,"NO_IRQ,OK,NO_IRQ,NO_IRQ","NONE,DELTA,NONE,NONE",
5.507551,2026-09-01T21:13:02.705+01:00,203532,1564193,180,180,True,True,0x02,"NO_IRQ,OK,NO_IRQ,NO_IRQ","NONE,DELTA,NONE,NONE",
5.508864,2026-09-01T21:13:02.706+01:00,203712,1564194,158,158,True,True,0x02,"NO_IRQ,OK,NO_IRQ,NO_IRQ","NONE,DELTA,NONE,NONE",
5.511505,2026-09-01T21:13:02.706+01:00,203870,1564195,192,192,True,True,0x02,"NO_IRQ,OK,NO_IRQ,NO_IRQ","NONE,DELTA,NONE,NONE",
5.516887,2026-09-01T21:13:02.709+01:00,204062,1564196,182,182,True,True,0x02,"NO_IRQ,OK,NO_IRQ,NO_IRQ","NONE,DELTA,NONE,NONE",
5.524635,2026-09-01T21:13:02.715+01:00,204244,1564197,188,188,True,True,0x02,"NO_IRQ,OK,NO_IRQ,NO_IRQ","NONE,DELTA,NONE,NONE",
5.526521,2026-09-01T21:13:02.722+01:00,204432,1564198,166,166,True,True,0x02,"NO_IRQ,OK,NO_IRQ,NO_IRQ","NONE,DELTA,NONE,NONE",
5.531900,2026-09-01T21:13:02.724+01:00,204598,1564199,184,184,True,True,0x02,"NO_IRQ,OK,NO_IRQ,NO_IRQ","NONE,DELTA,NONE,NONE",
5.541767,2026-09-01T21:13:02.730+01:00,204782,1564200,154,154,True,True,0x02,"NO_IRQ,OK,NO_IRQ,NO_IRQ","NONE,DELTA,NONE,NONE",
5.542376,2026-09-01T21:13:02.739+01:00,204936,1564201,176,176,True,True,0x02,"NO_IRQ,OK,NO_IRQ,NO_IRQ","NONE,DELTA,NONE,NONE",
5.546678,2026-09-01T21:13:02.740+01:00,205112,1564202,156,156,True,True,0x02,"NO_IRQ,OK,NO_IRQ,NO_IRQ","NONE,DELTA,NONE,NONE",
5.551511,2026-09-01T21:13:02.744+01:00,205268,1564203,182,182,True,True,0x02,"NO_IRQ,OK,NO_IRQ,NO_IRQ","NONE,DELTA,NONE,NONE",
5.558769,2026-09-01T21:13:02.749+01:00,205450,1564204,182,182,True,True,0x02,"NO_IRQ,OK,NO_IRQ,NO_IRQ","NONE,DELTA,NONE,NONE",
5.561681,2026-09-01T21:13:02.756+01:00,205632,1564205,188,188,True,True,0x02,"NO_IRQ,OK,NO_IRQ,NO_IRQ","NONE,DELTA,NONE,NONE",
5.566720,2026-09-01T21:13:02.759+01:00,205820,1564206,188,188,True,True,0x02,"NO_IRQ,OK,NO_IRQ,NO_IRQ","NONE,DELTA,NONE,NONE",
5.574911,2026-09-01T21:13:02.764+01:00,206008,1564207,196,196,True,True,0x02,"NO_IRQ,OK,NO_IRQ,NO_IRQ","NONE,DELTA,NONE,NONE",
5.576586,2026-09-01T21:13:02.772+01:00,206204,1564208,200,200,True,True,0x02,"NO_IRQ,OK,NO_IRQ,NO_IRQ","NONE,DELTA,NONE,NONE",
5.581773,2026-09-01T21:13:02.774+01:00,206404,1564209,172,172,True,True,0x02,"NO_IRQ,OK,NO_IRQ,NO_IRQ","NONE,DELTA,NONE,NONE",
5.591844,2026-09-01T21:13:02.780+01:00,206576,1564210,182,182,True,True,0x02,"NO_IRQ,OK,NO_IRQ,NO_IRQ","NONE,DELTA,NONE,NONE",
5.592454,2026-09-01T21:13:02.789+01:00,206758,1564211,176,176,True,True,0x02,"NO_IRQ,OK,NO_IRQ,NO_IRQ","NONE,DELTA,NONE,NONE",
5.596371,2026-09-01T21:13:02.790+01:00,206934,1564212,198,198,True,True,0x02,"NO_IRQ,OK,NO_IRQ,NO_IRQ","NONE,DELTA,NONE,NONE",
5.601487,2026-09-01T21:13:02.794+01:00,207132,1564213,182,182,True,True,0x02,"NO_IRQ,OK,NO_IRQ,NO_IRQ","NONE,DELTA,NONE,NONE",
5.608257,2026-09-01T21:13:02.799+01:00,207314,1564214,172,172,True,True,0x02,"NO_IRQ,OK,NO_IRQ,NO_IRQ","NONE,DELTA,NONE,NONE",
5.611619,2026-09-01T21:13:02.806+01:00,207486,1564215,186,186,True,True,0x02,"NO_IRQ,OK,NO_IRQ,NO_IRQ","NONE,DELTA,NONE,NONE",
5.616448,2026-09-01T21:13:02.809+01:00,207672,1564216,172,172,True,True,0x02,"NO_IRQ,OK,NO_IRQ,NO_IRQ","NONE,DELTA,NONE,NONE",
5.624410,2026-09-01T21:13:02.814+01:00,207844,1564217,194,194,True,True,0x02,"NO_IRQ,OK,NO_IRQ,NO_IRQ","NONE,DELTA,NONE,NONE",
5.626364,2026-09-01T21:13:02.822+01:00,208038,1564218,186,186,True,True,0x02,"NO_IRQ,OK,NO_IRQ,NO_IRQ","NONE,DELTA,NONE,NONE",
5.631742,2026-09-01T21:13:02.824+01:00,208224,1564219,200,200,True,True,0x02,"NO_IRQ,OK,NO_IRQ,NO_IRQ","NONE,DELTA,NONE,NONE",
5.636795,2026-09-01T21:13:02.829+01:00,208424,1564220,176,176,True,True,0x02,"NO_IRQ,OK,NO_IRQ,NO_IRQ","NONE,DELTA,NONE,NONE",
5.641344,2026-09-01T21:13:02.834+01:00,208600,1564221,184,184,True,True,0x02,"NO_IRQ,OK,NO_IRQ,NO_IRQ","NONE,DELTA,NONE,NONE",
5.646293,2026-09-01T21:13:02.839+01:00,208784,1564222,198,198,True,True,0x02,"NO_IRQ,OK,NO_IRQ,NO_IRQ","NONE,DELTA,NONE,NONE",
5.651255,2026-09-01T21:13:02.844+01:00,208982,1564223,174,174,True,True,0x02,"NO_IRQ,OK,NO_IRQ,NO_IRQ","NONE,DELTA,NONE,NONE",
5.660520,2026-09-01T21:13:02.849+01:00,209156,1564224,188,188,True,True,0x02,"NO_IRQ,OK,NO_IRQ,NO_IRQ","NONE,DELTA,NONE,NONE",
5.661200,2026-09-01T21:13:02.858+01:00,209344,1564225,190,190,True,True,0x02,"NO_IRQ,OK,NO_IRQ,NO_IRQ","NONE,DELTA,NONE,NONE",
5.673963,2026-09-01T21:13:02.859+01:00,209534,1564226,194,194,True,True,0x02,"NO_IRQ,OK,NO_IRQ,NO_IRQ","NONE,DELTA,NONE,NONE",
5.674288,2026-09-01T21:13:02.871+01:00,209728,1564227,188,188,True,True,0x02,"NO_IRQ,OK,NO_IRQ,NO_IRQ","NONE,DELTA,NONE,NONE",
5.676644,2026-09-01T21:13:02.872+01:00,209916,1564228,200,200,True,True,0x02,"NO_IRQ,OK,NO_IRQ,NO_IRQ","NONE,DELTA,NONE,NONE",
5.681567,2026-09-01T21:13:02.874+01:00,210116,1564229,174,174,True,True,0x02,"NO_IRQ,OK,NO_IRQ,NO_IRQ","NONE,DELTA,NONE,NONE",
5.690463,2026-09-01T21:13:02.879+01:00,210290,1564230,180,180,True,True,0x02,"NO_IRQ,OK,NO_IRQ,NO_IRQ","NONE,DELTA,NONE,NONE",
5.691269,2026-09-01T21:13:02.888+01:00,210470,1564231,176,176,True,True,0x02,"NO_IRQ,OK,NO_IRQ,NO_IRQ","NONE,DELTA,NONE,NONE",
5.696491,2026-09-01T21:13:02.889+01:00,210646,1564232,172,172,True,True,0x02,"NO_IRQ,OK,NO_IRQ,NO_IRQ","NONE,DELTA,NONE,NONE",
5.706863,2026-09-01T21:13:02.894+01:00,210818,1564233,188,188,True,True,0x02,"NO_IRQ,OK,NO_IRQ,NO_IRQ","NONE,DELTA,NONE,NONE",
5.707444,2026-09-01T21:13:02.904+01:00,211006,1564234,176,176,True,True,0x02,"NO_IRQ,OK,NO_IRQ,NO_IRQ","NONE,DELTA,NONE,NONE",
5.711352,2026-09-01T21:13:02.905+01:00,211182,1564235,188,188,True,True,0x02,"NO_IRQ,OK,NO_IRQ,NO_IRQ","NONE,DELTA,NONE,NONE",
5.716255,2026-09-01T21:13:02.909+01:00,211370,1564236,200,200,True,True,0x02,"NO_IRQ,OK,NO_IRQ,NO_IRQ","NONE,DELTA,NONE,NONE",
5.722828,2026-09-01T21:13:02.914+01:00,211570,1564237,190,190,True,True,0x02,"NO_IRQ,OK,NO_IRQ,NO_IRQ","NONE,DELTA,NONE,NONE",
5.726529,2026-09-01T21:13:02.921+01:00,211760,1564238,186,186,True,True,0x02,"NO_IRQ,OK,NO_IRQ,NO_IRQ","NONE,DELTA,NONE,NONE",
5.731237,2026-09-01T21:13:02.924+01:00,211946,1564239,184,184,True,True,0x02,"NO_IRQ,OK,NO_IRQ,NO_IRQ","NONE,DELTA,NONE,NONE",
5.738840,2026-09-01T21:13:02.929+01:00,212130,1564240,198,198,True,True,0x02,"NO_IRQ,OK,NO_IRQ,NO_IRQ","NONE,DELTA,NONE,NONE",
5.741420,2026-09-01T21:13:02.937+01:00,212328,1564241,180,180,True,True,0x02,"NO_IRQ,OK,NO_IRQ,NO_IRQ","NONE,DELTA,NONE,NONE",
5.746062,2026-09-01T21:13:02.939+01:00,212508,1564242,176,176,True,True,0x02,"NO_IRQ,OK,NO_IRQ,NO_IRQ","NONE,DELTA,NONE,NONE",
5.755994,2026-09-01T21:13:02.944+01:00,212684,1564243,166,166,True,True,0x02,"NO_IRQ,OK,NO_IRQ,NO_IRQ","NONE,DELTA,NONE,NONE",
5.756618,2026-09-01T21:13:02.953+01:00,212850,1564244,186,186,True,True,0x02,"NO_IRQ,OK,NO_IRQ,NO_IRQ","NONE,DELTA,NONE,NONE",
5.761104,2026-09-01T21:13:02.954+01:00,213036,1564245,192,192,True,True,0x02,"NO_IRQ,OK,NO_IRQ,NO_IRQ","NONE,DELTA,NONE,NONE",
5.771975,2026-09-01T21:13:02.959+01:00,213228,1564246,192,192,True,True,0x02,"NO_IRQ,OK,NO_IRQ,NO_IRQ","NONE,DELTA,NONE,NONE",
5.772817,2026-09-01T21:13:02.970+01:00,213420,1564247,182,182,True,True,0x02,"NO_IRQ,OK,NO_IRQ,NO_IRQ","NONE,DELTA,NONE,NONE",
5.776335,2026-09-01T21:13:02.970+01:00,213602,1564248,160,160,True,True,0x02,"NO_IRQ,OK,NO_IRQ,NO_IRQ","NONE,DELTA,NONE,NONE",
5.781936,2026-09-01T21:13:02.974+01:00,213762,1564249,170,170,True,True,0x02,"NO_IRQ,OK,NO_IRQ,NO_IRQ","NONE,DELTA,NONE,NONE",
5.788887,2026-09-01T21:13:02.980+01:00,213932,1564250,170,170,True,True,0x02,"NO_IRQ,OK,NO_IRQ,NO_IRQ","NONE,DELTA,NONE,NONE",
5.791167,2026-09-01T21:13:02.987+01:00,214102,1564251,188,188,True,True,0x02,"NO_IRQ,OK,NO_IRQ,NO_IRQ","NONE,DELTA,NONE,NONE",
5.796033,2026-09-01T21:13:02.989+01:00,214290,1564252,166,166,True,True,0x02,"NO_IRQ,OK,NO_IRQ,NO_IRQ","NONE,DELTA,NONE,NONE",
5.801342,2026-09-01T21:13:02.993+01:00,214456,1564253,192,192,True,True,0x02,"NO_IRQ,OK,NO_IRQ,NO_IRQ","NONE,DELTA,NONE,NONE",
5.806399,2026-09-01T21:13:03.000+01:00,214648,1564254,190,190,True,True,0x02,"NO_IRQ,OK,NO_IRQ,NO_IRQ","NONE,DELTA,NONE,NONE",
5.810950,2026-09-01T21:13:03.005+01:00,214838,1564255,168,168,True,True,0x02,"NO_IRQ,OK,NO_IRQ,NO_IRQ","NONE,DELTA,NONE,NONE",
5.816079,2026-09-01T21:13:03.008+01:00,215006,1564256,172,172,True,True,0x02,"NO_IRQ,OK,NO_IRQ,NO_IRQ","NONE,DELTA,NONE,NONE",
5.831101,2026-09-01T21:13:03.014+01:00,215178,1564257,178,178,True,True,0x02,"NO_IRQ,OK,NO_IRQ,NO_IRQ","NONE,DELTA,NONE,NONE",
5.832298,2026-09-01T21:13:03.029+01:00,215356,1564258,198,198,True,True,0x02,"NO_IRQ,OK,NO_IRQ,NO_IRQ","NONE,DELTA,NONE,NONE",
5.832892,2026-09-01T21:13:03.030+01:00,215554,1564259,162,162,True,True,0x02,"NO_IRQ,OK,NO_IRQ,NO_IRQ","NONE,DELTA,NONE,NONE",
5.836252,2026-09-01T21:13:03.031+01:00,215716,1564260,178,178,True,True,0x02,"NO_IRQ,OK,NO_IRQ,NO_IRQ","NONE,DELTA,NONE,NONE",
5.841142,2026-09-01T21:13:03.034+01:00,215894,1564261,176,176,True,True,0x02,"NO_IRQ,OK,NO_IRQ,NO_IRQ","NONE,DELTA,NONE,NONE",
5.849084,2026-09-01T21:13:03.039+01:00,216070,1564262,188,188,True,True,0x02,"NO_IRQ,OK,NO_IRQ,NO_IRQ","NONE,DELTA,NONE,NONE",
5.851122,2026-09-01T21:13:03.047+01:00,216258,1564263,172,172,True,True,0x02,"NO_IRQ,OK,NO_IRQ,NO_IRQ","NONE,DELTA,NONE,NONE",
5.856097,2026-09-01T21:13:03.049+01:00,216430,1564264,190,190,True,True,0x02,"NO_IRQ,OK,NO_IRQ,NO_IRQ","NONE,DELTA,NONE,NONE",
5.865375,2026-09-01T21:13:03.054+01:00,216620,1564265,174,174,True,True,0x02,"NO_IRQ,OK,NO_IRQ,NO_IRQ","NONE,DELTA,NONE,NONE",
5.866162,2026-09-01T21:13:03.063+01:00,216794,1564266,174,174,True,True,0x02,"NO_IRQ,OK,NO_IRQ,NO_IRQ","NONE,DELTA,NONE,NONE",
5.871065,2026-09-01T21:13:03.064+01:00,216968,1564267,182,182,True,True,0x02,"NO_IRQ,OK,NO_IRQ,NO_IRQ","NONE,DELTA,NONE,NONE",
5.881255,2026-09-01T21:13:03.069+01:00,217150,1564268,184,184,True,True,0x02,"NO_IRQ,OK,NO_IRQ,NO_IRQ","NONE,DELTA,NONE,NONE",
5.882187,2026-09-01T21:13:03.079+01:00,217334,1564269,166,166,True,True,0x02,"NO_IRQ,OK,NO_IRQ,NO_IRQ","NONE,DELTA,NONE,NONE",
5.886579,2026-09-01T21:13:03.080+01:00,217500,1564270,1084,1084,True,True,0x02,"NO_IRQ,OK,NO_IRQ,NO_IRQ","NONE,DELTA_SYNC,NONE,NONE",
5.897952,2026-09-01T21:13:03.084+01:00,218584,1564271,258,258,True,True,0x02,"NO_IRQ,OK,NO_IRQ,NO_IRQ","NONE,DELTA,NONE,NONE",
5.899233,2026-09-01T21:13:03.095+01:00,218842,1564272,248,248,True,True,0x02,"NO_IRQ,OK,NO_IRQ,NO_IRQ","NONE,DELTA,NONE,NONE",
5.900968,2026-09-01T21:13:03.097+01:00,219090,1564273,170,170,True,True,0x02,"NO_IRQ,OK,NO_IRQ,NO_IRQ","NONE,DELTA,NONE,NONE",
5.905970,2026-09-01T21:13:03.098+01:00,219260,1564274,170,170,True,True,0x02,"NO_IRQ,OK,NO_IRQ,NO_IRQ","NONE,DELTA,NONE,NONE",
5.914382,2026-09-01T21:13:03.103+01:00,219430,1564275,188,188,True,True,0x02,"NO_IRQ,OK,NO_IRQ,NO_IRQ","NONE,DELTA,NONE,NONE",
5.916025,2026-09-01T21:13:03.112+01:00,219618,1564276,180,180,True,True,0x02,"NO_IRQ,OK,NO_IRQ,NO_IRQ","NONE,DELTA,NONE,NONE",
5.921069,2026-09-01T21:13:03.114+01:00,219798,1564277,184,184,True,True,0x02,"NO_IRQ,OK,NO_IRQ,NO_IRQ","NONE,DELTA,NONE,NONE",
5.927521,2026-09-01T21:13:03.119+01:00,219982,1564278,164,164,True,True,0x02,"NO_IRQ,OK,NO_IRQ,NO_IRQ","NONE,DELTA,NONE,NONE",
5.931852,2026-09-01T21:13:03.129+01:00,220146,1564279,186,186,True,True,0x02,"NO_IRQ,OK,NO_IRQ,NO_IRQ","NONE,DELTA,NONE,NONE",
5.935678,2026-09-01T21:13:03.129+01:00,220332,1564280,188,188,True,True,0x02,"NO_IRQ,OK,NO_IRQ,NO_IRQ","NONE,DELTA,NONE,NONE",
5.946788,2026-09-01T21:13:03.133+01:00,220520,1564281,192,192,True,True,0x02,"NO_IRQ,OK,NO_IRQ,NO_IRQ","NONE,DELTA,NONE,NONE",
5.947258,2026-09-01T21:13:03.144+01:00,220712,1564282,390,390,True,True,0x02,"NO_IRQ,OK,NO_IRQ,NO_IRQ","NONE,DELTA,NONE,NONE",
5.951498,2026-09-01T21:13:03.145+01:00,221102,1564283,448,448,True,True,0x02,"NO_IRQ,OK,NO_IRQ,NO_IRQ","NONE,DELTA,NONE,NONE",
5.956176,2026-09-01T21:13:03.149+01:00,221550,1564284,458,458,True,True,0x02,"NO_IRQ,OK,NO_IRQ,NO_IRQ","NONE,DELTA,NONE,NONE",
5.961971,2026-09-01T21:13:03.154+01:00,222008,1564285,462,462,True,True,0x02,"NO_IRQ,OK,NO_IRQ,NO_IRQ","NONE,DELTA,NONE,NONE",
5.966426,2026-09-01T21:13:03.159+01:00,222470,1564286,460,460,True,True,0x02,"NO_IRQ,OK,NO_IRQ,NO_IRQ","NONE,DELTA,NONE,NONE",
5.971094,2026-09-01T21:13:03.164+01:00,222930,1564287,446,446,True,True,0x02,"NO_IRQ,OK,NO_IRQ,NO_IRQ","NONE,DELTA,NONE,NONE",
5.976062,2026-09-01T21:13:03.169+01:00,223376,1564288,440,440,True,True,0x02,"NO_IRQ,OK,NO_IRQ,NO_IRQ","NONE,DELTA,NONE,NONE",
5.986159,2026-09-01T21:13:03.174+01:00,223816,1564289,470,470,True,True,0x02,"NO_IRQ,OK,NO_IRQ,NO_IRQ","NONE,DELTA,NONE,NONE",
5.986661,2026-09-01T21:13:03.184+01:00,224286,1564290,436,436,True,True,0x02,"NO_IRQ,OK,NO_IRQ,NO_IRQ","NONE,DELTA,NONE,NONE",
5.999320,2026-09-01T21:13:03.184+01:00,224722,1564291,436,436,True,True,0x02,"NO_IRQ,OK,NO_IRQ,NO_IRQ","NONE,DELTA,NONE,NONE",
6.000179,2026-09-01T21:13:03.197+01:00,225158,1564292,428,428,True,True,0x02,"NO_IRQ,OK,NO_IRQ,NO_IRQ","NONE,DELTA,NONE,NONE",
6.001317,2026-09-01T21:13:03.198+01:00,225586,1564293,430,430,True,True,0x02,"NO_IRQ,OK,NO_IRQ,NO_IRQ","NONE,DELTA,NONE,NONE",
6.006357,2026-09-01T21:13:03.199+01:00,226016,1564294,424,424,True,True,0x02,"NO_IRQ,OK,NO_IRQ,NO_IRQ","NONE,DELTA,NONE,NONE",
6.017462,2026-09-01T21:13:03.204+01:00,226440,1564295,462,462,True,True,0x02,"NO_IRQ,OK,NO_IRQ,NO_IRQ","NONE,DELTA,NONE,NONE",
6.018297,2026-09-01T21:13:03.215+01:00,226902,1564296,458,458,True,True,0x02,"NO_IRQ,OK,NO_IRQ,NO_IRQ","NONE,DELTA,NONE,NONE",
6.021452,2026-09-01T21:13:03.216+01:00,227360,1564297,432,432,True,True,0x02,"NO_IRQ,OK,NO_IRQ,NO_IRQ","NONE,DELTA,NONE,NONE",
6.026168,2026-09-01T21:13:03.219+01:00,227792,1564298,426,426,True,True,0x02,"NO_IRQ,OK,NO_IRQ,NO_IRQ","NONE,DELTA,NONE,NONE",
6.034225,2026-09-01T21:13:03.224+01:00,228218,1564299,470,470,True,True,0x02,"NO_IRQ,OK,NO_IRQ,NO_IRQ","NONE,DELTA,NONE,NONE",
6.035942,2026-09-01T21:13:03.232+01:00,228688,1564300,444,444,True,True,0x02,"NO_IRQ,OK,NO_IRQ,NO_IRQ","NONE,DELTA,NONE,NONE",
6.041271,2026-09-01T21:13:03.233+01:00,229132,1564301,446,446,True,True,0x02,"NO_IRQ,OK,NO_IRQ,NO_IRQ","NONE,DELTA,NONE,NONE",
6.052442,2026-09-01T21:13:03.239+01:00,229578,1564302,404,404,True,True,0x02,"NO_IRQ,OK,NO_IRQ,NO_IRQ","NONE,DELTA,NONE,NONE",
6.052836,2026-09-01T21:13:03.250+01:00,229982,1564303,392,392,True,True,0x02,"NO_IRQ,OK,NO_IRQ,NO_IRQ","NONE,DELTA,NONE,NONE",
6.056055,2026-09-01T21:13:03.251+01:00,230374,1564304,374,374,True,True,0x02,"NO_IRQ,OK,NO_IRQ,NO_IRQ","NONE,DELTA,NONE,NONE",
6.061063,2026-09-01T21:13:03.254+01:00,230748,1564305,428,428,True,True,0x02,"NO_IRQ,OK,NO_IRQ,NO_IRQ","NONE,DELTA,NONE,NONE",
6.068790,2026-09-01T21:13:03.259+01:00,231176,1564306,376,376,True,True,0x02,"NO_IRQ,OK,NO_IRQ,NO_IRQ","NONE,DELTA,NONE,NONE",
6.070962,2026-09-01T21:13:03.266+01:00,231552,1564307,390,390,True,True,0x02,"NO_IRQ,OK,NO_IRQ,NO_IRQ","NONE,DELTA,NONE,NONE",
6.076030,2026-09-01T21:13:03.268+01:00,231942,1564308,352,352,True,True,0x02,"NO_IRQ,OK,NO_IRQ,NO_IRQ","NONE,DELTA,NONE,NONE",
6.085144,2026-09-01T21:13:03.273+01:00,232294,1564309,382,382,True,True,0x02,"NO_IRQ,OK,NO_IRQ,NO_IRQ","NONE,DELTA,NONE,NONE",
6.086294,2026-09-01T21:13:03.283+01:00,232676,1564310,386,386,True,True,0x02,"NO_IRQ,OK,NO_IRQ,NO_IRQ","NONE,DELTA,NONE,NONE",
6.090986,2026-09-01T21:13:03.284+01:00,233062,1564311,406,406,True,True,0x02,"NO_IRQ,OK,NO_IRQ,NO_IRQ","NONE,DELTA,NONE,NONE",
6.101253,2026-09-01T21:13:03.289+01:00,233468,1564312,370,370,True,True,0x02,"NO_IRQ,OK,NO_IRQ,NO_IRQ","NONE,DELTA,NONE,NONE",
6.102114,2026-09-01T21:13:03.299+01:00,233838,1564313,380,380,True,True,0x02,"NO_IRQ,OK,NO_IRQ,NO_IRQ","NONE,DELTA,NONE,NONE",
6.106107,2026-09-01T21:13:03.300+01:00,234218,1564314,378,378,True,True,0x02,"NO_IRQ,OK,NO_IRQ,NO_IRQ","NONE,DELTA,NONE,NONE",
6.110845,2026-09-01T21:13:03.304+01:00,234596,1564315,404,404,True,True,0x02,"NO_IRQ,OK,NO_IRQ,NO_IRQ","NONE,DELTA,NONE,NONE",
6.119591,2026-09-01T21:13:03.308+01:00,235000,1564316,366,366,True,True,0x02,"NO_IRQ,OK,NO_IRQ,NO_IRQ","NONE,DELTA,NONE,NONE",
6.120884,2026-09-01T21:13:03.317+01:00,235366,1564317,328,328,True,True,0x02,"NO_IRQ,OK,NO_IRQ,NO_IRQ","NONE,DELTA,NONE,NONE",
6.126020,2026-09-01T21:13:03.318+01:00,235694,1564318,436,436,True,True,0x02,"NO_IRQ,OK,NO_IRQ,NO_IRQ","NONE,DELTA,NONE,NONE",
6.131956,2026-09-01T21:13:03.324+01:00,236130,1564319,388,388,True,True,0x02,"NO_IRQ,OK,NO_IRQ,NO_IRQ","NONE,DELTA,NONE,NONE",
6.136562,2026-09-01T21:13:03.329+01:00,236518,1564320,374,374,True,True,0x02,"NO_IRQ,OK,NO_IRQ,NO_IRQ","NONE,DELTA,NONE,NONE",
6.140702,2026-09-01T21:13:03.334+01:00,236892,1564321,402,402,True,True,0x02,"NO_IRQ,OK,NO_IRQ,NO_IRQ","NONE,DELTA,NONE,NONE",
6.145828,2026-09-01T21:13:03.338+01:00,237294,1564322,418,418,True,True,0x02,"NO_IRQ,OK,NO_IRQ,NO_IRQ","NONE,DELTA,NONE,NONE",
6.159480,2026-09-01T21:13:03.343+01:00,237712,1564323,342,342,True,True,0x02,"NO_IRQ,OK,NO_IRQ,NO_IRQ","NONE,DELTA,NONE,NONE",
6.160302,2026-09-01T21:13:03.357+01:00,238054,1564324,298,298,True,True,0x02,"NO_IRQ,OK,NO_IRQ,NO_IRQ","NONE,DELTA,NONE,NONE",
6.160919,2026-09-01T21:13:03.358+01:00,238352,1564325,322,322,True,True,0x02,"NO_IRQ,OK,NO_IRQ,NO_IRQ","NONE,DELTA,NONE,NONE",
6.165811,2026-09-01T21:13:03.358+01:00,238674,1564326,336,336,True,True,0x02,"NO_IRQ,OK,NO_IRQ,NO_IRQ","NONE,DELTA,NONE,NONE",
6.170448,2026-09-01T21:13:03.363+01:00,239010,1564327,328,328,True,True,0x02,"NO_IRQ,OK,NO_IRQ,NO_IRQ","NONE,DELTA,NONE,NONE",
6.176906,2026-09-01T21:13:03.368+01:00,239338,1564328,312,312,True,True,0x02,"NO_IRQ,OK,NO_IRQ,NO_IRQ","NONE,DELTA,NONE,NONE",
6.181354,2026-09-01T21:13:03.375+01:00,239650,1564329,346,346,True,True,0x02,"NO_IRQ,OK,NO_IRQ,NO_IRQ","NONE,DELTA,NONE,NONE",
6.185552,2026-09-01T21:13:03.379+01:00,239996,1564330,340,340,True,True,0x02,"NO_IRQ,OK,NO_IRQ,NO_IRQ","NONE,DELTA,NONE,NONE",
6.193236,2026-09-01T21:13:03.383+01:00,240336,1564331,314,314,True,True,0x02,"NO_IRQ,OK,NO_IRQ,NO_IRQ","NONE,DELTA,NONE,NONE",
6.195811,2026-09-01T21:13:03.391+01:00,240650,1564332,352,352,True,True,0x02,"NO_IRQ,OK,NO_IRQ,NO_IRQ","NONE,DELTA,NONE,NONE",
6.201159,2026-09-01T21:13:03.393+01:00,241002,1564333,372,372,True,True,0x02,"NO_IRQ,OK,NO_IRQ,NO_IRQ","NONE,DELTA,NONE,NONE",
6.210310,2026-09-01T21:13:03.399+01:00,241374,1564334,370,370,True,True,0x02,"NO_IRQ,OK,NO_IRQ,NO_IRQ","NONE,DELTA,NONE,NONE",
6.211288,2026-09-01T21:13:03.408+01:00,241744,1564335,312,312,True,True,0x02,"NO_IRQ,OK,NO_IRQ,NO_IRQ","NONE,DELTA,NONE,NONE",
6.216201,2026-09-01T21:13:03.409+01:00,242056,1564336,358,358,True,True,0x02,"NO_IRQ,OK,NO_IRQ,NO_IRQ","NONE,DELTA,NONE,NONE",
6.220442,2026-09-01T21:13:03.414+01:00,242414,1564337,312,312,True,True,0x02,"NO_IRQ,OK,NO_IRQ,NO_IRQ","NONE,DELTA,NONE,NONE",
6.227440,2026-09-01T21:13:03.418+01:00,242726,1564338,328,328,True,True,0x02,"NO_IRQ,OK,NO_IRQ,NO_IRQ","NONE,DELTA,NONE,NONE",
6.231221,2026-09-01T21:13:03.425+01:00,243054,1564339,338,338,True,True,0x02,"NO_IRQ,OK,NO_IRQ,NO_IRQ","NONE,DELTA,NONE,NONE",
6.235362,2026-09-01T21:13:03.429+01:00,243392,1564340,286,286,True,True,0x02,"NO_IRQ,OK,NO_IRQ,NO_IRQ","NONE,DELTA,NONE,NONE",
6.243395,2026-09-01T21:13:03.433+01:00,243678,1564341,284,284,True,True,0x02,"NO_IRQ,OK,NO_IRQ,NO_IRQ","NONE,DELTA,NONE,NONE",
6.245228,2026-09-01T21:13:03.441+01:00,243962,1564342,242,242,True,True,0x02,"NO_IRQ,OK,NO_IRQ,NO_IRQ","NONE,DELTA,NONE,NONE",
6.250774,2026-09-01T21:13:03.443+01:00,244204,1564343,266,266,True,True,0x02,"NO_IRQ,OK,NO_IRQ,NO_IRQ","NONE,DELTA,NONE,NONE",
6.259395,2026-09-01T21:13:03.448+01:00,244470,1564344,262,262,True,True,0x02,"NO_IRQ,OK,NO_IRQ,NO_IRQ","NONE,DELTA,NONE,NONE",
6.260449,2026-09-01T21:13:03.457+01:00,244732,1564345,222,222,True,True,0x02,"NO_IRQ,OK,NO_IRQ,NO_IRQ","NONE,DELTA,NONE,NONE",
6.265412,2026-09-01T21:13:03.458+01:00,244954,1564346,294,294,True,True,0x02,"NO_IRQ,OK,NO_IRQ,NO_IRQ","NONE,DELTA,NONE,NONE",
6.270115,2026-09-01T21:13:03.463+01:00,245248,1564347,236,236,True,True,0x02,"NO_IRQ,OK,NO_IRQ,NO_IRQ","NONE,DELTA,NONE,NONE",
6.276916,2026-09-01T21:13:03.468+01:00,245484,1564348,288,288,True,True,0x02,"NO_IRQ,OK,NO_IRQ,NO_IRQ","NONE,DELTA,NONE,NONE",
6.280774,2026-09-01T21:13:03.474+01:00,245772,1564349,270,270,True,True,0x02,"NO_IRQ,OK,NO_IRQ,NO_IRQ","NONE,DELTA,NONE,NONE",
6.285248,2026-09-01T21:13:03.478+01:00,246042,1564350,260,260,True,True,0x02,"NO_IRQ,OK,NO_IRQ,NO_IRQ","NONE,DELTA,NONE,NONE",
6.290973,2026-09-01T21:13:03.483+01:00,246302,1564351,250,250,True,True,0x02,"NO_IRQ,OK,NO_IRQ,NO_IRQ","NONE,DELTA,NONE,NONE",
6.295582,2026-09-01T21:13:03.488+01:00,246552,1564352,270,270,True,True,0x02,"NO_IRQ,OK,NO_IRQ,NO_IRQ","NONE,DELTA,NONE,NONE",
6.300076,2026-09-01T21:13:03.493+01:00,246822,1564353,228,228,True,True,0x02,"NO_IRQ,OK,NO_IRQ,NO_IRQ","NONE,DELTA,NONE,NONE",
6.305000,2026-09-01T21:13:03.498+01:00,247050,1564354,210,210,True,True,0x02,"NO_IRQ,OK,NO_IRQ,NO_IRQ","NONE,DELTA,NONE,NONE",
6.317513,2026-09-01T21:13:03.502+01:00,247260,1564355,244,244,True,True,0x02,"NO_IRQ,OK,NO_IRQ,NO_IRQ","NONE,DELTA,NONE,NONE",
6.317869,2026-09-01T21:13:03.515+01:00,247504,1564356,236,236,True,True,0x02,"NO_IRQ,OK,NO_IRQ,NO_IRQ","NONE,DELTA,NONE,NONE",
6.331331,2026-09-01T21:13:03.515+01:00,247740,1564357,300,300,True,True,0x02,"NO_IRQ,OK,NO_IRQ,NO_IRQ","NONE,DELTA,NONE,NONE",
6.331810,2026-09-01T21:13:03.529+01:00,248040,1564358,268,268,True,True,0x02,"NO_IRQ,OK,NO_IRQ,NO_IRQ","NONE,DELTA,NONE,NONE",
6.332575,2026-09-01T21:13:03.529+01:00,248308,1564359,312,312,True,True,0x02,"NO_IRQ,OK,NO_IRQ,NO_IRQ","NONE,DELTA,NONE,NONE",
6.335220,2026-09-01T21:13:03.530+01:00,248620,1564360,306,306,True,True,0x02,"NO_IRQ,OK,NO_IRQ,NO_IRQ","NONE,DELTA,NONE,NONE",
6.340608,2026-09-01T21:13:03.533+01:00,248926,1564361,276,276,True,True,0x02,"NO_IRQ,OK,NO_IRQ,NO_IRQ","NONE,DELTA,NONE,NONE",
6.348780,2026-09-01T21:13:03.538+01:00,249202,1564362,234,234,True,True,0x02,"NO_IRQ,OK,NO_IRQ,NO_IRQ","NONE,DELTA,NONE,NONE",
6.350059,2026-09-01T21:13:03.546+01:00,249436,1564363,226,226,True,True,0x02,"NO_IRQ,OK,NO_IRQ,NO_IRQ","NONE,DELTA,NONE,NONE",
6.355245,2026-09-01T21:13:03.548+01:00,249662,1564364,220,220,True,True,0x02,"NO_IRQ,OK,NO_IRQ,NO_IRQ","NONE,DELTA,NONE,NONE",
6.365413,2026-09-01T21:13:03.553+01:00,249882,1564365,216,216,True,True,0x02,"NO_IRQ,OK,NO_IRQ,NO_IRQ","NONE,DELTA,NONE,NONE",
6.366150,2026-09-01T21:13:03.563+01:00,250098,1564366,266,266,True,True,0x02,"NO_IRQ,OK,NO_IRQ,NO_IRQ","NONE,DELTA,NONE,NONE",
6.370276,2026-09-01T21:13:03.564+01:00,250364,1564367,212,212,True,True,0x02,"NO_IRQ,OK,NO_IRQ,NO_IRQ","NONE,DELTA,NONE,NONE",
6.375085,2026-09-01T21:13:03.568+01:00,250576,1564368,180,180,True,True,0x02,"NO_IRQ,OK,NO_IRQ,NO_IRQ","NONE,DELTA,NONE,NONE",
6.383854,2026-09-01T21:13:03.573+01:00,250756,1564369,228,228,True,True,0x02,"NO_IRQ,OK,NO_IRQ,NO_IRQ","NONE,DELTA,NONE,NONE",
6.384906,2026-09-01T21:13:03.581+01:00,250984,1564370,218,218,True,True,0x02,"NO_IRQ,OK,NO_IRQ,NO_IRQ","NONE,DELTA,NONE,NONE",
6.389932,2026-09-01T21:13:03.583+01:00,251202,1564371,230,230,True,True,0x02,"NO_IRQ,OK,NO_IRQ,NO_IRQ","NONE,DELTA,NONE,NONE",
6.399714,2026-09-01T21:13:03.588+01:00,251432,1564372,230,230,True,True,0x02,"NO_IRQ,OK,NO_IRQ,NO_IRQ","NONE,DELTA,NONE,NONE",
6.400782,2026-09-01T21:13:03.597+01:00,251662,1564373,268,268,True,True,0x02,"NO_IRQ,OK,NO_IRQ,NO_IRQ","NONE,DELTA,NONE,NONE",
6.405217,2026-09-01T21:13:03.598+01:00,251930,1564374,262,262,True,True,0x02,"NO_IRQ,OK,NO_IRQ,NO_IRQ","NONE,DELTA,NONE,NONE",
6.416101,2026-09-01T21:13:03.603+01:00,252192,1564375,228,228,True,True,0x02,"NO_IRQ,OK,NO_IRQ,NO_IRQ","NONE,DELTA,NONE,NONE",
6.416745,2026-09-01T21:13:03.614+01:00,252420,1564376,264,264,True,True,0x02,"NO_IRQ,OK,NO_IRQ,NO_IRQ","NONE,DELTA,NONE,NONE",
6.420266,2026-09-01T21:13:03.614+01:00,252684,1564377,270,270,True,True,0x02,"NO_IRQ,OK,NO_IRQ,NO_IRQ","NONE,DELTA,NONE,NONE",
6.425222,2026-09-01T21:13:03.618+01:00,252954,1564378,298,298,True,True,0x02,"NO_IRQ,OK,NO_IRQ,NO_IRQ","NONE,DELTA,NONE,NONE",
6.432611,2026-09-01T21:13:03.623+01:00,253252,1564379,286,286,True,True,0x02,"NO_IRQ,OK,NO_IRQ,NO_IRQ","NONE,DELTA,NONE,NONE",
6.435061,2026-09-01T21:13:03.630+01:00,253538,1564380,366,366,True,True,0x02,"NO_IRQ,OK,NO_IRQ,NO_IRQ","NONE,DELTA,NONE,NONE",
6.440275,2026-09-01T21:13:03.633+01:00,253904,1564381,382,382,True,True,0x02,"NO_IRQ,OK,NO_IRQ,NO_IRQ","NONE,DELTA,NONE,NONE",
6.449631,2026-09-01T21:13:03.638+01:00,254286,1564382,388,388,True,True,0x02,"NO_IRQ,OK,NO_IRQ,NO_IRQ","NONE,DELTA,NONE,NONE",
6.450599,2026-09-01T21:13:03.647+01:00,254674,1564383,438,438,True,True,0x02,"NO_IRQ,OK,NO_IRQ,NO_IRQ","NONE,DELTA,NONE,NONE",
6.455175,2026-09-01T21:13:03.648+01:00,255112,1564384,460,460,True,True,0x02,"NO_IRQ,OK,NO_IRQ,NO_IRQ","NONE,DELTA,NONE,NONE",
6.460857,2026-09-01T21:13:03.653+01:00,255572,1564385,432,432,True,True,0x02,"NO_IRQ,OK,NO_IRQ,NO_IRQ","NONE,DELTA,NONE,NONE",
6.465306,2026-09-01T21:13:03.659+01:00,256004,1564386,464,464,True,True,0x02,"NO_IRQ,OK,NO_IRQ,NO_IRQ","NONE,DELTA,NONE,NONE",
6.470368,2026-09-01T21:13:03.663+01:00,256468,1564387,488,488,True,True,0x02,"NO_IRQ,OK,NO_IRQ,NO_IRQ","NONE,DELTA,NONE,NONE",
6.475402,2026-09-01T21:13:03.668+01:00,256956,1564388,478,478,True,True,0x02,"NO_IRQ,OK,NO_IRQ,NO_IRQ","NONE,DELTA,NONE,NONE",
6.490239,2026-09-01T21:13:03.673+01:00,257434,1564389,532,532,True,True,0x02,"NO_IRQ,OK,NO_IRQ,NO_IRQ","NONE,DELTA,NONE,NONE",
6.491000,2026-09-01T21:13:03.688+01:00,257966,1564390,570,570,True,True,0x02,"NO_IRQ,OK,NO_IRQ,NO_IRQ","NONE,DELTA,NONE,NONE",
6.491697,2026-09-01T21:13:03.688+01:00,258536,1564391,586,586,True,True,0x02,"NO_IRQ,OK,NO_IRQ,NO_IRQ","NONE,DELTA,NONE,NONE",
6.495686,2026-09-01T21:13:03.689+01:00,259122,1564392,562,562,True,True,0x02,"NO_IRQ,OK,NO_IRQ,NO_IRQ","NONE,DELTA,NONE,NONE",
6.500285,2026-09-01T21:13:03.693+01:00,259684,1564393,554,554,True,True,0x02,"NO_IRQ,OK,NO_IRQ,NO_IRQ","NONE,DELTA,NONE,NONE",
6.508961,2026-09-01T21:13:03.698+01:00,260238,1564394,602,602,True,True,0x02,"NO_IRQ,OK,NO_IRQ,NO_IRQ","NONE,DELTA,NONE,NONE",
6.510689,2026-09-01T21:13:03.706+01:00,260840,1564395,590,590,True,True,0x02,"NO_IRQ,OK,NO_IRQ,NO_IRQ","NONE,DELTA,NONE,NONE",
6.515536,2026-09-01T21:13:03.708+01:00,261430,1564396,534,534,True,True,0x02,"NO_IRQ,OK,NO_IRQ,NO_IRQ","NONE,DELTA,NONE,NONE",
6.526125,2026-09-01T21:13:03.713+01:00,261964,1564397,504,504,True,True,0x02,"NO_IRQ,OK,NO_IRQ,NO_IRQ","NONE,DELTA,NONE,NONE",
6.526989,2026-09-01T21:13:03.724+01:00,262468,1564398,504,504,True,True,0x02,"NO_IRQ,OK,NO_IRQ,NO_IRQ","NONE,DELTA,NONE,NONE",
6.530175,2026-09-01T21:13:03.725+01:00,262972,1564399,460,460,True,True,0x02,"NO_IRQ,OK,NO_IRQ,NO_IRQ","NONE,DELTA,NONE,NONE",
6.535476,2026-09-01T21:13:03.728+01:00,263432,1564400,456,456,True,True,0x02,"NO_IRQ,OK,NO_IRQ,NO_IRQ","NONE,DELTA,NONE,NONE",
6.543610,2026-09-01T21:13:03.733+01:00,263888,1564401,428,428,True,True,0x02,"NO_IRQ,OK,NO_IRQ,NO_IRQ","NONE,DELTA,NONE,NONE",
6.545097,2026-09-01T21:13:03.741+01:00,264316,1564402,400,400,True,True,0x02,"NO_IRQ,OK,NO_IRQ,NO_IRQ","NONE,DELTA,NONE,NONE",
6.550703,2026-09-01T21:13:03.743+01:00,264716,1564403,426,426,True,True,0x02,"NO_IRQ,OK,NO_IRQ,NO_IRQ","NONE,DELTA,NONE,NONE",
6.560202,2026-09-01T21:13:03.748+01:00,265142,1564404,346,346,True,True,0x02,"NO_IRQ,OK,NO_IRQ,NO_IRQ","NONE,DELTA,NONE,NONE",
6.561176,2026-09-01T21:13:03.758+01:00,265488,1564405,418,418,True,True,0x02,"NO_IRQ,OK,NO_IRQ,NO_IRQ","NONE,DELTA,NONE,NONE",
6.565338,2026-09-01T21:13:03.759+01:00,265906,1564406,364,364,True,True,0x02,"NO_IRQ,OK,NO_IRQ,NO_IRQ","NONE,DELTA,NONE,NONE",
6.570091,2026-09-01T21:13:03.763+01:00,266270,1564407,362,362,True,True,0x02,"NO_IRQ,OK,NO_IRQ,NO_IRQ","NONE,DELTA,NONE,NONE",
6.576405,2026-09-01T21:13:03.768+01:00,266632,1564408,378,378,True,True,0x02,"NO_IRQ,OK,NO_IRQ,NO_IRQ","NONE,DELTA,NONE,NONE",
6.580359,2026-09-01T21:13:03.774+01:00,267010,1564409,348,348,True,True,0x02,"NO_IRQ,OK,NO_IRQ,NO_IRQ","NONE,DELTA,NONE,NONE",
6.584848,2026-09-01T21:13:03.778+01:00,267358,1564410,366,366,True,True,0x02,"NO_IRQ,OK,NO_IRQ,NO_IRQ","NONE,DELTA,NONE,NONE",
6.593351,2026-09-01T21:13:03.783+01:00,267724,1564411,312,312,True,True,0x02,"NO_IRQ,OK,NO_IRQ,NO_IRQ","NONE,DELTA,NONE,NONE",
6.594760,2026-09-01T21:13:03.791+01:00,268036,1564412,356,356,True,True,0x02,"NO_IRQ,OK,NO_IRQ,NO_IRQ","NONE,DELTA,NONE,NONE",
6.600460,2026-09-01T21:13:03.793+01:00,268392,1564413,300,300,True,True,0x02,"NO_IRQ,OK,NO_IRQ,NO_IRQ","NONE,DELTA,NONE,NONE",
6.604973,2026-09-01T21:13:03.798+01:00,268692,1564414,300,300,True,True,0x02,"NO_IRQ,OK,NO_IRQ,NO_IRQ","NONE,DELTA,NONE,NONE",
6.612689,2026-09-01T21:13:03.803+01:00,268992,1564415,338,338,True,True,0x02,"NO_IRQ,OK,NO_IRQ,NO_IRQ","NONE,DELTA,NONE,NONE",
6.614703,2026-09-01T21:13:03.810+01:00,269330,1564416,326,326,True,True,0x02,"NO_IRQ,OK,NO_IRQ,NO_IRQ","NONE,DELTA,NONE,NONE",
6.619778,2026-09-01T21:13:03.813+01:00,269656,1564417,332,332,True,True,0x02,"NO_IRQ,OK,NO_IRQ,NO_IRQ","NONE,DELTA,NONE,NONE",
6.625514,2026-09-01T21:13:03.817+01:00,269988,1564418,350,350,True,True,0x02,"NO_IRQ,OK,NO_IRQ,NO_IRQ","NONE,DELTA,NONE,NONE",
6.630859,2026-09-01T21:13:03.823+01:00,270338,1564419,340,340,True,True,0x02,"NO_IRQ,OK,NO_IRQ,NO_IRQ","NONE,DELTA,NONE,NONE",
6.634544,2026-09-01T21:13:03.829+01:00,270678,1564420,322,322,True,True,0x02,"NO_IRQ,OK,NO_IRQ,NO_IRQ","NONE,DELTA,NONE,NONE",
6.639483,2026-09-01T21:13:03.832+01:00,271000,1564421,316,316,True,True,0x02,"NO_IRQ,OK,NO_IRQ,NO_IRQ","NONE,DELTA,NONE,NONE",
6.650055,2026-09-01T21:13:03.837+01:00,271316,1564422,262,262,True,True,0x02,"NO_IRQ,OK,NO_IRQ,NO_IRQ","NONE,DELTA,NONE,NONE",
6.650448,2026-09-01T21:13:03.848+01:00,271578,1564423,336,336,True,True,0x02,"NO_IRQ,OK,NO_IRQ,NO_IRQ","NONE,DELTA,NONE,NONE",
6.664200,2026-09-01T21:13:03.848+01:00,271914,1564424,372,372,True,True,0x02,"NO_IRQ,OK,NO_IRQ,NO_IRQ","NONE,DELTA,NONE,NONE",
6.665387,2026-09-01T21:13:03.862+01:00,272286,1564425,358,358,True,True,0x02,"NO_IRQ,OK,NO_IRQ,NO_IRQ","NONE,DELTA,NONE,NONE",
6.666033,2026-09-01T21:13:03.863+01:00,272644,1564426,292,292,True,True,0x02,"NO_IRQ,OK,NO_IRQ,NO_IRQ","NONE,DELTA,NONE,NONE",
6.669767,2026-09-01T21:13:03.864+01:00,272936,1564427,270,270,True,True,0x02,"NO_IRQ,OK,NO_IRQ,NO_IRQ","NONE,DELTA,NONE,NONE",
6.674400,2026-09-01T21:13:03.867+01:00,273206,1564428,262,262,True,True,0x02,"NO_IRQ,OK,NO_IRQ,NO_IRQ","NONE,DELTA,NONE,NONE",
6.680925,2026-09-01T21:13:03.872+01:00,273468,1564429,256,256,True,True,0x02,"NO_IRQ,OK,NO_IRQ,NO_IRQ","NONE,DELTA,NONE,NONE",
6.684807,2026-09-01T21:13:03.879+01:00,273724,1564430,312,312,True,True,0x02,"NO_IRQ,OK,NO_IRQ,NO_IRQ","NONE,DELTA,NONE,NONE",
6.689584,2026-09-01T21:13:03.882+01:00,274036,1564431,262,262,True,True,0x02,"NO_IRQ,OK,NO_IRQ,NO_IRQ","NONE,DELTA,NONE,NONE",
6.696555,2026-09-01T21:13:03.887+01:00,274298,1564432,248,248,True,True,0x02,"NO_IRQ,OK,NO_IRQ,NO_IRQ","NONE,DELTA,NONE,NONE",
6.699611,2026-09-01T21:13:03.894+01:00,274546,1564433,262,262,True,True,0x02,"NO_IRQ,OK,NO_IRQ,NO_IRQ","NONE,DELTA,NONE,NONE",
6.704583,2026-09-01T21:13:03.897+01:00,274808,1564434,244,244,True,True,0x02,"NO_IRQ,OK,NO_IRQ,NO_IRQ","NONE,DELTA,NONE,NONE",
6.713409,2026-09-01T21:13:03.902+01:00,275052,1564435,252,252,True,True,0x02,"NO_IRQ,OK,NO_IRQ,NO_IRQ","NONE,DELTA,NONE,NONE",
6.714861,2026-09-01T21:13:03.911+01:00,275304,1564436,274,274,True,True,0x02,"NO_IRQ,OK,NO_IRQ,NO_IRQ","NONE,DELTA,NONE,NONE",
6.719468,2026-09-01T21:13:03.912+01:00,275578,1564437,222,222,True,True,0x02,"NO_IRQ,OK,NO_IRQ,NO_IRQ","NONE,DELTA,NONE,NONE",
6.729983,2026-09-01T21:13:03.917+01:00,275800,1564438,254,254,True,True,0x02,"NO_IRQ,OK,NO_IRQ,NO_IRQ","NONE,DELTA,NONE,NONE",
6.730542,2026-09-01T21:13:03.927+01:00,276054,1564439,218,218,True,True,0x02,"NO_IRQ,OK,NO_IRQ,NO_IRQ","NONE,DELTA,NONE,NONE",
6.734664,2026-09-01T21:13:03.928+01:00,276272,1564440,262,262,True,True,0x02,"NO_IRQ,OK,NO_IRQ,NO_IRQ","NONE,DELTA,NONE,NONE",
6.739334,2026-09-01T21:13:03.932+01:00,276534,1564441,284,284,True,True,0x02,"NO_IRQ,OK,NO_IRQ,NO_IRQ","NONE,DELTA,NONE,NONE",
6.746047,2026-09-01T21:13:03.937+01:00,276818,1564442,264,264,True,True,0x02,"NO_IRQ,OK,NO_IRQ,NO_IRQ","NONE,DELTA,NONE,NONE",
6.749620,2026-09-01T21:13:03.944+01:00,277082,1564443,258,258,True,True,0x02,"NO_IRQ,OK,NO_IRQ,NO_IRQ","NONE,DELTA,NONE,NONE",
6.754678,2026-09-01T21:13:03.947+01:00,277340,1564444,230,230,True,True,0x02,"NO_IRQ,OK,NO_IRQ,NO_IRQ","NONE,DELTA,NONE,NONE",
6.762119,2026-09-01T21:13:03.952+01:00,277570,1564445,266,266,True,True,0x02,"NO_IRQ,OK,NO_IRQ,NO_IRQ","NONE,DELTA,NONE,NONE",
6.764320,2026-09-01T21:13:03.960+01:00,277836,1564446,258,258,True,True,0x02,"NO_IRQ,OK,NO_IRQ,NO_IRQ","NONE,DELTA,NONE,NONE",
6.769363,2026-09-01T21:13:03.962+01:00,278094,1564447,200,200,True,True,0x02,"NO_IRQ,OK,NO_IRQ,NO_IRQ","NONE,DELTA,NONE,NONE",
6.778359,2026-09-01T21:13:03.967+01:00,278294,1564448,206,206,True,True,0x02,"NO_IRQ,OK,NO_IRQ,NO_IRQ","NONE,DELTA,NONE,NONE",
6.779245,2026-09-01T21:13:03.976+01:00,278500,1564449,220,220,True,True,0x02,"NO_IRQ,OK,NO_IRQ,NO_IRQ","NONE,DELTA,NONE,NONE",
6.785097,2026-09-01T21:13:03.977+01:00,278720,1564450,232,232,True,True,0x02,"NO_IRQ,OK,NO_IRQ,NO_IRQ","NONE,DELTA,NONE,NONE",
6.790082,2026-09-01T21:13:03.983+01:00,278952,1564451,220,220,True,True,0x02,"NO_IRQ,OK,NO_IRQ,NO_IRQ","NONE,DELTA,NONE,NONE",
6.794366,2026-09-01T21:13:03.988+01:00,279172,1564452,234,234,True,True,0x02,"NO_IRQ,OK,NO_IRQ,NO_IRQ","NONE,DELTA,NONE,NONE",
6.799596,2026-09-01T21:13:03.992+01:00,279406,1564453,254,254,True,True,0x02,"NO_IRQ,OK,NO_IRQ,NO_IRQ","NONE,DELTA,NONE,NONE",
6.804284,2026-09-01T21:13:03.997+01:00,279660,1564454,224,224,True,True,0x02,"NO_IRQ,OK,NO_IRQ,NO_IRQ","NONE,DELTA,NONE,NONE",
6.815768,2026-09-01T21:13:04.002+01:00,279884,1564455,208,208,True,True,0x02,"NO_IRQ,OK,NO_IRQ,NO_IRQ","NONE,DELTA,NONE,NONE",
6.820989,2026-09-01T21:13:04.013+01:00,280092,1564456,244,244,True,True,0x02,"NO_IRQ,OK,NO_IRQ,NO_IRQ","NONE,DELTA,NONE,NONE",
6.821518,2026-09-01T21:13:04.018+01:00,280336,1564457,222,222,True,True,0x02,"NO_IRQ,OK,NO_IRQ,NO_IRQ","NONE,DELTA,NONE,NONE",
6.824071,2026-09-01T21:13:04.019+01:00,280558,1564458,228,228,True,True,0x02,"NO_IRQ,OK,NO_IRQ,NO_IRQ","NONE,DELTA,NONE,NONE",
6.829294,2026-09-01T21:13:04.022+01:00,280786,1564459,274,274,True,True,0x02,"NO_IRQ,OK,NO_IRQ,NO_IRQ","NONE,DELTA,NONE,NONE",
6.837397,2026-09-01T21:13:04.027+01:00,281060,1564460,264,264,True,True,0x02,"NO_IRQ,OK,NO_IRQ,NO_IRQ","NONE,DELTA,NONE,NONE",
6.839265,2026-09-01T21:13:04.035+01:00,281324,1564461,190,190,True,True,0x02,"NO_IRQ,OK,NO_IRQ,NO_IRQ","NONE,DELTA,NONE,NONE",
6.844376,2026-09-01T21:13:04.037+01:00,281514,1564462,204,204,True,True,0x02,"NO_IRQ,OK,NO_IRQ,NO_IRQ","NONE,DELTA,NONE,NONE",
6.853384,2026-09-01T21:13:04.042+01:00,281718,1564463,210,210,True,True,0x02,"NO_IRQ,OK,NO_IRQ,NO_IRQ","NONE,DELTA,NONE,NONE",
6.854234,2026-09-01T21:13:04.051+01:00,281928,1564464,248,248,True,True,0x02,"NO_IRQ,OK,NO_IRQ,NO_IRQ","NONE,DELTA,NONE,NONE",
6.859339,2026-09-01T21:13:04.052+01:00,282176,1564465,244,244,True,True,0x02,"NO_IRQ,OK,NO_IRQ,NO_IRQ","NONE,DELTA,NONE,NONE",
6.864924,2026-09-01T21:13:04.057+01:00,282420,1564466,216,216,True,True,0x02,"NO_IRQ,OK,NO_IRQ,NO_IRQ","NONE,DELTA,NONE,NONE",
6.870372,2026-09-01T21:13:04.064+01:00,282636,1564467,238,238,True,True,0x02,"NO_IRQ,OK,NO_IRQ,NO_IRQ","NONE,DELTA,NONE,NONE",
6.874190,2026-09-01T21:13:04.068+01:00,282874,1564468,210,210,True,True,0x02,"NO_IRQ,OK,NO_IRQ,NO_IRQ","NONE,DELTA,NONE,NONE",
6.879149,2026-09-01T21:13:04.072+01:00,283084,1564469,230,230,True,True,0x02,"NO_IRQ,OK,NO_IRQ,NO_IRQ","NONE,DELTA,NONE,NONE",
6.886648,2026-09-01T21:13:04.077+01:00,283314,1564470,1084,1084,True,True,0x02,"NO_IRQ,OK,NO_IRQ,NO_IRQ","NONE,DELTA_SYNC,NONE,NONE",
6.889258,2026-09-01T21:13:04.084+01:00,284398,1564471,278,278,True,True,0x02,"NO_IRQ,OK,NO_IRQ,NO_IRQ","NONE,DELTA,NONE,NONE",
6.894273,2026-09-01T21:13:04.087+01:00,284676,1564472,238,238,True,True,0x02,"NO_IRQ,OK,NO_IRQ,NO_IRQ","NONE,DELTA,NONE,NONE",
6.903584,2026-09-01T21:13:04.092+01:00,284914,1564473,182,182,True,True,0x02,"NO_IRQ,OK,NO_IRQ,NO_IRQ","NONE,DELTA,NONE,NONE",
6.904453,2026-09-01T21:13:04.101+01:00,285096,1564474,236,236,True,True,0x02,"NO_IRQ,OK,NO_IRQ,NO_IRQ","NONE,DELTA,NONE,NONE",
6.909094,2026-09-01T21:13:04.102+01:00,285332,1564475,214,214,True,True,0x02,"NO_IRQ,OK,NO_IRQ,NO_IRQ","NONE,DELTA,NONE,NONE",
6.919435,2026-09-01T21:13:04.107+01:00,285546,1564476,202,202,True,True,0x02,"NO_IRQ,OK,NO_IRQ,NO_IRQ","NONE,DELTA,NONE,NONE",
6.920332,2026-09-01T21:13:04.117+01:00,285748,1564477,218,218,True,True,0x02,"NO_IRQ,OK,NO_IRQ,NO_IRQ","NONE,DELTA,NONE,NONE",
6.923852,2026-09-01T21:13:04.118+01:00,285966,1564478,202,202,True,True,0x02,"NO_IRQ,OK,NO_IRQ,NO_IRQ","NONE,DELTA,NONE,NONE",
6.929019,2026-09-01T21:13:04.122+01:00,286168,1564479,196,196,True,True,0x02,"NO_IRQ,OK,NO_IRQ,NO_IRQ","NONE,DELTA,NONE,NONE",
6.935625,2026-09-01T21:13:04.126+01:00,286364,1564480,184,184,True,True,0x02,"NO_IRQ,OK,NO_IRQ,NO_IRQ","NONE,DELTA,NONE,NONE",
6.938947,2026-09-01T21:13:04.133+01:00,286548,1564481,178,178,True,True,0x02,"NO_IRQ,OK,NO_IRQ,NO_IRQ","NONE,DELTA,NONE,NONE",
6.943831,2026-09-01T21:13:04.137+01:00,286726,1564482,206,206,True,True,0x02,"NO_IRQ,OK,NO_IRQ,NO_IRQ","NONE,DELTA,NONE,NONE",
6.950120,2026-09-01T21:13:04.142+01:00,286932,1564483,252,252,True,True,0x02,"NO_IRQ,OK,NO_IRQ,NO_IRQ","NONE,DELTA,NONE,NONE",
6.954984,2026-09-01T21:13:04.148+01:00,287184,1564484,218,218,True,True,0x02,"NO_IRQ,OK,NO_IRQ,NO_IRQ","NONE,DELTA,NONE,NONE",
6.958741,2026-09-01T21:13:04.152+01:00,287402,1564485,178,178,True,True,0x02,"NO_IRQ,OK,NO_IRQ,NO_IRQ","NONE,DELTA,NONE,NONE",
6.964236,2026-09-01T21:13:04.156+01:00,287580,1564486,194,194,True,True,0x02,"NO_IRQ,OK,NO_IRQ,NO_IRQ","NONE,DELTA,NONE,NONE",
6.973703,2026-09-01T21:13:04.162+01:00,287774,1564487,184,184,True,True,0x02,"NO_IRQ,OK,NO_IRQ,NO_IRQ","NONE,DELTA,NONE,NONE",
6.974053,2026-09-01T21:13:04.171+01:00,287958,1564488,206,206,True,True,0x02,"NO_IRQ,OK,NO_IRQ,NO_IRQ","NONE,DELTA,NONE,NONE",
6.987255,2026-09-01T21:13:04.171+01:00,288164,1564489,172,172,True,True,0x02,"NO_IRQ,OK,NO_IRQ,NO_IRQ","NONE,DELTA,NONE,NONE",
6.987892,2026-09-01T21:13:04.185+01:00,288336,1564490,172,172,True,True,0x02,"NO_IRQ,OK,NO_IRQ,NO_IRQ","NONE,DELTA,NONE,NONE",
6.988805,2026-09-01T21:13:04.185+01:00,288508,1564491,210,210,True,True,0x02,"NO_IRQ,OK,NO_IRQ,NO_IRQ","NONE,DELTA,NONE,NONE",
6.993709,2026-09-01T21:13:04.186+01:00,288718,1564492,220,220,True,True,0x02,"NO_IRQ,OK,NO_IRQ,NO_IRQ","NONE,DELTA,NONE,NONE",
7.004793,2026-09-01T21:13:04.191+01:00,288938,1564493,202,202,True,True,0x02,"NO_IRQ,OK,NO_IRQ,NO_IRQ","NONE,DELTA,NONE,NONE",
7.005421,2026-09-01T21:13:04.202+01:00,289140,1564494,202,202,True,True,0x02,"NO_IRQ,OK,NO_IRQ,NO_IRQ","NONE,DELTA,NONE,NONE",
7.008949,2026-09-01T21:13:04.203+01:00,289342,1564495,202,202,True,True,0x02,"NO_IRQ,OK,NO_IRQ,NO_IRQ","NONE,DELTA,NONE,NONE",
7.014400,2026-09-01T21:13:04.207+01:00,289544,1564496,208,208,True,True,0x02,"NO_IRQ,OK,NO_IRQ,NO_IRQ","NONE,DELTA,NONE,NONE",
7.021059,2026-09-01T21:13:04.212+01:00,289752,1564497,220,220,True,True,0x02,"NO_IRQ,OK,NO_IRQ,NO_IRQ","NONE,DELTA,NONE,NONE",
7.023984,2026-09-01T21:13:04.219+01:00,289972,1564498,168,168,True,True,0x02,"NO_IRQ,OK,NO_IRQ,NO_IRQ","NONE,DELTA,NONE,NONE",
7.028840,2026-09-01T21:13:04.221+01:00,290140,1564499,198,198,True,True,0x02,"NO_IRQ,OK,NO_IRQ,NO_IRQ","NONE,DELTA,NONE,NONE",
7.038142,2026-09-01T21:13:04.226+01:00,290338,1564500,186,186,True,True,0x02,"NO_IRQ,OK,NO_IRQ,NO_IRQ","NONE,DELTA,NONE,NONE",
7.039271,2026-09-01T21:13:04.236+01:00,290524,1564501,166,166,True,True,0x02,"NO_IRQ,OK,NO_IRQ,NO_IRQ","NONE,DELTA,NONE,NONE",
7.043724,2026-09-01T21:13:04.237+01:00,290690,1564502,194,194,True,True,0x02,"NO_IRQ,OK,NO_IRQ,NO_IRQ","NONE,DELTA,NONE,NONE",
7.048709,2026-09-01T21:13:04.241+01:00,290884,1564503,168,168,True,True,0x02,"NO_IRQ,OK,NO_IRQ,NO_IRQ","NONE,DELTA,NONE,NONE",
7.055537,2026-09-01T21:13:04.246+01:00,291052,1564504,186,186,True,True,0x02,"NO_IRQ,OK,NO_IRQ,NO_IRQ","NONE,DELTA,NONE,NONE",
7.058945,2026-09-01T21:13:04.253+01:00,291238,1564505,188,188,True,True,0x02,"NO_IRQ,OK,NO_IRQ,NO_IRQ","NONE,DELTA,NONE,NONE",
7.064525,2026-09-01T21:13:04.256+01:00,291426,1564506,204,204,True,True,0x02,"NO_IRQ,OK,NO_IRQ,NO_IRQ","NONE,DELTA,NONE,NONE",
7.071836,2026-09-01T21:13:04.262+01:00,291630,1564507,204,204,True,True,0x02,"NO_IRQ,OK,NO_IRQ,NO_IRQ","NONE,DELTA,NONE,NONE",
7.073534,2026-09-01T21:13:04.269+01:00,291834,1564508,184,184,True,True,0x02,"NO_IRQ,OK,NO_IRQ,NO_IRQ","NONE,DELTA,NONE,NONE",
7.078818,2026-09-01T21:13:04.271+01:00,292018,1564509,188,188,True,True,0x02,"NO_IRQ,OK,NO_IRQ,NO_IRQ","NONE,DELTA,NONE,NONE",
7.089306,2026-09-01T21:13:04.276+01:00,292206,1564510,192,192,True,True,0x02,"NO_IRQ,OK,NO_IRQ,NO_IRQ","NONE,DELTA,NONE,NONE",
7.090013,2026-09-01T21:13:04.287+01:00,292398,1564511,190,190,True,True,0x02,"NO_IRQ,OK,NO_IRQ,NO_IRQ","NONE,DELTA,NONE,NONE",
7.094137,2026-09-01T21:13:04.288+01:00,292588,1564512,196,196,True,True,0x02,"NO_IRQ,OK,NO_IRQ,NO_IRQ","NONE,DELTA,NONE,NONE",
7.098909,2026-09-01T21:13:04.292+01:00,292784,1564513,174,174,True,True,0x02,"NO_IRQ,OK,NO_IRQ,NO_IRQ","NONE,DELTA,NONE,NONE",
7.106788,2026-09-01T21:13:04.296+01:00,292958,1564514,180,180,True,True,0x02,"NO_IRQ,OK,NO_IRQ,NO_IRQ","NONE,DELTA,NONE,NONE",
7.108466,2026-09-01T21:13:04.304+01:00,293138,1564515,172,172,True,True,0x02,"NO_IRQ,OK,NO_IRQ,NO_IRQ","NONE,DELTA,NONE,NONE",
7.113585,2026-09-01T21:13:04.306+01:00,293310,1564516,180,180,True,True,0x02,"NO_IRQ,OK,NO_IRQ,NO_IRQ","NONE,DELTA,NONE,NONE",
7.119234,2026-09-01T21:13:04.311+01:00,293490,1564517,166,166,True,True,0x02,"NO_IRQ,OK,NO_IRQ,NO_IRQ","NONE,DELTA,NONE,NONE",
7.123777,2026-09-01T21:13:04.317+01:00,293656,1564518,152,152,True,True,0x02,"NO_IRQ,OK,NO_IRQ,NO_IRQ","NONE,DELTA,NONE,NONE",
7.128438,2026-09-01T21:13:04.321+01:00,293808,1564519,198,198,True,True,0x02,"NO_IRQ,OK,NO_IRQ,NO_IRQ","NONE,DELTA,NONE,NONE",
7.133463,2026-09-01T21:13:04.326+01:00,294006,1564520,186,186,True,True,0x02,"NO_IRQ,OK,NO_IRQ,NO_IRQ","NONE,DELTA,NONE,NONE",
7.138867,2026-09-01T21:13:04.331+01:00,294192,1564521,174,174,True,True,0x02,"NO_IRQ,OK,NO_IRQ,NO_IRQ","NONE,DELTA,NONE,NONE",
7.148252,2026-09-01T21:13:04.339+01:00,294366,1564522,206,206,True,True,0x02,"NO_IRQ,OK,NO_IRQ,NO_IRQ","NONE,DELTA,NONE,NONE",
7.149005,2026-09-01T21:13:04.346+01:00,294572,1564523,190,190,True,True,0x02,"NO_IRQ,OK,NO_IRQ,NO_IRQ","NONE,DELTA,NONE,NONE",
7.153416,2026-09-01T21:13:04.346+01:00,294762,1564524,204,204,True,True,0x02,"NO_IRQ,OK,NO_IRQ,NO_IRQ","NONE,DELTA,NONE,NONE",
7.158404,2026-09-01T21:13:04.351+01:00,294966,1564525,192,192,True,True,0x02,"NO_IRQ,OK,NO_IRQ,NO_IRQ","NONE,DELTA,NONE,NONE",
7.165809,2026-09-01T21:13:04.356+01:00,295158,1564526,198,198,True,True,0x02,"NO_IRQ,OK,NO_IRQ,NO_IRQ","NONE,DELTA,NONE,NONE",
7.168679,2026-09-01T21:13:04.363+01:00,295356,1564527,212,212,True,True,0x02,"NO_IRQ,OK,NO_IRQ,NO_IRQ","NONE,DELTA,NONE,NONE",
7.173481,2026-09-01T21:13:04.366+01:00,295568,1564528,202,202,True,True,0x02,"NO_IRQ,OK,NO_IRQ,NO_IRQ","NONE,DELTA,NONE,NONE",
7.183463,2026-09-01T21:13:04.371+01:00,295770,1564529,180,180,True,True,0x02,"NO_IRQ,OK,NO_IRQ,NO_IRQ","NONE,DELTA,NONE,NONE",
7.184301,2026-09-01T21:13:04.381+01:00,295950,1564530,192,192,True,True,0x02,"NO_IRQ,OK,NO_IRQ,NO_IRQ","NONE,DELTA,NONE,NONE",
7.190350,2026-09-01T21:13:04.382+01:00,296142,1564531,180,180,True,True,0x02,"NO_IRQ,OK,NO_IRQ,NO_IRQ","NONE,DELTA,NONE,NONE",
7.193806,2026-09-01T21:13:04.388+01:00,296322,1564532,198,198,True,True,0x02,"NO_IRQ,OK,NO_IRQ,NO_IRQ","NONE,DELTA,NONE,NONE",
7.202211,2026-09-01T21:13:04.391+01:00,296520,1564533,222,222,True,True,0x02,"NO_IRQ,OK,NO_IRQ,NO_IRQ","NONE,DELTA,NONE,NONE",
7.203940,2026-09-01T21:13:04.400+01:00,296742,1564534,174,174,True,True,0x02,"NO_IRQ,OK,NO_IRQ,NO_IRQ","NONE,DELTA,NONE,NONE",
7.208605,2026-09-01T21:13:04.401+01:00,296916,1564535,204,204,True,True,0x02,"NO_IRQ,OK,NO_IRQ,NO_IRQ","NONE,DELTA,NONE,NONE",
7.219150,2026-09-01T21:13:04.406+01:00,297120,1564536,210,210,True,True,0x02,"NO_IRQ,OK,NO_IRQ,NO_IRQ","NONE,DELTA,NONE,NONE",
7.220002,2026-09-01T21:13:04.417+01:00,297330,1564537,208,208,True,True,0x02,"NO_IRQ,OK,NO_IRQ,NO_IRQ","NONE,DELTA,NONE,NONE",
7.223745,2026-09-01T21:13:04.418+01:00,297538,1564538,214,214,True,True,0x02,"NO_IRQ,OK,NO_IRQ,NO_IRQ","NONE,DELTA,NONE,NONE",
7.228383,2026-09-01T21:13:04.421+01:00,297752,1564539,178,178,True,True,0x02,"NO_IRQ,OK,NO_IRQ,NO_IRQ","NONE,DELTA,NONE,NONE",
7.235558,2026-09-01T21:13:04.426+01:00,297930,1564540,178,178,True,True,0x02,"NO_IRQ,OK,NO_IRQ,NO_IRQ","NONE,DELTA,NONE,NONE",
7.238810,2026-09-01T21:13:04.433+01:00,298108,1564541,192,192,True,True,0x02,"NO_IRQ,OK,NO_IRQ,NO_IRQ","NONE,DELTA,NONE,NONE",
7.243626,2026-09-01T21:13:04.436+01:00,298300,1564542,192,192,True,True,0x02,"NO_IRQ,OK,NO_IRQ,NO_IRQ","NONE,DELTA,NONE,NONE",
7.253979,2026-09-01T21:13:04.441+01:00,298492,1564543,214,214,True,True,0x02,"NO_IRQ,OK,NO_IRQ,NO_IRQ","NONE,DELTA,NONE,NONE",
7.254615,2026-09-01T21:13:04.451+01:00,298706,1564544,212,212,True,True,0x02,"NO_IRQ,OK,NO_IRQ,NO_IRQ","NONE,DELTA,NONE,NONE",
7.258435,2026-09-01T21:13:04.452+01:00,298918,1564545,188,188,True,True,0x02,"NO_IRQ,OK,NO_IRQ,NO_IRQ","NONE,DELTA,NONE,NONE",
7.263502,2026-09-01T21:13:04.456+01:00,299106,1564546,206,206,True,True,0x02,"NO_IRQ,OK,NO_IRQ,NO_IRQ","NONE,DELTA,NONE,NONE",
7.270648,2026-09-01T21:13:04.461+01:00,299312,1564547,204,204,True,True,0x02,"NO_IRQ,OK,NO_IRQ,NO_IRQ","NONE,DELTA,NONE,NONE",
7.273456,2026-09-01T21:13:04.468+01:00,299516,1564548,202,202,True,True,0x02,"NO_IRQ,OK,NO_IRQ,NO_IRQ","NONE,DELTA,NONE,NONE",
7.278369,2026-09-01T21:13:04.471+01:00,299718,1564549,178,178,True,True,0x02,"NO_IRQ,OK,NO_IRQ,NO_IRQ","NONE,DELTA,NONE,NONE",
7.284669,2026-09-01T21:13:04.476+01:00,299896,1564550,178,178,True,True,0x02,"NO_IRQ,OK,NO_IRQ,NO_IRQ","NONE,DELTA,NONE,NONE",
7.288164,2026-09-01T21:13:04.482+01:00,300074,1564551,188,188,True,True,0x02,"NO_IRQ,OK,NO_IRQ,NO_IRQ","NONE,DELTA,NONE,NONE",
7.293080,2026-09-01T21:13:04.486+01:00,300262,1564552,190,190,True,True,0x02,"NO_IRQ,OK,NO_IRQ,NO_IRQ","NONE,DELTA,NONE,NONE",
7.298589,2026-09-01T21:13:04.491+01:00,300452,1564553,192,192,True,True,0x02,"NO_IRQ,OK,NO_IRQ,NO_IRQ","NONE,DELTA,NONE,NONE",
7.310591,2026-09-01T21:13:04.496+01:00,300644,1564554,156,156,True,True,0x02,"NO_IRQ,OK,NO_IRQ,NO_IRQ","NONE,DELTA,NONE,NONE",
7.310939,2026-09-01T21:13:04.508+01:00,300800,1564555,194,194,True,True,0x02,"NO_IRQ,OK,NO_IRQ,NO_IRQ","NONE,DELTA,NONE,NONE",
7.324416,2026-09-01T21:13:04.508+01:00,300994,1564556,192,192,True,True,0x02,"NO_IRQ,OK,NO_IRQ,NO_IRQ","NONE,DELTA,NONE,NONE",
7.325423,2026-09-01T21:13:04.522+01:00,301186,1564557,190,190,True,True,0x02,"NO_IRQ,OK,NO_IRQ,NO_IRQ","NONE,DELTA,NONE,NONE",
7.326309,2026-09-01T21:13:04.523+01:00,301376,1564558,200,200,True,True,0x02,"NO_IRQ,OK,NO_IRQ,NO_IRQ","NONE,DELTA,NONE,NONE",
7.328380,2026-09-01T21:13:04.524+01:00,301576,1564559,186,186,True,True,0x02,"NO_IRQ,OK,NO_IRQ,NO_IRQ","NONE,DELTA,NONE,NONE",
7.333343,2026-09-01T21:13:04.526+01:00,301762,1564560,180,180,True,True,0x02,"NO_IRQ,OK,NO_IRQ,NO_IRQ","NONE,DELTA,NONE,NONE",
7.342013,2026-09-01T21:13:04.531+01:00,301942,1564561,170,170,True,True,0x02,"NO_IRQ,OK,NO_IRQ,NO_IRQ","NONE,DELTA,NONE,NONE",
7.343233,2026-09-01T21:13:04.540+01:00,302112,1564562,178,178,True,True,0x02,"NO_IRQ,OK,NO_IRQ,NO_IRQ","NONE,DELTA,NONE,NONE",
7.348561,2026-09-01T21:13:04.541+01:00,302290,1564563,186,186,True,True,0x02,"NO_IRQ,OK,NO_IRQ,NO_IRQ","NONE,DELTA,NONE,NONE",
7.358292,2026-09-01T21:13:04.546+01:00,302476,1564564,166,166,True,True,0x02,"NO_IRQ,OK,NO_IRQ,NO_IRQ","NONE,DELTA,NONE,NONE",
7.358993,2026-09-01T21:13:04.556+01:00,302642,1564565,164,164,True,True,0x02,"NO_IRQ,OK,NO_IRQ,NO_IRQ","NONE,DELTA,NONE,NONE",
7.363353,2026-09-01T21:13:04.556+01:00,302806,1564566,172,172,True,True,0x02,"NO_IRQ,OK,NO_IRQ,NO_IRQ","NONE,DELTA,NONE,NONE",
7.368304,2026-09-01T21:13:04.561+01:00,302978,1564567,178,178,True,True,0x02,"NO_IRQ,OK,NO_IRQ,NO_IRQ","NONE,DELTA,NONE,NONE",
7.375100,2026-09-01T21:13:04.566+01:00,303156,1564568,156,156,True,True,0x02,"NO_IRQ,OK,NO_IRQ,NO_IRQ","NONE,DELTA,NONE,NONE",
7.378503,2026-09-01T21:13:04.573+01:00,303312,1564569,174,174,True,True,0x02,"NO_IRQ,OK,NO_IRQ,NO_IRQ","NONE,DELTA,NONE,NONE",
7.383269,2026-09-01T21:13:04.576+01:00,303486,1564570,194,194,True,True,0x02,"NO_IRQ,OK,NO_IRQ,NO_IRQ","NONE,DELTA,NONE,NONE",
7.391768,2026-09-01T21:13:04.581+01:00,303680,1564571,202,202,True,True,0x02,"NO_IRQ,OK,NO_IRQ,NO_IRQ","NONE,DELTA,NONE,NONE",
7.393200,2026-09-01T21:13:04.589+01:00,303882,1564572,166,166,True,True,0x02,"NO_IRQ,OK,NO_IRQ,NO_IRQ","NONE,DELTA,NONE,NONE",
7.398456,2026-09-01T21:13:04.591+01:00,304048,1564573,146,146,True,True,0x02,"NO_IRQ,OK,NO_IRQ,NO_IRQ","NONE,DELTA,NONE,NONE",
7.408457,2026-09-01T21:13:04.596+01:00,304194,1564574,186,186,True,True,0x02,"NO_IRQ,OK,NO_IRQ,NO_IRQ","NONE,DELTA,NONE,NONE",
7.409051,2026-09-01T21:13:04.606+01:00,304380,1564575,182,182,True,True,0x02,"NO_IRQ,OK,NO_IRQ,NO_IRQ","NONE,DELTA,NONE,NONE",
7.413207,2026-09-01T21:13:04.607+01:00,304562,1564576,170,170,True,True,0x02,"NO_IRQ,OK,NO_IRQ,NO_IRQ","NONE,DELTA,NONE,NONE",
7.417894,2026-09-01T21:13:04.611+01:00,304732,1564577,168,168,True,True,0x02,"NO_IRQ,OK,NO_IRQ,NO_IRQ","NONE,DELTA,NONE,NONE",
7.424131,2026-09-01T21:13:04.615+01:00,304900,1564578,162,162,True,True,0x02,"NO_IRQ,OK,NO_IRQ,NO_IRQ","NONE,DELTA,NONE,NONE",
7.428041,2026-09-01T21:13:04.622+01:00,305062,1564579,162,162,True,True,0x02,"NO_IRQ,OK,NO_IRQ,NO_IRQ","NONE,DELTA,NONE,NONE",
7.432955,2026-09-01T21:13:04.626+01:00,305224,1564580,180,180,True,True,0x02,"NO_IRQ,OK,NO_IRQ,NO_IRQ","NONE,DELTA,NONE,NONE",
7.440774,2026-09-01T21:13:04.630+01:00,305404,1564581,190,190,True,True,0x02,"NO_IRQ,OK,NO_IRQ,NO_IRQ","NONE,DELTA,NONE,NONE",
7.443242,2026-09-01T21:13:04.639+01:00,305594,1564582,152,152,True,True,0x02,"NO_IRQ,OK,NO_IRQ,NO_IRQ","NONE,DELTA,NONE,NONE",
7.448459,2026-09-01T21:13:04.641+01:00,305746,1564583,186,186,True,True,0x02,"NO_IRQ,OK,NO_IRQ,NO_IRQ","NONE,DELTA,NONE,NONE",
7.453299,2026-09-01T21:13:04.646+01:00,305932,1564584,188,188,True,True,0x02,"NO_IRQ,OK,NO_IRQ,NO_IRQ","NONE,DELTA,NONE,NONE",
7.459371,2026-09-01T21:13:04.651+01:00,306120,1564585,192,192,True,True,0x02,"NO_IRQ,OK,NO_IRQ,NO_IRQ","NONE,DELTA,NONE,NONE",
7.462887,2026-09-01T21:13:04.657+01:00,306312,1564586,178,178,True,True,0x02,"NO_IRQ,OK,NO_IRQ,NO_IRQ","NONE,DELTA,NONE,NONE",
7.468004,2026-09-01T21:13:04.660+01:00,306490,1564587,188,188,True,True,0x02,"NO_IRQ,OK,NO_IRQ,NO_IRQ","NONE,DELTA,NONE,NONE",
7.476109,2026-09-01T21:13:04.666+01:00,306678,1564588,204,204,True,True,0x02,"NO_IRQ,OK,NO_IRQ,NO_IRQ","NONE,DELTA,NONE,NONE",
7.483268,2026-09-01T21:13:04.676+01:00,306882,1564589,188,188,True,True,0x02,"NO_IRQ,OK,NO_IRQ,NO_IRQ","NONE,DELTA,NONE,NONE",
7.483976,2026-09-01T21:13:04.681+01:00,307070,1564590,156,156,True,True,0x02,"NO_IRQ,OK,NO_IRQ,NO_IRQ","NONE,DELTA,NONE,NONE",
7.487972,2026-09-01T21:13:04.682+01:00,307226,1564591,178,178,True,True,0x02,"NO_IRQ,OK,NO_IRQ,NO_IRQ","NONE,DELTA,NONE,NONE",
7.493038,2026-09-01T21:13:04.685+01:00,307404,1564592,188,188,True,True,0x02,"NO_IRQ,OK,NO_IRQ,NO_IRQ","NONE,DELTA,NONE,NONE",
7.500362,2026-09-01T21:13:04.691+01:00,307592,1564593,190,190,True,True,0x02,"NO_IRQ,OK,NO_IRQ,NO_IRQ","NONE,DELTA,NONE,NONE",
7.503012,2026-09-01T21:13:04.698+01:00,307782,1564594,192,192,True,True,0x02,"NO_IRQ,OK,NO_IRQ,NO_IRQ","NONE,DELTA,NONE,NONE",
7.507950,2026-09-01T21:13:04.700+01:00,307974,1564595,176,176,True,True,0x02,"NO_IRQ,OK,NO_IRQ,NO_IRQ","NONE,DELTA,NONE,NONE",
7.516924,2026-09-01T21:13:04.705+01:00,308150,1564596,190,190,True,True,0x02,"NO_IRQ,OK,NO_IRQ,NO_IRQ","NONE,DELTA,NONE,NONE",
7.518139,2026-09-01T21:13:04.714+01:00,308340,1564597,192,192,True,True,0x02,"NO_IRQ,OK,NO_IRQ,NO_IRQ","NONE,DELTA,NONE,NONE",
7.522985,2026-09-01T21:13:04.716+01:00,308532,1564598,194,194,True,True,0x02,"NO_IRQ,OK,NO_IRQ,NO_IRQ","NONE,DELTA,NONE,NONE",
7.534723,2026-09-01T21:13:04.721+01:00,308726,1564599,188,188,True,True,0x02,"NO_IRQ,OK,NO_IRQ,NO_IRQ","NONE,DELTA,NONE,NONE",
7.535368,2026-09-01T21:13:04.732+01:00,308914,1564600,178,178,True,True,0x02,"NO_IRQ,OK,NO_IRQ,NO_IRQ","NONE,DELTA,NONE,NONE",
7.537942,2026-09-01T21:13:04.733+01:00,309092,1564601,170,170,True,True,0x02,"NO_IRQ,OK,NO_IRQ,NO_IRQ","NONE,DELTA,NONE,NONE",
7.542931,2026-09-01T21:13:04.735+01:00,309262,1564602,196,196,True,True,0x02,"NO_IRQ,OK,NO_IRQ,NO_IRQ","NONE,DELTA,NONE,NONE",
7.552468,2026-09-01T21:13:04.740+01:00,309458,1564603,200,200,True,True,0x02,"NO_IRQ,OK,NO_IRQ,NO_IRQ","NONE,DELTA,NONE,NONE",
7.553259,2026-09-01T21:13:04.750+01:00,309658,1564604,330,330,True,True,0x02,"NO_IRQ,OK,NO_IRQ,NO_IRQ","NONE,DELTA,NONE,NONE",
7.558589,2026-09-01T21:13:04.751+01:00,309988,1564605,474,474,True,True,0x02,"NO_IRQ,OK,NO_IRQ,NO_IRQ","NONE,DELTA,NONE,NONE",
7.563351,2026-09-01T21:13:04.756+01:00,310462,1564606,456,456,True,True,0x02,"NO_IRQ,OK,NO_IRQ,NO_IRQ","NONE,DELTA,NONE,NONE",
7.571071,2026-09-01T21:13:04.761+01:00,310918,1564607,452,452,True,True,0x02,"NO_IRQ,OK,NO_IRQ,NO_IRQ","NONE,DELTA,NONE,NONE",
7.573017,2026-09-01T21:13:04.769+01:00,311370,1564608,384,384,True,True,0x02,"NO_IRQ,OK,NO_IRQ,NO_IRQ","NONE,DELTA,NONE,NONE",
7.578450,2026-09-01T21:13:04.771+01:00,311754,1564609,422,422,True,True,0x02,"NO_IRQ,OK,NO_IRQ,NO_IRQ","NONE,DELTA,NONE,NONE",
7.589401,2026-09-01T21:13:04.776+01:00,312176,1564610,374,374,True,True,0x02,"NO_IRQ,OK,NO_IRQ,NO_IRQ","NONE,DELTA,NONE,NONE",
7.590357,2026-09-01T21:13:04.787+01:00,312550,1564611,368,368,True,True,0x02,"NO_IRQ,OK,NO_IRQ,NO_IRQ","NONE,DELTA,NONE,NONE",
7.592976,2026-09-01T21:13:04.788+01:00,312918,1564612,392,392,True,True,0x02,"NO_IRQ,OK,NO_IRQ,NO_IRQ","NONE,DELTA,NONE,NONE",
7.598700,2026-09-01T21:13:04.790+01:00,313310,1564613,456,456,True,True,0x02,"NO_IRQ,OK,NO_IRQ,NO_IRQ","NONE,DELTA,NONE,NONE",
7.608099,2026-09-01T21:13:04.796+01:00,313766,1564614,442,442,True,True,0x02,"NO_IRQ,OK,NO_IRQ,NO_IRQ","NONE,DELTA,NONE,NONE",
7.609130,2026-09-01T21:13:04.806+01:00,314208,1564615,446,446,True,True,0x02,"NO_IRQ,OK,NO_IRQ,NO_IRQ","NONE,DELTA,NONE,NONE",
7.613378,2026-09-01T21:13:04.807+01:00,314654,1564616,476,476,True,True,0x02,"NO_IRQ,OK,NO_IRQ,NO_IRQ","NONE,DELTA,NONE,NONE",
7.618231,2026-09-01T21:13:04.811+01:00,315130,1564617,470,470,True,True,0x02,"NO_IRQ,OK,NO_IRQ,NO_IRQ","NONE,DELTA,NONE,NONE",
7.623000,2026-09-01T21:13:04.816+01:00,315600,1564618,456,456,True,True,0x02,"NO_IRQ,OK,NO_IRQ,NO_IRQ","NONE,DELTA,NONE,NONE",
7.628010,2026-09-01T21:13:04.821+01:00,316056,1564619,442,442,True,True,0x02,"NO_IRQ,OK,NO_IRQ,NO_IRQ","NONE,DELTA,NONE,NONE",
7.633011,2026-09-01T21:13:04.825+01:00,316498,1564620,470,470,True,True,0x02,"NO_IRQ,OK,NO_IRQ,NO_IRQ","NONE,DELTA,NONE,NONE",
7.645937,2026-09-01T21:13:04.830+01:00,316968,1564621,436,436,True,True,0x02,"NO_IRQ,OK,NO_IRQ,NO_IRQ","NONE,DELTA,NONE,NONE",
7.646343,2026-09-01T21:13:04.843+01:00,317404,1564622,426,426,True,True,0x02,"NO_IRQ,OK,NO_IRQ,NO_IRQ","NONE,DELTA,NONE,NONE",
7.647843,2026-09-01T21:13:04.844+01:00,317830,1564623,384,384,True,True,0x02,"NO_IRQ,OK,NO_IRQ,NO_IRQ","NONE,DELTA,NONE,NONE",
7.661082,2026-09-01T21:13:04.846+01:00,318214,1564624,372,372,True,True,0x02,"NO_IRQ,OK,NO_IRQ,NO_IRQ","NONE,DELTA,NONE,NONE",
7.662310,2026-09-01T21:13:04.859+01:00,318586,1564625,416,416,True,True,0x02,"NO_IRQ,OK,NO_IRQ,NO_IRQ","NONE,DELTA,NONE,NONE",
7.663274,2026-09-01T21:13:04.860+01:00,319002,1564626,354,354,True,True,0x02,"NO_IRQ,OK,NO_IRQ,NO_IRQ","NONE,DELTA,NONE,NONE",
7.668367,2026-09-01T21:13:04.861+01:00,319356,1564627,386,386,True,True,0x02,"NO_IRQ,OK,NO_IRQ,NO_IRQ","NONE,DELTA,NONE,NONE",
7.674327,2026-09-01T21:13:04.866+01:00,319742,1564628,388,388,True,True,0x02,"NO_IRQ,OK,NO_IRQ,NO_IRQ","NONE,DELTA,NONE,NONE",
7.678936,2026-09-01T21:13:04.873+01:00,320130,1564629,378,378,True,True,0x02,"NO_IRQ,OK,NO_IRQ,NO_IRQ","NONE,DELTA,NONE,NONE",
7.683087,2026-09-01T21:13:04.876+01:00,320508,1564630,416,416,True,True,0x02,"NO_IRQ,OK,NO_IRQ,NO_IRQ","NONE,DELTA,NONE,NONE",
7.687968,2026-09-01T21:13:04.881+01:00,320924,1564631,380,380,True,True,0x02,"NO_IRQ,OK,NO_IRQ,NO_IRQ","NONE,DELTA,NONE,NONE",
7.695522,2026-09-01T21:13:04.885+01:00,321304,1564632,372,372,True,True,0x02,"NO_IRQ,OK,NO_IRQ,NO_IRQ","NONE,DELTA,NONE,NONE",
7.697759,2026-09-01T21:13:04.893+01:00,321676,1564633,366,366,True,True,0x02,"NO_IRQ,OK,NO_IRQ,NO_IRQ","NONE,DELTA,NONE,NONE",
7.702956,2026-09-01T21:13:04.895+01:00,322042,1564634,348,348,True,True,0x02,"NO_IRQ,OK,NO_IRQ,NO_IRQ","NONE,DELTA,NONE,NONE",
7.711973,2026-09-01T21:13:04.900+01:00,322390,1564635,380,380,True,True,0x02,"NO_IRQ,OK,NO_IRQ,NO_IRQ","NONE,DELTA,NONE,NONE",
7.713005,2026-09-01T21:13:04.909+01:00,322770,1564636,408,408,True,True,0x02,"NO_IRQ,OK,NO_IRQ,NO_IRQ","NONE,DELTA,NONE,NONE",
7.717872,2026-09-01T21:13:04.910+01:00,323178,1564637,462,462,True,True,0x02,"NO_IRQ,OK,NO_IRQ,NO_IRQ","NONE,DELTA,NONE,NONE",
7.728028,2026-09-01T21:13:04.916+01:00,323640,1564638,430,430,True,True,0x02,"NO_IRQ,OK,NO_IRQ,NO_IRQ","NONE,DELTA,NONE,NONE",
7.728771,2026-09-01T21:13:04.926+01:00,324070,1564639,522,522,True,True,0x02,"NO_IRQ,OK,NO_IRQ,NO_IRQ","NONE,DELTA,NONE,NONE",
7.733226,2026-09-01T21:13:04.926+01:00,324592,1564640,412,412,True,True,0x02,"NO_IRQ,OK,NO_IRQ,NO_IRQ","NONE,DELTA,NONE,NONE",
7.737826,2026-09-01T21:13:04.931+01:00,325004,1564641,354,354,True,True,0x02,"NO_IRQ,OK,NO_IRQ,NO_IRQ","NONE,DELTA,NONE,NONE",
7.745615,2026-09-01T21:13:04.935+01:00,325358,1564642,378,378,True,True,0x02,"NO_IRQ,OK,NO_IRQ,NO_IRQ","NONE,DELTA,NONE,NONE",
7.748245,2026-09-01T21:13:04.943+01:00,325736,1564643,366,366,True,True,0x02,"NO_IRQ,OK,NO_IRQ,NO_IRQ","NONE,DELTA,NONE,NONE",
7.752630,2026-09-01T21:13:04.946+01:00,326102,1564644,378,378,True,True,0x02,"NO_IRQ,OK,NO_IRQ,NO_IRQ","NONE,DELTA,NONE,NONE",
7.762619,2026-09-01T21:13:04.950+01:00,326480,1564645,446,446,True,True,0x02,"NO_IRQ,OK,NO_IRQ,NO_IRQ","NONE,DELTA,NONE,NONE",
7.763443,2026-09-01T21:13:04.960+01:00,326926,1564646,338,338,True,True,0x02,"NO_IRQ,OK,NO_IRQ,NO_IRQ","NONE,DELTA,NONE,NONE",
7.767811,2026-09-01T21:13:04.961+01:00,327264,1564647,384,384,True,True,0x02,"NO_IRQ,OK,NO_IRQ,NO_IRQ","NONE,DELTA,NONE,NONE",
7.772522,2026-09-01T21:13:04.966+01:00,327648,1564648,328,328,True,True,0x02,"NO_IRQ,OK,NO_IRQ,NO_IRQ","NONE,DELTA,NONE,NONE",
7.780645,2026-09-01T21:13:04.970+01:00,327976,1564649,286,286,True,True,0x02,"NO_IRQ,OK,NO_IRQ,NO_IRQ","NONE,DELTA,NONE,NONE",
7.782544,2026-09-01T21:13:04.978+01:00,328262,1564650,302,302,True,True,0x02,"NO_IRQ,OK,NO_IRQ,NO_IRQ","NONE,DELTA,NONE,NONE",
7.787693,2026-09-01T21:13:04.980+01:00,328564,1564651,308,308,True,True,0x02,"NO_IRQ,OK,NO_IRQ,NO_IRQ","NONE,DELTA,NONE,NONE",
7.793556,2026-09-01T21:13:04.985+01:00,328872,1564652,290,290,True,True,0x02,"NO_IRQ,OK,NO_IRQ,NO_IRQ","NONE,DELTA,NONE,NONE",
7.798703,2026-09-01T21:13:04.991+01:00,329162,1564653,254,254,True,True,0x02,"NO_IRQ,OK,NO_IRQ,NO_IRQ","NONE,DELTA,NONE,NONE",
7.802373,2026-09-01T21:13:04.996+01:00,329416,1564654,236,236,True,True,0x02,"NO_IRQ,OK,NO_IRQ,NO_IRQ","NONE,DELTA,NONE,NONE",
7.807477,2026-09-01T21:13:05.000+01:00,329652,1564655,222,222,True,True,0x02,"NO_IRQ,OK,NO_IRQ,NO_IRQ","NONE,DELTA,NONE,NONE",
7.822320,2026-09-01T21:13:05.005+01:00,329874,1564656,292,292,True,True,0x02,"NO_IRQ,OK,NO_IRQ,NO_IRQ","NONE,DELTA,NONE,NONE",
7.823100,2026-09-01T21:13:05.020+01:00,330166,1564657,246,246,True,True,0x02,"NO_IRQ,OK,NO_IRQ,NO_IRQ","NONE,DELTA,NONE,NONE",
7.823690,2026-09-01T21:13:05.021+01:00,330412,1564658,230,230,True,True,0x02,"NO_IRQ,OK,NO_IRQ,NO_IRQ","NONE,DELTA,NONE,NONE",
7.827640,2026-09-01T21:13:05.021+01:00,330642,1564659,242,242,True,True,0x02,"NO_IRQ,OK,NO_IRQ,NO_IRQ","NONE,DELTA,NONE,NONE",
7.832457,2026-09-01T21:13:05.025+01:00,330884,1564660,252,252,True,True,0x02,"NO_IRQ,OK,NO_IRQ,NO_IRQ","NONE,DELTA,NONE,NONE",
7.840055,2026-09-01T21:13:05.030+01:00,331136,1564661,246,246,True,True,0x02,"NO_IRQ,OK,NO_IRQ,NO_IRQ","NONE,DELTA,NONE,NONE",
7.842383,2026-09-01T21:13:05.038+01:00,331382,1564662,184,184,True,True,0x02,"NO_IRQ,OK,NO_IRQ,NO_IRQ","NONE,DELTA,NONE,NONE",
7.847751,2026-09-01T21:13:05.040+01:00,331566,1564663,252,252,True,True,0x02,"NO_IRQ,OK,NO_IRQ,NO_IRQ","NONE,DELTA,NONE,NONE",
7.856449,2026-09-01T21:13:05.046+01:00,331818,1564664,272,272,True,True,0x02,"NO_IRQ,OK,NO_IRQ,NO_IRQ","NONE,DELTA,NONE,NONE",
7.857404,2026-09-01T21:13:05.054+01:00,332090,1564665,230,230,True,True,0x02,"NO_IRQ,OK,NO_IRQ,NO_IRQ","NONE,DELTA,NONE,NONE",
7.862498,2026-09-01T21:13:05.055+01:00,332320,1564666,240,240,True,True,0x02,"NO_IRQ,OK,NO_IRQ,NO_IRQ","NONE,DELTA,NONE,NONE",
7.872484,2026-09-01T21:13:05.060+01:00,332560,1564667,248,248,True,True,0x02,"NO_IRQ,OK,NO_IRQ,NO_IRQ","NONE,DELTA,NONE,NONE",
7.873153,2026-09-01T21:13:05.070+01:00,332808,1564668,236,236,True,True,0x02,"NO_IRQ,OK,NO_IRQ,NO_IRQ","NONE,DELTA,NONE,NONE",
7.877371,2026-09-01T21:13:05.071+01:00,333044,1564669,226,226,True,True,0x02,"NO_IRQ,OK,NO_IRQ,NO_IRQ","NONE,DELTA,NONE,NONE",
7.882747,2026-09-01T21:13:05.075+01:00,333270,1564670,1084,1084,True,True,0x02,"NO_IRQ,OK,NO_IRQ,NO_IRQ","NONE,DELTA_SYNC,NONE,NONE",
7.889616,2026-09-01T21:13:05.080+01:00,334354,1564671,284,284,True,True,0x02,"NO_IRQ,OK,NO_IRQ,NO_IRQ","NONE,DELTA,NONE,NONE",
7.892279,2026-09-01T21:13:05.087+01:00,334638,1564672,298,298,True,True,0x02,"NO_IRQ,OK,NO_IRQ,NO_IRQ","NONE,DELTA,NONE,NONE",
7.897626,2026-09-01T21:13:05.090+01:00,334936,1564673,242,242,True,True,0x02,"NO_IRQ,OK,NO_IRQ,NO_IRQ","NONE,DELTA,NONE,NONE",
7.907160,2026-09-01T21:13:05.095+01:00,335178,1564674,230,230,True,True,0x02,"NO_IRQ,OK,NO_IRQ,NO_IRQ","NONE,DELTA,NONE,NONE",
7.908226,2026-09-01T21:13:05.105+01:00,335408,1564675,282,282,True,True,0x02,"NO_IRQ,OK,NO_IRQ,NO_IRQ","NONE,DELTA,NONE,NONE",
7.912577,2026-09-01T21:13:05.106+01:00,335690,1564676,240,240,True,True,0x02,"NO_IRQ,OK,NO_IRQ,NO_IRQ","NONE,DELTA,NONE,NONE",
7.917336,2026-09-01T21:13:05.110+01:00,335930,1564677,316,316,True,True,0x02,"NO_IRQ,OK,NO_IRQ,NO_IRQ","NONE,DELTA,NONE,NONE",
7.923732,2026-09-01T21:13:05.115+01:00,336246,1564678,296,296,True,True,0x02,"NO_IRQ,OK,NO_IRQ,NO_IRQ","NONE,DELTA,NONE,NONE",
7.927395,2026-09-01T21:13:05.121+01:00,336542,1564679,304,304,True,True,0x02,"NO_IRQ,OK,NO_IRQ,NO_IRQ","NONE,DELTA,NONE,NONE",
7.932182,2026-09-01T21:13:05.125+01:00,336846,1564680,308,308,True,True,0x02,"NO_IRQ,OK,NO_IRQ,NO_IRQ","NONE,DELTA,NONE,NONE",
7.940792,2026-09-01T21:13:05.130+01:00,337154,1564681,292,292,True,True,0x02,"NO_IRQ,OK,NO_IRQ,NO_IRQ","NONE,DELTA,NONE,NONE",
7.942346,2026-09-01T21:13:05.138+01:00,337446,1564682,240,240,True,True,0x02,"NO_IRQ,OK,NO_IRQ,NO_IRQ","NONE,DELTA,NONE,NONE",
7.947406,2026-09-01T21:13:05.140+01:00,337686,1564683,282,282,True,True,0x02,"NO_IRQ,OK,NO_IRQ,NO_IRQ","NONE,DELTA,NONE,NONE",
7.953606,2026-09-01T21:13:05.146+01:00,337968,1564684,272,272,True,True,0x02,"NO_IRQ,OK,NO_IRQ,NO_IRQ","NONE,DELTA,NONE,NONE",
7.958094,2026-09-01T21:13:05.151+01:00,338240,1564685,288,288,True,True,0x02,"NO_IRQ,OK,NO_IRQ,NO_IRQ","NONE,DELTA,NONE,NONE",
7.962105,2026-09-01T21:13:05.156+01:00,338528,1564686,312,312,True,True,0x02,"NO_IRQ,OK,NO_IRQ,NO_IRQ","NONE,DELTA,NONE,NONE",
7.967183,2026-09-01T21:13:05.160+01:00,338840,1564687,348,348,True,True,0x02,"NO_IRQ,OK,NO_IRQ,NO_IRQ","NONE,DELTA,NONE,NONE",
7.979957,2026-09-01T21:13:05.165+01:00,339188,1564688,334,334,True,True,0x02,"NO_IRQ,OK,NO_IRQ,NO_IRQ","NONE,DELTA,NONE,NONE",
7.980322,2026-09-01T21:13:05.177+01:00,339522,1564689,334,334,True,True,0x02,"NO_IRQ,OK,NO_IRQ,NO_IRQ","NONE,DELTA,NONE,NONE",
7.986995,2026-09-01T21:13:05.178+01:00,339856,1564690,260,260,True,True,0x02,"NO_IRQ,OK,NO_IRQ,NO_IRQ","NONE,DELTA,NONE,NONE",
7.994312,2026-09-01T21:13:05.185+01:00,340116,1564691,288,288,True,True,0x02,"NO_IRQ,OK,NO_IRQ,NO_IRQ","NONE,DELTA,NONE,NONE",
7.995229,2026-09-01T21:13:05.192+01:00,340404,1564692,218,218,True,True,0x02,"NO_IRQ,OK,NO_IRQ,NO_IRQ","NONE,DELTA,NONE,NONE",
7.997625,2026-09-01T21:13:05.193+01:00,340622,1564693,260,260,True,True,0x02,"NO_IRQ,OK,NO_IRQ,NO_IRQ","NONE,DELTA,NONE,NONE",
8.002267,2026-09-01T21:13:05.195+01:00,340882,1564694,208,208,True,True,0x02,"NO_IRQ,OK,NO_IRQ,NO_IRQ","NONE,DELTA,NONE,NONE",
8.011959,2026-09-01T21:13:05.200+01:00,341090,1564695,236,236,True,True,0x02,"NO_IRQ,OK,NO_IRQ,NO_IRQ","NONE,DELTA,NONE,NONE",
8.012535,2026-09-01T21:13:05.209+01:00,341326,1564696,226,226,True,True,0x02,"NO_IRQ,OK,NO_IRQ,NO_IRQ","NONE,DELTA,NONE,NONE",
8.017385,2026-09-01T21:13:05.210+01:00,341552,1564697,222,222,True,True,0x02,"NO_IRQ,OK,NO_IRQ,NO_IRQ","NONE,DELTA,NONE,NONE",
8.021911,2026-09-01T21:13:05.215+01:00,341774,1564698,214,214,True,True,0x02,"NO_IRQ,OK,NO_IRQ,NO_IRQ","NONE,DELTA,NONE,NONE",
8.028572,2026-09-01T21:13:05.219+01:00,341988,1564699,170,170,True,True,0x02,"NO_IRQ,OK,NO_IRQ,NO_IRQ","NONE,DELTA,NONE,NONE",
8.032162,2026-09-01T21:13:05.226+01:00,342158,1564700,226,226,True,True,0x02,"NO_IRQ,OK,NO_IRQ,NO_IRQ","NONE,DELTA,NONE,NONE",
8.037172,2026-09-01T21:13:05.230+01:00,342384,1564701,224,224,True,True,0x02,"NO_IRQ,OK,NO_IRQ,NO_IRQ","NONE,DELTA,NONE,NONE",
8.045484,2026-09-01T21:13:05.235+01:00,342608,1564702,192,192,True,True,0x02,"NO_IRQ,OK,NO_IRQ,NO_IRQ","NONE,DELTA,NONE,NONE",
8.048174,2026-09-01T21:13:05.243+01:00,342800,1564703,176,176,True,True,0x02,"NO_IRQ,OK,NO_IRQ,NO_IRQ","NONE,DELTA,NONE,NONE",
8.052030,2026-09-01T21:13:05.246+01:00,342976,1564704,206,206,True,True,0x02,"NO_IRQ,OK,NO_IRQ,NO_IRQ","NONE,DELTA,NONE,NONE",
8.062412,2026-09-01T21:13:05.249+01:00,343182,1564705,178,178,True,True,0x02,"NO_IRQ,OK,NO_IRQ,NO_IRQ","NONE,DELTA,NONE,NONE",
8.063296,2026-09-01T21:13:05.260+01:00,343360,1564706,198,198,True,True,0x02,"NO_IRQ,OK,NO_IRQ,NO_IRQ","NONE,DELTA,NONE,NONE",
8.067142,2026-09-01T21:13:05.261+01:00,343558,1564707,226,226,True,True,0x02,"NO_IRQ,OK,NO_IRQ,NO_IRQ","NONE,DELTA,NONE,NONE",
8.072055,2026-09-01T21:13:05.265+01:00,343784,1564708,242,242,True,True,0x02,"NO_IRQ,OK,NO_IRQ,NO_IRQ","NONE,DELTA,NONE,NONE",
8.078839,2026-09-01T21:13:05.270+01:00,344026,1564709,262,262,True,True,0x02,"NO_IRQ,OK,NO_IRQ,NO_IRQ","NONE,DELTA,NONE,NONE",
8.082766,2026-09-01T21:13:05.277+01:00,344288,1564710,236,236,True,True,0x02,"NO_IRQ,OK,NO_IRQ,NO_IRQ","NONE,DELTA,NONE,NONE",
8.087024,2026-09-01T21:13:05.280+01:00,344524,1564711,252,252,True,True,0x02,"NO_IRQ,OK,NO_IRQ,NO_IRQ","NONE,DELTA,NONE,NONE",
8.095897,2026-09-01T21:13:05.284+01:00,344776,1564712,192,192,True,True,0x02,"NO_IRQ,OK,NO_IRQ,NO_IRQ","NONE,DELTA,NONE,NONE",
8.096854,2026-09-01T21:13:05.293+01:00,344968,1564713,224,224,True,True,0x02,"NO_IRQ,OK,NO_IRQ,NO_IRQ","NONE,DELTA,NONE,NONE",
8.102181,2026-09-01T21:13:05.294+01:00,345192,1564714,210,210,True,True,0x02,"NO_IRQ,OK,NO_IRQ,NO_IRQ","NONE,DELTA,NONE,NONE",
8.113917,2026-09-01T21:13:05.300+01:00,345402,1564715,202,202,True,True,0x02,"NO_IRQ,OK,NO_IRQ,NO_IRQ","NONE,DELTA,NONE,NONE",
8.114752,2026-09-01T21:13:05.312+01:00,345604,1564716,222,222,True,True,0x02,"NO_IRQ,OK,NO_IRQ,NO_IRQ","NONE,DELTA,NONE,NONE",
8.116990,2026-09-01T21:13:05.312+01:00,345826,1564717,260,260,True,True,0x02,"NO_IRQ,OK,NO_IRQ,NO_IRQ","NONE,DELTA,NONE,NONE",
8.121819,2026-09-01T21:13:05.314+01:00,346086,1564718,236,236,True,True,0x02,"NO_IRQ,OK,NO_IRQ,NO_IRQ","NONE,DELTA,NONE,NONE",
8.127744,2026-09-01T21:13:05.319+01:00,346322,1564719,256,256,True,True,0x02,"NO_IRQ,OK,NO_IRQ,NO_IRQ","NONE,DELTA,NONE,NONE",
8.133227,2026-09-01T21:13:05.325+01:00,346578,1564720,254,254,True,True,0x02,"NO_IRQ,OK,NO_IRQ,NO_IRQ","NONE,DELTA,NONE,NONE",
8.136782,2026-09-01T21:13:05.331+01:00,346832,1564721,258,258,True,True,0x02,"NO_IRQ,OK,NO_IRQ,NO_IRQ","NONE,DELTA,NONE,NONE",
8.141757,2026-09-01T21:13:05.334+01:00,347090,1564722,330,330,True,True,0x02,"NO_IRQ,OK,NO_IRQ,NO_IRQ","NONE,DELTA,NONE,NONE",
8.152015,2026-09-01T21:13:05.339+01:00,347420,1564723,308,308,True,True,0x02,"NO_IRQ,OK,NO_IRQ,NO_IRQ","NONE,DELTA,NONE,NONE",
8.156145,2026-09-01T21:13:05.350+01:00,347728,1564724,264,264,True,True,0x02,"NO_IRQ,OK,NO_IRQ,NO_IRQ","NONE,DELTA,NONE,NONE",
8.157012,2026-09-01T21:13:05.354+01:00,347992,1564725,244,244,True,True,0x02,"NO_IRQ,OK,NO_IRQ,NO_IRQ","NONE,DELTA,NONE,NONE",
8.162096,2026-09-01T21:13:05.355+01:00,348236,1564726,320,320,True,True,0x02,"NO_IRQ,OK,NO_IRQ,NO_IRQ","NONE,DELTA,NONE,NONE",
8.173786,2026-09-01T21:13:05.360+01:00,348556,1564727,296,296,True,True,0x02,"NO_IRQ,OK,NO_IRQ,NO_IRQ","NONE,DELTA,NONE,NONE",
8.174401,2026-09-01T21:13:05.371+01:00,348852,1564728,288,288,True,True,0x02,"NO_IRQ,OK,NO_IRQ,NO_IRQ","NONE,DELTA,NONE,NONE",
8.176946,2026-09-01T21:13:05.372+01:00,349140,1564729,318,318,True,True,0x02,"NO_IRQ,OK,NO_IRQ,NO_IRQ","NONE,DELTA,NONE,NONE",
8.182033,2026-09-01T21:13:05.374+01:00,349458,1564730,342,342,True,True,0x02,"NO_IRQ,OK,NO_IRQ,NO_IRQ","NONE,DELTA,NONE,NONE",
8.190249,2026-09-01T21:13:05.380+01:00,349800,1564731,308,308,True,True,0x02,"NO_IRQ,OK,NO_IRQ,NO_IRQ","NONE,DELTA,NONE,NONE",
8.191745,2026-09-01T21:13:05.388+01:00,350108,1564732,308,308,True,True,0x02,"NO_IRQ,OK,NO_IRQ,NO_IRQ","NONE,DELTA,NONE,NONE",
8.197154,2026-09-01T21:13:05.389+01:00,350416,1564733,258,258,True,True,0x02,"NO_IRQ,OK,NO_IRQ,NO_IRQ","NONE,DELTA,NONE,NONE",
8.206004,2026-09-01T21:13:05.395+01:00,350674,1564734,272,272,True,True,0x02,"NO_IRQ,OK,NO_IRQ,NO_IRQ","NONE,DELTA,NONE,NONE",
8.206650,2026-09-01T21:13:05.403+01:00,350946,1564735,264,264,True,True,0x02,"NO_IRQ,OK,NO_IRQ,NO_IRQ","NONE,DELTA,NONE,NONE",
8.212048,2026-09-01T21:13:05.404+01:00,351210,1564736,358,358,True,True,0x02,"NO_IRQ,OK,NO_IRQ,NO_IRQ","NONE,DELTA,NONE,NONE",
8.222607,2026-09-01T21:13:05.410+01:00,351568,1564737,416,416,True,True,0x02,"NO_IRQ,OK,NO_IRQ,NO_IRQ","NONE,DELTA,NONE,NONE",
8.223322,2026-09-01T21:13:05.420+01:00,351984,1564738,466,466,True,True,0x02,"NO_IRQ,OK,NO_IRQ,NO_IRQ","NONE,DELTA,NONE,NONE",
8.227102,2026-09-01T21:13:05.421+01:00,352450,1564739,398,398,True,True,0x02,"NO_IRQ,OK,NO_IRQ,NO_IRQ","NONE,DELTA,NONE,NONE",
8.231980,2026-09-01T21:13:05.425+01:00,352848,1564740,432,432,True,True,0x02,"NO_IRQ,OK,NO_IRQ,NO_IRQ","NONE,DELTA,NONE,NONE",
8.238972,2026-09-01T21:13:05.430+01:00,353280,1564741,436,436,True,True,0x02,"NO_IRQ,OK,NO_IRQ,NO_IRQ","NONE,DELTA,NONE,NONE",
8.242010,2026-09-01T21:13:05.437+01:00,353716,1564742,428,428,True,True,0x02,"NO_IRQ,OK,NO_IRQ,NO_IRQ","NONE,DELTA,NONE,NONE",
8.248300,2026-09-01T21:13:05.439+01:00,354144,1564743,426,426,True,True,0x02,"NO_IRQ,OK,NO_IRQ,NO_IRQ","NONE,DELTA,NONE,NONE",
8.256179,2026-09-01T21:13:05.446+01:00,354570,1564744,476,476,True,True,0x02,"NO_IRQ,OK,NO_IRQ,NO_IRQ","NONE,DELTA,NONE,NONE",
8.257088,2026-09-01T21:13:05.454+01:00,355046,1564745,500,500,True,True,0x02,"NO_IRQ,OK,NO_IRQ,NO_IRQ","NONE,DELTA,NONE,NONE",
8.262213,2026-09-01T21:13:05.455+01:00,355546,1564746,544,544,True,True,0x02,"NO_IRQ,OK,NO_IRQ,NO_IRQ","NONE,DELTA,NONE,NONE",
8.272083,2026-09-01T21:13:05.460+01:00,356090,1564747,532,532,True,True,0x02,"NO_IRQ,OK,NO_IRQ,NO_IRQ","NONE,DELTA,NONE,NONE",
8.273047,2026-09-01T21:13:05.470+01:00,356622,1564748,550,550,True,True,0x02,"NO_IRQ,OK,NO_IRQ,NO_IRQ","NONE,DELTA,NONE,NONE",
8.277224,2026-09-01T21:13:05.471+01:00,357172,1564749,590,590,True,True,0x02,"NO_IRQ,OK,NO_IRQ,NO_IRQ","NONE,DELTA,NONE,NONE",
8.282601,2026-09-01T21:13:05.475+01:00,357762,1564750,596,596,True,True,0x02,"NO_IRQ,OK,NO_IRQ,NO_IRQ","NONE,DELTA,NONE,NONE",
8.287595,2026-09-01T21:13:05.480+01:00,358358,1564751,584,584,True,True,0x02,"NO_IRQ,OK,NO_IRQ,NO_IRQ","NONE,DELTA,NONE,NONE",
8.292042,2026-09-01T21:13:05.485+01:00,358942,1564752,602,602,True,True,0x02,"NO_IRQ,OK,NO_IRQ,NO_IRQ","NONE,DELTA,NONE,NONE",
8.297677,2026-09-01T21:13:05.489+01:00,359544,1564753,620,620,True,True,0x02,"NO_IRQ,OK,NO_IRQ,NO_IRQ","NONE,DELTA,NONE,NONE",
8.301807,2026-09-01T21:13:05.495+01:00,360164,1564754,522,522,True,True,0x02,"NO_IRQ,OK,NO_IRQ,NO_IRQ","NONE,DELTA,NONE,NONE",
8.310866,2026-09-01T21:13:05.499+01:00,360686,1564755,526,526,True,True,0x02,"NO_IRQ,OK,NO_IRQ,NO_IRQ","NONE,DELTA,NONE,NONE",
8.311936,2026-09-01T21:13:05.508+01:00,361212,1564756,438,438,True,True,0x02,"NO_IRQ,OK,NO_IRQ,NO_IRQ","NONE,DELTA,NONE,NONE",
8.324373,2026-09-01T21:13:05.509+01:00,361650,1564757,412,412,True,True,0x02,"NO_IRQ,OK,NO_IRQ,NO_IRQ","NONE,DELTA,NONE,NONE",
8.325350,2026-09-01T21:13:05.522+01:00,362062,1564758,402,402,True,True,0x02,"NO_IRQ,OK,NO_IRQ,NO_IRQ","NONE,DELTA,NONE,NONE",
8.326991,2026-09-01T21:13:05.523+01:00,362464,1564759,390,390,True,True,0x02,"NO_IRQ,OK,NO_IRQ,NO_IRQ","NONE,DELTA,NONE,NONE",
8.331812,2026-09-01T21:13:05.524+01:00,362854,1564760,376,376,True,True,0x02,"NO_IRQ,OK,NO_IRQ,NO_IRQ","NONE,DELTA,NONE,NONE",
8.341702,2026-09-01T21:13:05.530+01:00,363230,1564761,362,362,True,True,0x02,"NO_IRQ,OK,NO_IRQ,NO_IRQ","NONE,DELTA,NONE,NONE",
8.342385,2026-09-01T21:13:05.539+01:00,363592,1564762,394,394,True,True,0x02,"NO_IRQ,OK,NO_IRQ,NO_IRQ","NONE,DELTA,NONE,NONE",
8.346713,2026-09-01T21:13:05.540+01:00,363986,1564763,330,330,True,True,0x02,"NO_IRQ,OK,NO_IRQ,NO_IRQ","NONE,DELTA,NONE,NONE",
8.357277,2026-09-01T21:13:05.544+01:00,364316,1564764,332,332,True,True,0x02,"NO_IRQ,OK,NO_IRQ,NO_IRQ","NONE,DELTA,NONE,NONE",
8.358094,2026-09-01T21:13:05.555+01:00,364648,1564765,276,276,True,True,0x02,"NO_IRQ,OK,NO_IRQ,NO_IRQ","NONE,DELTA,NONE,NONE",
8.361622,2026-09-01T21:13:05.556+01:00,364924,1564766,276,276,True,True,0x02,"NO_IRQ,OK,NO_IRQ,NO_IRQ","NONE,DELTA,NONE,NONE",
8.366389,2026-09-01T21:13:05.559+01:00,365200,1564767,298,298,True,True,0x02,"NO_IRQ,OK,NO_IRQ,NO_IRQ","NONE,DELTA,NONE,NONE",
8.375208,2026-09-01T21:13:05.564+01:00,365498,1564768,278,278,True,True,0x02,"NO_IRQ,OK,NO_IRQ,NO_IRQ","NONE,DELTA,NONE,NONE",
8.376537,2026-09-01T21:13:05.573+01:00,365776,1564769,330,330,True,True,0x02,"NO_IRQ,OK,NO_IRQ,NO_IRQ","NONE,DELTA,NONE,NONE",
8.382002,2026-09-01T21:13:05.574+01:00,366106,1564770,316,316,True,True,0x02,"NO_IRQ,OK,NO_IRQ,NO_IRQ","NONE,DELTA,NONE,NONE",
8.388875,2026-09-01T21:13:05.579+01:00,366422,1564771,290,290,True,True,0x02,"NO_IRQ,OK,NO_IRQ,NO_IRQ","NONE,DELTA,NONE,NONE",
8.391661,2026-09-01T21:13:05.589+01:00,366712,1564772,302,302,True,True,0x02,"NO_IRQ,OK,NO_IRQ,NO_IRQ","NONE,DELTA,NONE,NONE",
8.396461,2026-09-01T21:13:05.589+01:00,367014,1564773,254,254,True,True,0x02,"NO_IRQ,OK,NO_IRQ,NO_IRQ","NONE,DELTA,NONE,NONE",
8.407447,2026-09-01T21:13:05.594+01:00,367268,1564774,290,290,True,True,0x02,"NO_IRQ,OK,NO_IRQ,NO_IRQ","NONE,DELTA,NONE,NONE",
8.408393,2026-09-01T21:13:05.605+01:00,367558,1564775,268,268,True,True,0x02,"NO_IRQ,OK,NO_IRQ,NO_IRQ","NONE,DELTA,NONE,NONE",
8.411118,2026-09-01T21:13:05.606+01:00,367826,1564776,238,238,True,True,0x02,"NO_IRQ,OK,NO_IRQ,NO_IRQ","NONE,DELTA,NONE,NONE",
8.416684,2026-09-01T21:13:05.609+01:00,368064,1564777,188,188,True,True,0x02,"NO_IRQ,OK,NO_IRQ,NO_IRQ","NONE,DELTA,NONE,NONE",
8.423348,2026-09-01T21:13:05.614+01:00,368252,1564778,244,244,True,True,0x02,"NO_IRQ,OK,NO_IRQ,NO_IRQ","NONE,DELTA,NONE,NONE",
8.426372,2026-09-01T21:13:05.621+01:00,368496,1564779,236,236,True,True,0x02,"NO_IRQ,OK,NO_IRQ,NO_IRQ","NONE,DELTA,NONE,NONE",
8.431263,2026-09-01T21:13:05.624+01:00,368732,1564780,316,316,True,True,0x02,"NO_IRQ,OK,NO_IRQ,NO_IRQ","NONE,DELTA,NONE,NONE",
8.439319,2026-09-01T21:13:05.629+01:00,369048,1564781,268,268,True,True,0x02,"NO_IRQ,OK,NO_IRQ,NO_IRQ","NONE,DELTA,NONE,NONE",
8.441243,2026-09-01T21:13:05.637+01:00,369316,1564782,234,234,True,True,0x02,"NO_IRQ,OK,NO_IRQ,NO_IRQ","NONE,DELTA,NONE,NONE",
8.446302,2026-09-01T21:13:05.639+01:00,369550,1564783,340,340,True,True,0x02,"NO_IRQ,OK,NO_IRQ,NO_IRQ","NONE,DELTA,NONE,NONE",
8.451957,2026-09-01T21:13:05.644+01:00,369890,1564784,322,322,True,True,0x02,"NO_IRQ,OK,NO_IRQ,NO_IRQ","NONE,DELTA,NONE,NONE",
8.456745,2026-09-01T21:13:05.649+01:00,370212,1564785,286,286,True,True,0x02,"NO_IRQ,OK,NO_IRQ,NO_IRQ","NONE,DELTA,NONE,NONE",
8.461153,2026-09-01T21:13:05.654+01:00,370498,1564786,264,264,True,True,0x02,"NO_IRQ,OK,NO_IRQ,NO_IRQ","NONE,DELTA,NONE,NONE",
8.466526,2026-09-01T21:13:05.659+01:00,370762,1564787,234,234,True,True,0x02,"NO_IRQ,OK,NO_IRQ,NO_IRQ","NONE,DELTA,NONE,NONE",
8.481357,2026-09-01T21:13:05.664+01:00,370996,1564788,186,186,True,True,0x02,"NO_IRQ,OK,NO_IRQ,NO_IRQ","NONE,DELTA,NONE,NONE",
8.482115,2026-09-01T21:13:05.679+01:00,371182,1564789,192,192,True,True,0x02,"NO_IRQ,OK,NO_IRQ,NO_IRQ","NONE,DELTA,NONE,NONE",
8.482792,2026-09-01T21:13:05.680+01:00,371374,1564790,198,198,True,True,0x02,"NO_IRQ,OK,NO_IRQ,NO_IRQ","NONE,DELTA,NONE,NONE",
8.486234,2026-09-01T21:13:05.680+01:00,371572,1564791,222,222,True,True,0x02,"NO_IRQ,OK,NO_IRQ,NO_IRQ","NONE,DELTA,NONE,NONE",
8.491069,2026-09-01T21:13:05.684+01:00,371794,1564792,242,242,True,True,0x02,"NO_IRQ,OK,NO_IRQ,NO_IRQ","NONE,DELTA,NONE,NONE",
8.497767,2026-09-01T21:13:05.689+01:00,372036,1564793,194,194,True,True,0x02,"NO_IRQ,OK,NO_IRQ,NO_IRQ","NONE,DELTA,NONE,NONE",
8.501303,2026-09-01T21:13:05.696+01:00,372230,1564794,260,260,True,True,0x02,"NO_IRQ,OK,NO_IRQ,NO_IRQ","NONE,DELTA,NONE,NONE",
8.506106,2026-09-01T21:13:05.699+01:00,372490,1564795,224,224,True,True,0x02,"NO_IRQ,OK,NO_IRQ,NO_IRQ","NONE,DELTA,NONE,NONE",
8.513252,2026-09-01T21:13:05.704+01:00,372714,1564796,220,220,True,True,0x02,"NO_IRQ,OK,NO_IRQ,NO_IRQ","NONE,DELTA,NONE,NONE",
8.516827,2026-09-01T21:13:05.711+01:00,372934,1564797,206,206,True,True,0x02,"NO_IRQ,OK,NO_IRQ,NO_IRQ","NONE,DELTA,NONE,NONE",
8.521155,2026-09-01T21:13:05.714+01:00,373140,1564798,206,206,True,True,0x02,"NO_IRQ,OK,NO_IRQ,NO_IRQ","NONE,DELTA,NONE,NONE",
8.530827,2026-09-01T21:13:05.719+01:00,373346,1564799,244,244,True,True,0x02,"NO_IRQ,OK,NO_IRQ,NO_IRQ","NONE,DELTA,NONE,NONE",
8.532016,2026-09-01T21:13:05.728+01:00,373590,1564800,194,194,True,True,0x02,"NO_IRQ,OK,NO_IRQ,NO_IRQ","NONE,DELTA,NONE,NONE",
8.536246,2026-09-01T21:13:05.729+01:00,373784,1564801,212,212,True,True,0x02,"NO_IRQ,OK,NO_IRQ,NO_IRQ","NONE,DELTA,NONE,NONE",
8.545627,2026-09-01T21:13:05.734+01:00,373996,1564802,230,230,True,True,0x02,"NO_IRQ,OK,NO_IRQ,NO_IRQ","NONE,DELTA,NONE,NONE",
8.549246,2026-09-01T21:13:05.746+01:00,374226,1564803,278,278,True,True,0x02,"NO_IRQ,OK,NO_IRQ,NO_IRQ","NONE,DELTA,NONE,NONE",
8.550977,2026-09-01T21:13:05.747+01:00,374504,1564804,248,248,True,True,0x02,"NO_IRQ,OK,NO_IRQ,NO_IRQ","NONE,DELTA,NONE,NONE",
8.555935,2026-09-01T21:13:05.748+01:00,374752,1564805,262,262,True,True,0x02,"NO_IRQ,OK,NO_IRQ,NO_IRQ","NONE,DELTA,NONE,NONE",
8.561460,2026-09-01T21:13:05.753+01:00,375014,1564806,274,274,True,True,0x02,"NO_IRQ,OK,NO_IRQ,NO_IRQ","NONE,DELTA,NONE,NONE",
8.565984,2026-09-01T21:13:05.762+01:00,375288,1564807,212,212,True,True,0x02,"NO_IRQ,OK,NO_IRQ,NO_IRQ","NONE,DELTA,NONE,NONE",
8.571031,2026-09-01T21:13:05.763+01:00,375500,1564808,198,198,True,True,0x02,"NO_IRQ,OK,NO_IRQ,NO_IRQ","NONE,DELTA,NONE,NONE",
8.580056,2026-09-01T21:13:05.768+01:00,375698,1564809,192,192,True,True,0x02,"NO_IRQ,OK,NO_IRQ,NO_IRQ","NONE,DELTA,NONE,NONE",
8.581563,2026-09-01T21:13:05.778+01:00,375890,1564810,208,208,True,True,0x02,"NO_IRQ,OK,NO_IRQ,NO_IRQ","NONE,DELTA,NONE,NONE",
8.586227,2026-09-01T21:13:05.779+01:00,376098,1564811,216,216,True,True,0x02,"NO_IRQ,OK,NO_IRQ,NO_IRQ","NONE,DELTA,NONE,NONE",
8.597531,2026-09-01T21:13:05.784+01:00,376314,1564812,200,200,True,True,0x02,"NO_IRQ,OK,NO_IRQ,NO_IRQ","NONE,DELTA,NONE,NONE",
8.598521,2026-09-01T21:13:05.795+01:00,376514,1564813,222,222,True,True,0x02,"NO_IRQ,OK,NO_IRQ,NO_IRQ","NONE,DELTA,NONE,NONE",
8.600952,2026-09-01T21:13:05.796+01:00,376736,1564814,218,218,True,True,0x02,"NO_IRQ,OK,NO_IRQ,NO_IRQ","NONE,DELTA,NONE,NONE",
8.605735,2026-09-01T21:13:05.798+01:00,376954,1564815,194,194,True,True,0x02,"NO_IRQ,OK,NO_IRQ,NO_IRQ","NONE,DELTA,NONE,NONE",
8.611203,2026-09-01T21:13:05.803+01:00,377148,1564816,198,198,True,True,0x02,"NO_IRQ,OK,NO_IRQ,NO_IRQ","NONE,DELTA,NONE,NONE",
8.615949,2026-09-01T21:13:05.809+01:00,377346,1564817,206,206,True,True,0x02,"NO_IRQ,OK,NO_IRQ,NO_IRQ","NONE,DELTA,NONE,NONE",
8.621117,2026-09-01T21:13:05.813+01:00,377552,1564818,214,214,True,True,0x02,"NO_IRQ,OK,NO_IRQ,NO_IRQ","NONE,DELTA,NONE,NONE",
8.633705,2026-09-01T21:13:05.819+01:00,377766,1564819,228,228,True,True,0x02,"NO_IRQ,OK,NO_IRQ,NO_IRQ","NONE,DELTA,NONE,NONE",
8.634063,2026-09-01T21:13:05.831+01:00,377994,1564820,198,198,True,True,0x02,"NO_IRQ,OK,NO_IRQ,NO_IRQ","NONE,DELTA,NONE,NONE",
8.638702,2026-09-01T21:13:05.832+01:00,378192,1564821,228,228,True,True,0x02,"NO_IRQ,OK,NO_IRQ,NO_IRQ","NONE,DELTA,NONE,NONE",
8.647686,2026-09-01T21:13:05.839+01:00,378420,1564822,246,246,True,True,0x02,"NO_IRQ,OK,NO_IRQ,NO_IRQ","NONE,DELTA,NONE,NONE",
8.648551,2026-09-01T21:13:05.845+01:00,378666,1564823,214,214,True,True,0x02,"NO_IRQ,OK,NO_IRQ,NO_IRQ","NONE,DELTA,NONE,NONE",
8.651093,2026-09-01T21:13:05.846+01:00,378880,1564824,190,190,True,True,0x02,"NO_IRQ,OK,NO_IRQ,NO_IRQ","NONE,DELTA,NONE,NONE",
8.656723,2026-09-01T21:13:05.849+01:00,379070,1564825,238,238,True,True,0x02,"NO_IRQ,OK,NO_IRQ,NO_IRQ","NONE,DELTA,NONE,NONE",
8.665387,2026-09-01T21:13:05.854+01:00,379308,1564826,242,242,True,True,0x02,"NO_IRQ,OK,NO_IRQ,NO_IRQ","NONE,DELTA,NONE,NONE",
8.666100,2026-09-01T21:13:05.863+01:00,379550,1564827,226,226,True,True,0x02,"NO_IRQ,OK,NO_IRQ,NO_IRQ","NONE,DELTA,NONE,NONE",
8.670851,2026-09-01T21:13:05.864+01:00,379776,1564828,188,188,True,True,0x02,"NO_IRQ,OK,NO_IRQ,NO_IRQ","NONE,DELTA,NONE,NONE",
8.681543,2026-09-01T21:13:05.868+01:00,379964,1564829,190,190,True,True,0x02,"NO_IRQ,OK,NO_IRQ,NO_IRQ","NONE,DELTA,NONE,NONE",
8.682260,2026-09-01T21:13:05.879+01:00,380154,1564830,180,180,True,True,0x02,"NO_IRQ,OK,NO_IRQ,NO_IRQ","NONE,DELTA,NONE,NONE",
8.685856,2026-09-01T21:13:05.880+01:00,380334,1564831,172,172,True,True,0x02,"NO_IRQ,OK,NO_IRQ,NO_IRQ","NONE,DELTA,NONE,NONE",
8.690928,2026-09-01T21:13:05.883+01:00,380506,1564832,216,216,True,True,0x02,"NO_IRQ,OK,NO_IRQ,NO_IRQ","NONE,DELTA,NONE,NONE",
8.698429,2026-09-01T21:13:05.888+01:00,380722,1564833,216,216,True,True,0x02,"NO_IRQ,OK,NO_IRQ,NO_IRQ","NONE,DELTA,NONE,NONE",
8.700745,2026-09-01T21:13:05.896+01:00,380938,1564834,176,176,True,True,0x02,"NO_IRQ,OK,NO_IRQ,NO_IRQ","NONE,DELTA,NONE,NONE",
8.705763,2026-09-01T21:13:05.898+01:00,381114,1564835,176,176,True,True,0x02,"NO_IRQ,OK,NO_IRQ,NO_IRQ","NONE,DELTA,NONE,NONE",
8.714219,2026-09-01T21:13:05.903+01:00,381290,1564836,238,238,True,True,0x02,"NO_IRQ,OK,NO_IRQ,NO_IRQ","NONE,DELTA,NONE,NONE",
8.715732,2026-09-01T21:13:05.912+01:00,381528,1564837,226,226,True,True,0x02,"NO_IRQ,OK,NO_IRQ,NO_IRQ","NONE,DELTA,NONE,NONE",
8.720947,2026-09-01T21:13:05.913+01:00,381754,1564838,228,228,True,True,0x02,"NO_IRQ,OK,NO_IRQ,NO_IRQ","NONE,DELTA,NONE,NONE",
8.731729,2026-09-01T21:13:05.918+01:00,381982,1564839,190,190,True,True,0x02,"NO_IRQ,OK,NO_IRQ,NO_IRQ","NONE,DELTA,NONE,NONE",
8.732393,2026-09-01T21:13:05.929+01:00,382172,1564840,188,188,True,True,0x02,"NO_IRQ,OK,NO_IRQ,NO_IRQ","NONE,DELTA,NONE,NONE",
8.735807,2026-09-01T21:13:05.930+01:00,382360,1564841,182,182,True,True,0x02,"NO_IRQ,OK,NO_IRQ,NO_IRQ","NONE,DELTA,NONE,NONE",
8.740833,2026-09-01T21:13:05.933+01:00,382542,1564842,214,214,True,True,0x02,"NO_IRQ,OK,NO_IRQ,NO_IRQ","NONE,DELTA,NONE,NONE",
8.747794,2026-09-01T21:13:05.938+01:00,382756,1564843,206,206,True,True,0x02,"NO_IRQ,OK,NO_IRQ,NO_IRQ","NONE,DELTA,NONE,NONE",
8.750937,2026-09-01T21:13:05.945+01:00,382962,1564844,216,216,True,True,0x02,"NO_IRQ,OK,NO_IRQ,NO_IRQ","NONE,DELTA,NONE,NONE",
8.755678,2026-09-01T21:13:05.948+01:00,383178,1564845,214,214,True,True,0x02,"NO_IRQ,OK,NO_IRQ,NO_IRQ","NONE,DELTA,NONE,NONE",
8.763889,2026-09-01T21:13:05.953+01:00,383392,1564846,210,210,True,True,0x02,"NO_IRQ,OK,NO_IRQ,NO_IRQ","NONE,DELTA,NONE,NONE",
8.766235,2026-09-01T21:13:05.961+01:00,383602,1564847,206,206,True,True,0x02,"NO_IRQ,OK,NO_IRQ,NO_IRQ","NONE,DELTA,NONE,NONE",
8.770573,2026-09-01T21:13:05.964+01:00,383808,1564848,188,188,True,True,0x02,"NO_IRQ,OK,NO_IRQ,NO_IRQ","NONE,DELTA,NONE,NONE",
8.776875,2026-09-01T21:13:05.968+01:00,383996,1564849,236,236,True,True,0x02,"NO_IRQ,OK,NO_IRQ,NO_IRQ","NONE,DELTA,NONE,NONE",
8.781918,2026-09-01T21:13:05.974+01:00,384232,1564850,200,200,True,True,0x02,"NO_IRQ,OK,NO_IRQ,NO_IRQ","NONE,DELTA,NONE,NONE",
8.785514,2026-09-01T21:13:05.979+01:00,384432,1564851,194,194,True,True,0x02,"NO_IRQ,OK,NO_IRQ,NO_IRQ","NONE,DELTA,NONE,NONE",
8.790459,2026-09-01T21:13:05.983+01:00,384626,1564852,222,222,True,True,0x02,"NO_IRQ,OK,NO_IRQ,NO_IRQ","NONE,DELTA,NONE,NONE",
8.802613,2026-09-01T21:13:05.988+01:00,384848,1564853,220,220,True,True,0x02,"NO_IRQ,OK,NO_IRQ,NO_IRQ","NONE,DELTA,NONE,NONE",
8.805893,2026-09-01T21:13:06.003+01:00,385068,1564854,218,218,True,True,0x02,"NO_IRQ,OK,NO_IRQ,NO_IRQ","NONE,DELTA,NONE,NONE",
8.806466,2026-09-01T21:13:06.003+01:00,385286,1564855,174,174,True,True,0x02,"NO_IRQ,OK,NO_IRQ,NO_IRQ","NONE,DELTA,NONE,NONE",
8.810806,2026-09-01T21:13:06.004+01:00,385460,1564856,192,192,True,True,0x02,"NO_IRQ,OK,NO_IRQ,NO_IRQ","NONE,DELTA,NONE,NONE",
8.815461,2026-09-01T21:13:06.008+01:00,385652,1564857,192,192,True,True,0x02,"NO_IRQ,OK,NO_IRQ,NO_IRQ","NONE,DELTA,NONE,NONE",
8.822804,2026-09-01T21:13:06.013+01:00,385844,1564858,210,210,True,True,0x02,"NO_IRQ,OK,NO_IRQ,NO_IRQ","NONE,DELTA,NONE,NONE",
8.825501,2026-09-01T21:13:06.020+01:00,386054,1564859,246,246,True,True,0x02,"NO_IRQ,OK,NO_IRQ,NO_IRQ","NONE,DELTA,NONE,NONE",
8.831052,2026-09-01T21:13:06.023+01:00,386300,1564860,196,196,True,True,0x02,"NO_IRQ,OK,NO_IRQ,NO_IRQ","NONE,DELTA,NONE,NONE",
8.838794,2026-09-01T21:13:06.029+01:00,386496,1564861,228,228,True,True,0x02,"NO_IRQ,OK,NO_IRQ,NO_IRQ","NONE,DELTA,NONE,NONE",
8.840488,2026-09-01T21:13:06.036+01:00,386724,1564862,172,172,True,True,0x02,"NO_IRQ,OK,NO_IRQ,NO_IRQ","NONE,DELTA,NONE,NONE",
8.845784,2026-09-01T21:13:06.038+01:00,386896,1564863,204,204,True,True,0x02,"NO_IRQ,OK,NO_IRQ,NO_IRQ","NONE,DELTA,NONE,NONE",
8.856858,2026-09-01T21:13:06.043+01:00,387100,1564864,234,234,True,True,0x02,"NO_IRQ,OK,NO_IRQ,NO_IRQ","NONE,DELTA,NONE,NONE",
8.857591,2026-09-01T21:13:06.054+01:00,387334,1564865,228,228,True,True,0x02,"NO_IRQ,OK,NO_IRQ,NO_IRQ","NONE,DELTA,NONE,NONE",
8.860615,2026-09-01T21:13:06.055+01:00,387562,1564866,200,200,True,True,0x02,"NO_IRQ,OK,NO_IRQ,NO_IRQ","NONE,DELTA,NONE,NONE",
8.865882,2026-09-01T21:13:06.058+01:00,387762,1564867,224,224,True,True,0x02,"NO_IRQ,OK,NO_IRQ,NO_IRQ","NONE,DELTA,NONE,NONE",
8.873525,2026-09-01T21:13:06.063+01:00,387986,1564868,206,206,True,True,0x02,"NO_IRQ,OK,NO_IRQ,NO_IRQ","NONE,DELTA,NONE,NONE",
8.875407,2026-09-01T21:13:06.071+01:00,388192,1564869,226,226,True,True,0x02,"NO_IRQ,OK,NO_IRQ,NO_IRQ","NONE,DELTA,NONE,NONE",
8.881174,2026-09-01T21:13:06.073+01:00,388418,1564870,1084,1084,True,True,0x02,"NO_IRQ,OK,NO_IRQ,NO_IRQ","NONE,DELTA_SYNC,NONE,NONE",
8.889598,2026-09-01T21:13:06.079+01:00,389502,1564871,252,252,True,True,0x02,"NO_IRQ,OK,NO_IRQ,NO_IRQ","NONE,DELTA,NONE,NONE",
8.890521,2026-09-01T21:13:06.087+01:00,389754,1564872,250,250,True,True,0x02,"NO_IRQ,OK,NO_IRQ,NO_IRQ","NONE,DELTA,NONE,NONE",
8.895482,2026-09-01T21:13:06.088+01:00,390004,1564873,182,182,True,True,0x02,"NO_IRQ,OK,NO_IRQ,NO_IRQ","NONE,DELTA,NONE,NONE",
8.900604,2026-09-01T21:13:06.093+01:00,390186,1564874,176,176,True,True,0x02,"NO_IRQ,OK,NO_IRQ,NO_IRQ","NONE,DELTA,NONE,NONE",
8.907738,2026-09-01T21:13:06.098+01:00,390362,1564875,190,190,True,True,0x02,"NO_IRQ,OK,NO_IRQ,NO_IRQ","NONE,DELTA,NONE,NONE",
8.910456,2026-09-01T21:13:06.105+01:00,390552,1564876,206,206,True,True,0x02,"NO_IRQ,OK,NO_IRQ,NO_IRQ","NONE,DELTA,NONE,NONE",
8.915508,2026-09-01T21:13:06.108+01:00,390758,1564877,180,180,True,True,0x02,"NO_IRQ,OK,NO_IRQ,NO_IRQ","NONE,DELTA,NONE,NONE",
8.923714,2026-09-01T21:13:06.113+01:00,390938,1564878,150,150,True,True,0x02,"NO_IRQ,OK,NO_IRQ,NO_IRQ","NONE,DELTA,NONE,NONE",
8.925200,2026-09-01T21:13:06.121+01:00,391088,1564879,180,180,True,True,0x02,"NO_IRQ,OK,NO_IRQ,NO_IRQ","NONE,DELTA,NONE,NONE",
8.931179,2026-09-01T21:13:06.123+01:00,391268,1564880,220,220,True,True,0x02,"NO_IRQ,OK,NO_IRQ,NO_IRQ","NONE,DELTA,NONE,NONE",
8.935194,2026-09-01T21:13:06.129+01:00,391488,1564881,206,206,True,True,0x02,"NO_IRQ,OK,NO_IRQ,NO_IRQ","NONE,DELTA,NONE,NONE",
8.941004,2026-09-01T21:13:06.133+01:00,391694,1564882,192,192,True,True,0x02,"NO_IRQ,OK,NO_IRQ,NO_IRQ","NONE,DELTA,NONE,NONE",
8.945133,2026-09-01T21:13:06.138+01:00,391886,1564883,170,170,True,True,0x02,"NO_IRQ,OK,NO_IRQ,NO_IRQ","NONE,DELTA,NONE,NONE",
8.950195,2026-09-01T21:13:06.143+01:00,392056,1564884,208,208,True,True,0x02,"NO_IRQ,OK,NO_IRQ,NO_IRQ","NONE,DELTA,NONE,NONE",
8.960308,2026-09-01T21:13:06.148+01:00,392264,1564885,194,194,True,True,0x02,"NO_IRQ,OK,NO_IRQ,NO_IRQ","NONE,DELTA,NONE,NONE",
8.960660,2026-09-01T21:13:06.158+01:00,392458,1564886,212,212,True,True,0x02,"NO_IRQ,OK,NO_IRQ,NO_IRQ","NONE,DELTA,NONE,NONE",
8.973864,2026-09-01T21:13:06.158+01:00,392670,1564887,182,182,True,True,0x02,"NO_IRQ,OK,NO_IRQ,NO_IRQ","NONE,DELTA,NONE,NONE",
8.974824,2026-09-01T21:13:06.171+01:00,392852,1564888,198,198,True,True,0x02,"NO_IRQ,OK,NO_IRQ,NO_IRQ","NONE,DELTA,NONE,NONE",
8.975920,2026-09-01T21:13:06.173+01:00,393050,1564889,178,178,True,True,0x02,"NO_IRQ,OK,NO_IRQ,NO_IRQ","NONE,DELTA,NONE,NONE",
8.980839,2026-09-01T21:13:06.173+01:00,393228,1564890,188,188,True,True,0x02,"NO_IRQ,OK,NO_IRQ,NO_IRQ","NONE,DELTA,NONE,NONE",
8.985139,2026-09-01T21:13:06.179+01:00,393416,1564891,192,192,True,True,0x02,"NO_IRQ,OK,NO_IRQ,NO_IRQ","NONE,DELTA,NONE,NONE",
8.991597,2026-09-01T21:13:06.183+01:00,393608,1564892,184,184,True,True,0x02,"NO_IRQ,OK,NO_IRQ,NO_IRQ","NONE,DELTA,NONE,NONE",
8.994971,2026-09-01T21:13:06.189+01:00,393792,1564893,170,170,True,True,0x02,"NO_IRQ,OK,NO_IRQ,NO_IRQ","NONE,DELTA,NONE,NONE",
9.000506,2026-09-01T21:13:06.192+01:00,393962,1564894,176,176,True,True,0x02,"NO_IRQ,OK,NO_IRQ,NO_IRQ","NONE,DELTA,NONE,NONE",
9.008096,2026-09-01T21:13:06.198+01:00,394138,1564895,192,192,True,True,0x02,"NO_IRQ,OK,NO_IRQ,NO_IRQ","NONE,DELTA,NONE,NONE",
9.010311,2026-09-01T21:13:06.206+01:00,394330,1564896,168,168,True,True,0x02,"NO_IRQ,OK,NO_IRQ,NO_IRQ","NONE,DELTA,NONE,NONE",
9.015487,2026-09-01T21:13:06.208+01:00,394498,1564897,202,202,True,True,0x02,"NO_IRQ,OK,NO_IRQ,NO_IRQ","NONE,DELTA,NONE,NONE",
9.023767,2026-09-01T21:13:06.213+01:00,394700,1564898,204,204,True,True,0x02,"NO_IRQ,OK,NO_IRQ,NO_IRQ","NONE,DELTA,NONE,NONE",
9.025276,2026-09-01T21:13:06.221+01:00,394904,1564899,208,208,True,True,0x02,"NO_IRQ,OK,NO_IRQ,NO_IRQ","NONE,DELTA,NONE,NONE",
9.030181,2026-09-01T21:13:06.223+01:00,395112,1564900,174,174,True,True,0x02,"NO_IRQ,OK,NO_IRQ,NO_IRQ","NONE,DELTA,NONE,NONE",
9.040703,2026-09-01T21:13:06.228+01:00,395286,1564901,190,190,True,True,0x02,"NO_IRQ,OK,NO_IRQ,NO_IRQ","NONE,DELTA,NONE,NONE",
9.041350,2026-09-01T21:13:06.238+01:00,395476,1564902,194,194,True,True,0x02,"NO_IRQ,OK,NO_IRQ,NO_IRQ","NONE,DELTA,NONE,NONE",
9.045022,2026-09-01T21:13:06.239+01:00,395670,1564903,190,190,True,True,0x02,"NO_IRQ,OK,NO_IRQ,NO_IRQ","NONE,DELTA,NONE,NONE",
9.050271,2026-09-01T21:13:06.243+01:00,395860,1564904,198,198,True,True,0x02,"NO_IRQ,OK,NO_IRQ,NO_IRQ","NONE,DELTA,NONE,NONE",
9.058325,2026-09-01T21:13:06.248+01:00,396058,1564905,174,174,True,True,0x02,"NO_IRQ,OK,NO_IRQ,NO_IRQ","NONE,DELTA,NONE,NONE",
9.061006,2026-09-01T21:13:06.256+01:00,396232,1564906,200,200,True,True,0x02,"NO_IRQ,OK,NO_IRQ,NO_IRQ","NONE,DELTA,NONE,NONE",
9.065391,2026-09-01T21:13:06.259+01:00,396432,1564907,176,176,True,True,0x02,"NO_IRQ,OK,NO_IRQ,NO_IRQ","NONE,DELTA,NONE,NONE",
9.074593,2026-09-01T21:13:06.263+01:00,396608,1564908,188,188,True,True,0x02,"NO_IRQ,OK,NO_IRQ,NO_IRQ","NONE,DELTA,NONE,NONE",
9.075216,2026-09-01T21:13:06.272+01:00,396796,1564909,212,212,True,True,0x02,"NO_IRQ,OK,NO_IRQ,NO_IRQ","NONE,DELTA,NONE,NONE",
9.080231,2026-09-01T21:13:06.273+01:00,397008,1564910,180,180,True,True,0x02,"NO_IRQ,OK,NO_IRQ,NO_IRQ","NONE,DELTA,NONE,NONE",
9.085200,2026-09-01T21:13:06.278+01:00,397188,1564911,204,204,True,True,0x02,"NO_IRQ,OK,NO_IRQ,NO_IRQ","NONE,DELTA,NONE,NONE",
9.092356,2026-09-01T21:13:06.283+01:00,397392,1564912,172,172,True,True,0x02,"NO_IRQ,OK,NO_IRQ,NO_IRQ","NONE,DELTA,NONE,NONE",
9.095075,2026-09-01T21:13:06.290+01:00,397564,1564913,180,180,True,True,0x02,"NO_IRQ,OK,NO_IRQ,NO_IRQ","NONE,DELTA,NONE,NONE",
9.100248,2026-09-01T21:13:06.293+01:00,397744,1564914,178,178,True,True,0x02,"NO_IRQ,OK,NO_IRQ,NO_IRQ","NONE,DELTA,NONE,NONE",
9.105804,2026-09-01T21:13:06.298+01:00,397922,1564915,204,204,True,True,0x02,"NO_IRQ,OK,NO_IRQ,NO_IRQ","NONE,DELTA,NONE,NONE",
9.110420,2026-09-01T21:13:06.303+01:00,398126,1564916,184,184,True,True,0x02,"NO_IRQ,OK,NO_IRQ,NO_IRQ","NONE,DELTA,NONE,NONE",
9.114801,2026-09-01T21:13:06.308+01:00,398310,1564917,176,176,True,True,0x02,"NO_IRQ,OK,NO_IRQ,NO_IRQ","NONE,DELTA,NONE,NONE",
9.119767,2026-09-01T21:13:06.312+01:00,398486,1564918,186,186,True,True,0x02,"NO_IRQ,OK,NO_IRQ,NO_IRQ","NONE,DELTA,NONE,NONE",
9.133063,2026-09-01T21:13:06.317+01:00,398672,1564919,208,208,True,True,0x02,"NO_IRQ,OK,NO_IRQ,NO_IRQ","NONE,DELTA,NONE,NONE",
9.134164,2026-09-01T21:13:06.331+01:00,398880,1564920,194,194,True,True,0x02,"NO_IRQ,OK,NO_IRQ,NO_IRQ","NONE,DELTA,NONE,NONE",
9.134938,2026-09-01T21:13:06.332+01:00,399074,1564921,188,188,True,True,0x02,"NO_IRQ,OK,NO_IRQ,NO_IRQ","NONE,DELTA,NONE,NONE",
9.140043,2026-09-01T21:13:06.333+01:00,399262,1564922,212,212,True,True,0x02,"NO_IRQ,OK,NO_IRQ,NO_IRQ","NONE,DELTA,NONE,NONE",
9.149948,2026-09-01T21:13:06.338+01:00,399474,1564923,180,180,True,True,0x02,"NO_IRQ,OK,NO_IRQ,NO_IRQ","NONE,DELTA,NONE,NONE",
9.150692,2026-09-01T21:13:06.347+01:00,399654,1564924,192,192,True,True,0x02,"NO_IRQ,OK,NO_IRQ,NO_IRQ","NONE,DELTA,NONE,NONE",
9.155129,2026-09-01T21:13:06.348+01:00,399846,1564925,182,182,True,True,0x02,"NO_IRQ,OK,NO_IRQ,NO_IRQ","NONE,DELTA,NONE,NONE",
9.160092,2026-09-01T21:13:06.353+01:00,400028,1564926,196,196,True,True,0x02,"NO_IRQ,OK,NO_IRQ,NO_IRQ","NONE,DELTA,NONE,NONE",
9.166867,2026-09-01T21:13:06.358+01:00,400224,1564927,202,202,True,True,0x02,"NO_IRQ,OK,NO_IRQ,NO_IRQ","NONE,DELTA,NONE,NONE",
9.170200,2026-09-01T21:13:06.364+01:00,400426,1564928,204,204,True,True,0x02,"NO_IRQ,OK,NO_IRQ,NO_IRQ","NONE,DELTA,NONE,NONE",
9.174924,2026-09-01T21:13:06.368+01:00,400630,1564929,230,230,True,True,0x02,"NO_IRQ,OK,NO_IRQ,NO_IRQ","NONE,DELTA,NONE,NONE",
9.182743,2026-09-01T21:13:06.373+01:00,400860,1564930,204,204,True,True,0x02,"NO_IRQ,OK,NO_IRQ,NO_IRQ","NONE,DELTA,NONE,NONE",
9.184782,2026-09-01T21:13:06.380+01:00,401064,1564931,176,176,True,True,0x02,"NO_IRQ,OK,NO_IRQ,NO_IRQ","NONE,DELTA,NONE,NONE",
9.190053,2026-09-01T21:13:06.383+01:00,401240,1564932,176,176,True,True,0x02,"NO_IRQ,OK,NO_IRQ,NO_IRQ","NONE,DELTA,NONE,NONE",
9.199227,2026-09-01T21:13:06.388+01:00,401416,1564933,186,186,True,True,0x02,"NO_IRQ,OK,NO_IRQ,NO_IRQ","NONE,DELTA,NONE,NONE",
9.200193,2026-09-01T21:13:06.397+01:00,401602,1564934,208,208,True,True,0x02,"NO_IRQ,OK,NO_IRQ,NO_IRQ","NONE,DELTA,NONE,NONE",
9.205052,2026-09-01T21:13:06.398+01:00,401810,1564935,178,178,True,True,0x02,"NO_IRQ,OK,NO_IRQ,NO_IRQ","NONE,DELTA,NONE,NONE",
9.209646,2026-09-01T21:13:06.403+01:00,401988,1564936,198,198,True,True,0x02,"NO_IRQ,OK,NO_IRQ,NO_IRQ","NONE,DELTA,NONE,NONE",
9.217603,2026-09-01T21:13:06.407+01:00,402186,1564937,176,176,True,True,0x02,"NO_IRQ,OK,NO_IRQ,NO_IRQ","NONE,DELTA,NONE,NONE",
9.220060,2026-09-01T21:13:06.415+01:00,402362,1564938,218,218,True,True,0x02,"NO_IRQ,OK,NO_IRQ,NO_IRQ","NONE,DELTA,NONE,NONE",
9.225425,2026-09-01T21:13:06.418+01:00,402580,1564939,250,250,True,True,0x02,"NO_IRQ,OK,NO_IRQ,NO_IRQ","NONE,DELTA,NONE,NONE",
9.234405,2026-09-01T21:13:06.423+01:00,402830,1564940,198,198,True,True,0x02,"NO_IRQ,OK,NO_IRQ,NO_IRQ","NONE,DELTA,NONE,NONE",
9.235127,2026-09-01T21:13:06.432+01:00,403028,1564941,182,182,True,True,0x02,"NO_IRQ,OK,NO_IRQ,NO_IRQ","NONE,DELTA,NONE,NONE",
9.239848,2026-09-01T21:13:06.433+01:00,403210,1564942,208,208,True,True,0x02,"NO_IRQ,OK,NO_IRQ,NO_IRQ","NONE,DELTA,NONE,NONE",
9.250467,2026-09-01T21:13:06.437+01:00,403418,1564943,212,212,True,True,0x02,"NO_IRQ,OK,NO_IRQ,NO_IRQ","NONE,DELTA,NONE,NONE",
9.251191,2026-09-01T21:13:06.448+01:00,403630,1564944,196,196,True,True,0x02,"NO_IRQ,OK,NO_IRQ,NO_IRQ","NONE,DELTA,NONE,NONE",
9.255019,2026-09-01T21:13:06.449+01:00,403826,1564945,194,194,True,True,0x02,"NO_IRQ,OK,NO_IRQ,NO_IRQ","NONE,DELTA,NONE,NONE",
9.259891,2026-09-01T21:13:06.452+01:00,404020,1564946,214,214,True,True,0x02,"NO_IRQ,OK,NO_IRQ,NO_IRQ","NONE,DELTA,NONE,NONE",
9.265244,2026-09-01T21:13:06.457+01:00,404234,1564947,208,208,True,True,0x02,"NO_IRQ,OK,NO_IRQ,NO_IRQ","NONE,DELTA,NONE,NONE",
9.269863,2026-09-01T21:13:06.463+01:00,404442,1564948,186,186,True,True,0x02,"NO_IRQ,OK,NO_IRQ,NO_IRQ","NONE,DELTA,NONE,NONE",
9.274933,2026-09-01T21:13:06.467+01:00,404628,1564949,214,214,True,True,0x02,"NO_IRQ,OK,NO_IRQ,NO_IRQ","NONE,DELTA,NONE,NONE",
9.287425,2026-09-01T21:13:06.472+01:00,404842,1564950,198,198,True,True,0x02,"NO_IRQ,OK,NO_IRQ,NO_IRQ","NONE,DELTA,NONE,NONE",
9.287770,2026-09-01T21:13:06.485+01:00,405040,1564951,172,172,True,True,0x02,"NO_IRQ,OK,NO_IRQ,NO_IRQ","NONE,DELTA,NONE,NONE",
9.292298,2026-09-01T21:13:06.485+01:00,405212,1564952,172,172,True,True,0x02,"NO_IRQ,OK,NO_IRQ,NO_IRQ","NONE,DELTA,NONE,NONE",
9.300669,2026-09-01T21:13:06.492+01:00,405384,1564953,170,170,True,True,0x02,"NO_IRQ,OK,NO_IRQ,NO_IRQ","NONE,DELTA,NONE,NONE",
9.301377,2026-09-01T21:13:06.498+01:00,405554,1564954,164,164,True,True,0x02,"NO_IRQ,OK,NO_IRQ,NO_IRQ","NONE,DELTA,NONE,NONE",
9.304828,2026-09-01T21:13:06.499+01:00,405718,1564955,172,172,True,True,0x02,"NO_IRQ,OK,NO_IRQ,NO_IRQ","NONE,DELTA,NONE,NONE",
9.309561,2026-09-01T21:13:06.502+01:00,405890,1564956,168,168,True,True,0x02,"NO_IRQ,OK,NO_IRQ,NO_IRQ","NONE,DELTA,NONE,NONE",
9.317400,2026-09-01T21:13:06.507+01:00,406058,1564957,198,198,True,True,0x02,"NO_IRQ,OK,NO_IRQ,NO_IRQ","NONE,DELTA,NONE,NONE",
9.319935,2026-09-01T21:13:06.515+01:00,406256,1564958,194,194,True,True,0x02,"NO_IRQ,OK,NO_IRQ,NO_IRQ","NONE,DELTA,NONE,NONE",
9.324826,2026-09-01T21:13:06.517+01:00,406450,1564959,176,176,True,True,0x02,"NO_IRQ,OK,NO_IRQ,NO_IRQ","NONE,DELTA,NONE,NONE",
9.333928,2026-09-01T21:13:06.523+01:00,406626,1564960,172,172,True,True,0x02,"NO_IRQ,OK,NO_IRQ,NO_IRQ","NONE,DELTA,NONE,NONE",
9.334993,2026-09-01T21:13:06.531+01:00,406798,1564961,188,188,True,True,0x02,"NO_IRQ,OK,NO_IRQ,NO_IRQ","NONE,DELTA,NONE,NONE",
9.339547,2026-09-01T21:13:06.532+01:00,406986,1564962,168,168,True,True,0x02,"NO_IRQ,OK,NO_IRQ,NO_IRQ","NONE,DELTA,NONE,NONE",
9.350214,2026-09-01T21:13:06.537+01:00,407154,1564963,184,184,True,True,0x02,"NO_IRQ,OK,NO_IRQ,NO_IRQ","NONE,DELTA,NONE,NONE",
9.350932,2026-09-01T21:13:06.548+01:00,407338,1564964,188,188,True,True,0x02,"NO_IRQ,OK,NO_IRQ,NO_IRQ","NONE,DELTA,NONE,NONE",
9.354720,2026-09-01T21:13:06.548+01:00,407526,1564965,192,192,True,True,0x02,"NO_IRQ,OK,NO_IRQ,NO_IRQ","NONE,DELTA,NONE,NONE",
9.359425,2026-09-01T21:13:06.552+01:00,407718,1564966,218,218,True,True,0x02,"NO_IRQ,OK,NO_IRQ,NO_IRQ","NONE,DELTA,NONE,NONE",
9.366646,2026-09-01T21:13:06.557+01:00,407936,1564967,182,182,True,True,0x02,"NO_IRQ,OK,NO_IRQ,NO_IRQ","NONE,DELTA,NONE,NONE",
9.369508,2026-09-01T21:13:06.564+01:00,408118,1564968,204,204,True,True,0x02,"NO_IRQ,OK,NO_IRQ,NO_IRQ","NONE,DELTA,NONE,NONE",
9.374461,2026-09-01T21:13:06.567+01:00,408322,1564969,202,202,True,True,0x02,"NO_IRQ,OK,NO_IRQ,NO_IRQ","NONE,DELTA,NONE,NONE",
9.382571,2026-09-01T21:13:06.572+01:00,408524,1564970,176,176,True,True,0x02,"NO_IRQ,OK,NO_IRQ,NO_IRQ","NONE,DELTA,NONE,NONE",
9.384342,2026-09-01T21:13:06.580+01:00,408700,1564971,206,206,True,True,0x02,"NO_IRQ,OK,NO_IRQ,NO_IRQ","NONE,DELTA,NONE,NONE",
9.389594,2026-09-01T21:13:06.582+01:00,408906,1564972,206,206,True,True,0x02,"NO_IRQ,OK,NO_IRQ,NO_IRQ","NONE,DELTA,NONE,NONE",
9.398480,2026-09-01T21:13:06.587+01:00,409112,1564973,176,176,True,True,0x02,"NO_IRQ,OK,NO_IRQ,NO_IRQ","NONE,DELTA,NONE,NONE",
9.399452,2026-09-01T21:13:06.596+01:00,409288,1564974,168,168,True,True,0x02,"NO_IRQ,OK,NO_IRQ,NO_IRQ","NONE,DELTA,NONE,NONE",
9.404436,2026-09-01T21:13:06.597+01:00,409456,1564975,180,180,True,True,0x02,"NO_IRQ,OK,NO_IRQ,NO_IRQ","NONE,DELTA,NONE,NONE",
9.413451,2026-09-01T21:13:06.602+01:00,409636,1564976,178,178,True,True,0x02,"NO_IRQ,OK,NO_IRQ,NO_IRQ","NONE,DELTA,NONE,NONE",
9.414557,2026-09-01T21:13:06.611+01:00,409814,1564977,174,174,True,True,0x02,"NO_IRQ,OK,NO_IRQ,NO_IRQ","NONE,DELTA,NONE,NONE",
9.419736,2026-09-01T21:13:06.612+01:00,409988,1564978,190,190,True,True,0x02,"NO_IRQ,OK,NO_IRQ,NO_IRQ","NONE,DELTA,NONE,NONE",
9.424863,2026-09-01T21:13:06.617+01:00,410178,1564979,192,192,True,True,0x02,"NO_IRQ,OK,NO_IRQ,NO_IRQ","NONE,DELTA,NONE,NONE",
9.429273,2026-09-01T21:13:06.623+01:00,410370,1564980,194,194,True,True,0x02,"NO_IRQ,OK,NO_IRQ,NO_IRQ","NONE,DELTA,NONE,NONE",
9.434397,2026-09-01T21:13:06.627+01:00,410564,1564981,188,188,True,True,0x02,"NO_IRQ,OK,NO_IRQ,NO_IRQ","NONE,DELTA,NONE,NONE",
9.439191,2026-09-01T21:13:06.632+01:00,410752,1564982,198,198,True,True,0x02,"NO_IRQ,OK,NO_IRQ,NO_IRQ","NONE,DELTA,NONE,NONE",
9.447458,2026-09-01T21:13:06.637+01:00,410950,1564983,168,168,True,True,0x02,"NO_IRQ,OK,NO_IRQ,NO_IRQ","NONE,DELTA,NONE,NONE",
9.454692,2026-09-01T21:13:06.647+01:00,411118,1564984,194,194,True,True,0x02,"NO_IRQ,OK,NO_IRQ,NO_IRQ","NONE,DELTA,NONE,NONE",
9.455312,2026-09-01T21:13:06.652+01:00,411312,1564985,178,178,True,True,0x02,"NO_IRQ,OK,NO_IRQ,NO_IRQ","NONE,DELTA,NONE,NONE",
9.459521,2026-09-01T21:13:06.653+01:00,411490,1564986,176,176,True,True,0x02,"NO_IRQ,OK,NO_IRQ,NO_IRQ","NONE,DELTA,NONE,NONE",
9.464380,2026-09-01T21:13:06.657+01:00,411666,1564987,200,200,True,True,0x02,"NO_IRQ,OK,NO_IRQ,NO_IRQ","NONE,DELTA,NONE,NONE",
9.471322,2026-09-01T21:13:06.662+01:00,411866,1564988,198,198,True,True,0x02,"NO_IRQ,OK,NO_IRQ,NO_IRQ","NONE,DELTA,NONE,NONE",
9.474303,2026-09-01T21:13:06.669+01:00,412064,1564989,188,188,True,True,0x02,"NO_IRQ,OK,NO_IRQ,NO_IRQ","NONE,DELTA,NONE,NONE",
9.479493,2026-09-01T21:13:06.672+01:00,412252,1564990,186,186,True,True,0x02,"NO_IRQ,OK,NO_IRQ,NO_IRQ","NONE,DELTA,NONE,NONE",
9.488547,2026-09-01T21:13:06.677+01:00,412438,1564991,170,170,True,True,0x02,"NO_IRQ,OK,NO_IRQ,NO_IRQ","NONE,DELTA,NONE,NONE",
9.489320,2026-09-01T21:13:06.686+01:00,412608,1564992,164,164,True,True,0x02,"NO_IRQ,OK,NO_IRQ,NO_IRQ","NONE,DELTA,NONE,NONE",
9.494380,2026-09-01T21:13:06.687+01:00,412772,1564993,182,182,True,True,0x02,"NO_IRQ,OK,NO_IRQ,NO_IRQ","NONE,DELTA,NONE,NONE",
9.504465,2026-09-01T21:13:06.692+01:00,412954,1564994,188,188,True,True,0x02,"NO_IRQ,OK,NO_IRQ,NO_IRQ","NONE,DELTA,NONE,NONE",
9.505065,2026-09-01T21:13:06.702+01:00,413142,1564995,216,216,True,True,0x02,"NO_IRQ,OK,NO_IRQ,NO_IRQ","NONE,DELTA,NONE,NONE",
9.509287,2026-09-01T21:13:06.703+01:00,413358,1564996,202,202,True,True,0x02,"NO_IRQ,OK,NO_IRQ,NO_IRQ","NONE,DELTA,NONE,NONE",
9.514169,2026-09-01T21:13:06.707+01:00,413560,1564997,160,160,True,True,0x02,"NO_IRQ,OK,NO_IRQ,NO_IRQ","NONE,DELTA,NONE,NONE",
9.520609,2026-09-01T21:13:06.712+01:00,413720,1564998,168,168,True,True,0x02,"NO_IRQ,OK,NO_IRQ,NO_IRQ","NONE,DELTA,NONE,NONE",
9.524036,2026-09-01T21:13:06.718+01:00,413888,1564999,216,216,True,True,0x02,"NO_IRQ,OK,NO_IRQ,NO_IRQ","NONE,DELTA,NONE,NONE",
9.529272,2026-09-01T21:13:06.722+01:00,414104,1565000,222,222,True,True,0x02,"NO_IRQ,OK,NO_IRQ,NO_IRQ","NONE,DELTA,NONE,NONE",
9.536358,2026-09-01T21:13:06.727+01:00,414326,1565001,210,210,True,True,0x02,"NO_IRQ,OK,NO_IRQ,NO_IRQ","NONE,DELTA,NONE,NONE",
9.539327,2026-09-01T21:13:06.734+01:00,414536,1565002,186,186,True,True,0x02,"NO_IRQ,OK,NO_IRQ,NO_IRQ","NONE,DELTA,NONE,NONE",
9.544243,2026-09-01T21:13:06.737+01:00,414722,1565003,194,194,True,True,0x02,"NO_IRQ,OK,NO_IRQ,NO_IRQ","NONE,DELTA,NONE,NONE",
9.553659,2026-09-01T21:13:06.742+01:00,414916,1565004,176,176,True,True,0x02,"NO_IRQ,OK,NO_IRQ,NO_IRQ","NONE,DELTA,NONE,NONE",
9.554325,2026-09-01T21:13:06.751+01:00,415092,1565005,168,168,True,True,0x02,"NO_IRQ,OK,NO_IRQ,NO_IRQ","NONE,DELTA,NONE,NONE",
9.559117,2026-09-01T21:13:06.752+01:00,415260,1565006,186,186,True,True,0x02,"NO_IRQ,OK,NO_IRQ,NO_IRQ","NONE,DELTA,NONE,NONE",
9.570516,2026-09-01T21:13:06.757+01:00,415446,1565007,356,356,True,True,0x02,"NO_IRQ,OK,NO_IRQ,NO_IRQ","NONE,DELTA,NONE,NONE",
9.571225,2026-09-01T21:13:06.768+01:00,415802,1565008,426,426,True,True,0x02,"NO_IRQ,OK,NO_IRQ,NO_IRQ","NONE,DELTA,NONE,NONE",
9.574458,2026-09-01T21:13:06.769+01:00,416228,1565009,392,392,True,True,0x02,"NO_IRQ,OK,NO_IRQ,NO_IRQ","NONE,DELTA,NONE,NONE",
9.579434,2026-09-01T21:13:06.772+01:00,416620,1565010,426,426,True,True,0x02,"NO_IRQ,OK,NO_IRQ,NO_IRQ","NONE,DELTA,NONE,NONE",
9.584803,2026-09-01T21:13:06.777+01:00,417046,1565011,488,488,True,True,0x02,"NO_IRQ,OK,NO_IRQ,NO_IRQ","NONE,DELTA,NONE,NONE",
9.589369,2026-09-01T21:13:06.782+01:00,417534,1565012,488,488,True,True,0x02,"NO_IRQ,OK,NO_IRQ,NO_IRQ","NONE,DELTA,NONE,NONE",
9.594617,2026-09-01T21:13:06.787+01:00,418022,1565013,448,448,True,True,0x02,"NO_IRQ,OK,NO_IRQ,NO_IRQ","NONE,DELTA,NONE,NONE",
9.599267,2026-09-01T21:13:06.792+01:00,418470,1565014,410,410,True,True,0x02,"NO_IRQ,OK,NO_IRQ,NO_IRQ","NONE,DELTA,NONE,NONE",
9.607934,2026-09-01T21:13:06.797+01:00,418880,1565015,412,412,True,True,0x02,"NO_IRQ,OK,NO_IRQ,NO_IRQ","NONE,DELTA,NONE,NONE",
9.609259,2026-09-01T21:13:06.805+01:00,419292,1565016,454,454,True,True,0x02,"NO_IRQ,OK,NO_IRQ,NO_IRQ","NONE,DELTA,NONE,NONE",
9.621600,2026-09-01T21:13:06.807+01:00,419746,1565017,508,508,True,True,0x02,"NO_IRQ,OK,NO_IRQ,NO_IRQ","NONE,DELTA,NONE,NONE",
9.622328,2026-09-01T21:13:06.819+01:00,420254,1565018,460,460,True,True,0x02,"NO_IRQ,OK,NO_IRQ,NO_IRQ","NONE,DELTA,NONE,NONE",
9.624545,2026-09-01T21:13:06.820+01:00,420714,1565019,468,468,True,True,0x02,"NO_IRQ,OK,NO_IRQ,NO_IRQ","NONE,DELTA,NONE,NONE",
9.629378,2026-09-01T21:13:06.822+01:00,421182,1565020,462,462,True,True,0x02,"NO_IRQ,OK,NO_IRQ,NO_IRQ","NONE,DELTA,NONE,NONE",
9.640844,2026-09-01T21:13:06.827+01:00,421644,1565021,456,456,True,True,0x02,"NO_IRQ,OK,NO_IRQ,NO_IRQ","NONE,DELTA,NONE,NONE",
9.641663,2026-09-01T21:13:06.838+01:00,422100,1565022,434,434,True,True,0x02,"NO_IRQ,OK,NO_IRQ,NO_IRQ","NONE,DELTA,NONE,NONE",
9.644386,2026-09-01T21:13:06.839+01:00,422534,1565023,434,434,True,True,0x02,"NO_IRQ,OK,NO_IRQ,NO_IRQ","NONE,DELTA,NONE,NONE",
9.649275,2026-09-01T21:13:06.842+01:00,422968,1565024,454,454,True,True,0x02,"NO_IRQ,OK,NO_IRQ,NO_IRQ","NONE,DELTA,NONE,NONE",
9.657486,2026-09-01T21:13:06.847+01:00,423422,1565025,394,394,True,True,0x02,"NO_IRQ,OK,NO_IRQ,NO_IRQ","NONE,DELTA,NONE,NONE",
9.659167,2026-09-01T21:13:06.855+01:00,423816,1565026,418,418,True,True,0x02,"NO_IRQ,OK,NO_IRQ,NO_IRQ","NONE,DELTA,NONE,NONE",
9.664479,2026-09-01T21:13:06.857+01:00,424234,1565027,406,406,True,True,0x02,"NO_IRQ,OK,NO_IRQ,NO_IRQ","NONE,DELTA,NONE,NONE",
9.673640,2026-09-01T21:13:06.862+01:00,424640,1565028,396,396,True,True,0x02,"NO_IRQ,OK,NO_IRQ,NO_IRQ","NONE,DELTA,NONE,NONE",
9.674539,2026-09-01T21:13:06.871+01:00,425036,1565029,386,386,True,True,0x02,"NO_IRQ,OK,NO_IRQ,NO_IRQ","NONE,DELTA,NONE,NONE",
9.679218,2026-09-01T21:13:06.872+01:00,425422,1565030,386,386,True,True,0x02,"NO_IRQ,OK,NO_IRQ,NO_IRQ","NONE,DELTA,NONE,NONE",
9.689541,2026-09-01T21:13:06.877+01:00,425808,1565031,460,460,True,True,0x02,"NO_IRQ,OK,NO_IRQ,NO_IRQ","NONE,DELTA,NONE,NONE",
9.690392,2026-09-01T21:13:06.887+01:00,426268,1565032,358,358,True,True,0x02,"NO_IRQ,OK,NO_IRQ,NO_IRQ","NONE,DELTA,NONE,NONE",
9.694139,2026-09-01T21:13:06.888+01:00,426626,1565033,372,372,True,True,0x02,"NO_IRQ,OK,NO_IRQ,NO_IRQ","NONE,DELTA,NONE,NONE",
9.698967,2026-09-01T21:13:06.892+01:00,426998,1565034,318,318,True,True,0x02,"NO_IRQ,OK,NO_IRQ,NO_IRQ","NONE,DELTA,NONE,NONE",
9.705392,2026-09-01T21:13:06.896+01:00,427316,1565035,322,322,True,True,0x02,"NO_IRQ,OK,NO_IRQ,NO_IRQ","NONE,DELTA,NONE,NONE",
9.709068,2026-09-01T21:13:06.903+01:00,427638,1565036,304,304,True,True,0x02,"NO_IRQ,OK,NO_IRQ,NO_IRQ","NONE,DELTA,NONE,NONE",
9.714490,2026-09-01T21:13:06.907+01:00,427942,1565037,240,240,True,True,0x02,"NO_IRQ,OK,NO_IRQ,NO_IRQ","NONE,DELTA,NONE,NONE",
9.721265,2026-09-01T21:13:06.912+01:00,428182,1565038,372,372,True,True,0x02,"NO_IRQ,OK,NO_IRQ,NO_IRQ","NONE,DELTA,NONE,NONE",
9.724132,2026-09-01T21:13:06.919+01:00,428554,1565039,360,360,True,True,0x02,"NO_IRQ,OK,NO_IRQ,NO_IRQ","NONE,DELTA,NONE,NONE",
9.728891,2026-09-01T21:13:06.922+01:00,428914,1565040,336,336,True,True,0x02,"NO_IRQ,OK,NO_IRQ,NO_IRQ","NONE,DELTA,NONE,NONE",
9.736970,2026-09-01T21:13:06.927+01:00,429250,1565041,324,324,True,True,0x02,"NO_IRQ,OK,NO_IRQ,NO_IRQ","NONE,DELTA,NONE,NONE",
9.738844,2026-09-01T21:13:06.934+01:00,429574,1565042,292,292,True,True,0x02,"NO_IRQ,OK,NO_IRQ,NO_IRQ","NONE,DELTA,NONE,NONE",
9.744133,2026-09-01T21:13:06.937+01:00,429866,1565043,282,282,True,True,0x02,"NO_IRQ,OK,NO_IRQ,NO_IRQ","NONE,DELTA,NONE,NONE",
9.749588,2026-09-01T21:13:06.942+01:00,430148,1565044,302,302,True,True,0x02,"NO_IRQ,OK,NO_IRQ,NO_IRQ","NONE,DELTA,NONE,NONE",
9.754938,2026-09-01T21:13:06.947+01:00,430450,1565045,398,398,True,True,0x02,"NO_IRQ,OK,NO_IRQ,NO_IRQ","NONE,DELTA,NONE,NONE",
9.758838,2026-09-01T21:13:06.952+01:00,430848,1565046,298,298,True,True,0x02,"NO_IRQ,OK,NO_IRQ,NO_IRQ","NONE,DELTA,NONE,NONE",
9.763794,2026-09-01T21:13:06.956+01:00,431146,1565047,334,334,True,True,0x02,"NO_IRQ,OK,NO_IRQ,NO_IRQ","NONE,DELTA,NONE,NONE",
9.779385,2026-09-01T21:13:06.961+01:00,431480,1565048,300,300,True,True,0x02,"NO_IRQ,OK,NO_IRQ,NO_IRQ","NONE,DELTA,NONE,NONE",
9.780168,2026-09-01T21:13:06.977+01:00,431780,1565049,336,336,True,True,0x02,"NO_IRQ,OK,NO_IRQ,NO_IRQ","NONE,DELTA,NONE,NONE",
9.780466,2026-09-01T21:13:06.978+01:00,432116,1565050,310,310,True,True,0x02,"NO_IRQ,OK,NO_IRQ,NO_IRQ","NONE,DELTA,NONE,NONE",
9.783999,2026-09-01T21:13:06.978+01:00,432426,1565051,310,310,True,True,0x02,"NO_IRQ,OK,NO_IRQ,NO_IRQ","NONE,DELTA,NONE,NONE",
9.788861,2026-09-01T21:13:06.982+01:00,432736,1565052,292,292,True,True,0x02,"NO_IRQ,OK,NO_IRQ,NO_IRQ","NONE,DELTA,NONE,NONE",
9.796300,2026-09-01T21:13:06.986+01:00,433028,1565053,262,262,True,True,0x02,"NO_IRQ,OK,NO_IRQ,NO_IRQ","NONE,DELTA,NONE,NONE",
9.798951,2026-09-01T21:13:06.994+01:00,433290,1565054,210,210,True,True,0x02,"NO_IRQ,OK,NO_IRQ,NO_IRQ","NONE,DELTA,NONE,NONE",
9.803821,2026-09-01T21:13:06.996+01:00,433500,1565055,266,266,True,True,0x02,"NO_IRQ,OK,NO_IRQ,NO_IRQ","NONE,DELTA,NONE,NONE",
9.808623,2026-09-01T21:13:07.001+01:00,433766,1565056,232,232,True,True,0x02,"NO_IRQ,OK,NO_IRQ,NO_IRQ","NONE,DELTA,NONE,NONE",
9.814823,2026-09-01T21:13:07.006+01:00,433998,1565057,250,250,True,True,0x02,"NO_IRQ,OK,NO_IRQ,NO_IRQ","NONE,DELTA,NONE,NONE",
9.818923,2026-09-01T21:13:07.013+01:00,434248,1565058,260,260,True,True,0x02,"NO_IRQ,OK,NO_IRQ,NO_IRQ","NONE,DELTA,NONE,NONE",
9.823475,2026-09-01T21:13:07.016+01:00,434508,1565059,240,240,True,True,0x02,"NO_IRQ,OK,NO_IRQ,NO_IRQ","NONE,DELTA,NONE,NONE",
9.831187,2026-09-01T21:13:07.021+01:00,434748,1565060,298,298,True,True,0x02,"NO_IRQ,OK,NO_IRQ,NO_IRQ","NONE,DELTA,NONE,NONE",
9.833859,2026-09-01T21:13:07.029+01:00,435046,1565061,278,278,True,True,0x02,"NO_IRQ,OK,NO_IRQ,NO_IRQ","NONE,DELTA,NONE,NONE",
9.838803,2026-09-01T21:13:07.031+01:00,435324,1565062,286,286,True,True,0x02,"NO_IRQ,OK,NO_IRQ,NO_IRQ","NONE,DELTA,NONE,NONE",
9.847042,2026-09-01T21:13:07.036+01:00,435610,1565063,264,264,True,True,0x02,"NO_IRQ,OK,NO_IRQ,NO_IRQ","NONE,DELTA,NONE,NONE",
9.848704,2026-09-01T21:13:07.045+01:00,435874,1565064,272,272,True,True,0x02,"NO_IRQ,OK,NO_IRQ,NO_IRQ","NONE,DELTA,NONE,NONE",
9.853990,2026-09-01T21:13:07.046+01:00,436146,1565065,278,278,True,True,0x02,"NO_IRQ,OK,NO_IRQ,NO_IRQ","NONE,DELTA,NONE,NONE",
9.862904,2026-09-01T21:13:07.051+01:00,436424,1565066,210,210,True,True,0x02,"NO_IRQ,OK,NO_IRQ,NO_IRQ","NONE,DELTA,NONE,NONE",
9.863584,2026-09-01T21:13:07.061+01:00,436634,1565067,246,246,True,True,0x02,"NO_IRQ,OK,NO_IRQ,NO_IRQ","NONE,DELTA,NONE,NONE",
9.868962,2026-09-01T21:13:07.061+01:00,436880,1565068,232,232,True,True,0x02,"NO_IRQ,OK,NO_IRQ,NO_IRQ","NONE,DELTA,NONE,NONE",
9.878858,2026-09-01T21:13:07.066+01:00,437112,1565069,192,192,True,True,0x02,"NO_IRQ,OK,NO_IRQ,NO_IRQ","NONE,DELTA,NONE,NONE",
9.879428,2026-09-01T21:13:07.076+01:00,437304,1565070,1084,1084,True,True,0x02,"NO_IRQ,OK,NO_IRQ,NO_IRQ","NONE,DELTA_SYNC,NONE,NONE",
9.883946,2026-09-01T21:13:07.077+01:00,438388,1565071,272,272,True,True,0x02,"NO_IRQ,OK,NO_IRQ,NO_IRQ","NONE,DELTA,NONE,NONE",
9.894616,2026-09-01T21:13:07.082+01:00,438660,1565072,260,260,True,True,0x02,"NO_IRQ,OK,NO_IRQ,NO_IRQ","NONE,DELTA,NONE,NONE",
9.895447,2026-09-01T21:13:07.092+01:00,438920,1565073,218,218,True,True,0x02,"NO_IRQ,OK,NO_IRQ,NO_IRQ","NONE,DELTA,NONE,NONE",
9.898663,2026-09-01T21:13:07.093+01:00,439138,1565074,238,238,True,True,0x02,"NO_IRQ,OK,NO_IRQ,NO_IRQ","NONE,DELTA,NONE,NONE",
9.903536,2026-09-01T21:13:07.096+01:00,439376,1565075,230,230,True,True,0x02,"NO_IRQ,OK,NO_IRQ,NO_IRQ","NONE,DELTA,NONE,NONE",
9.909600,2026-09-01T21:13:07.101+01:00,439606,1565076,190,190,True,True,0x02,"NO_IRQ,OK,NO_IRQ,NO_IRQ","NONE,DELTA,NONE,NONE",
9.914177,2026-09-01T21:13:07.107+01:00,439796,1565077,172,172,True,True,0x02,"NO_IRQ,OK,NO_IRQ,NO_IRQ","NONE,DELTA,NONE,NONE",
9.918391,2026-09-01T21:13:07.112+01:00,439968,1565078,236,236,True,True,0x02,"NO_IRQ,OK,NO_IRQ,NO_IRQ","NONE,DELTA,NONE,NONE",
9.923318,2026-09-01T21:13:07.116+01:00,440204,1565079,224,224,True,True,0x02,"NO_IRQ,OK,NO_IRQ,NO_IRQ","NONE,DELTA,NONE,NONE",
9.932581,2026-09-01T21:13:07.121+01:00,440428,1565080,176,176,True,True,0x02,"NO_IRQ,OK,NO_IRQ,NO_IRQ","NONE,DELTA,NONE,NONE",
9.933206,2026-09-01T21:13:07.130+01:00,440604,1565081,196,196,True,True,0x02,"NO_IRQ,OK,NO_IRQ,NO_IRQ","NONE,DELTA,NONE,NONE",
9.945861,2026-09-01T21:13:07.131+01:00,440800,1565082,200,200,True,True,0x02,"NO_IRQ,OK,NO_IRQ,NO_IRQ","NONE,DELTA,NONE,NONE",
9.946559,2026-09-01T21:13:07.143+01:00,441000,1565083,206,206,True,True,0x02,"NO_IRQ,OK,NO_IRQ,NO_IRQ","NONE,DELTA,NONE,NONE",
9.948339,2026-09-01T21:13:07.144+01:00,441206,1565084,198,198,True,True,0x02,"NO_IRQ,OK,NO_IRQ,NO_IRQ","NONE,DELTA,NONE,NONE",
9.953348,2026-09-01T21:13:07.146+01:00,441404,1565085,216,216,True,True,0x02,"NO_IRQ,OK,NO_IRQ,NO_IRQ","NONE,DELTA,NONE,NONE",
9.962443,2026-09-01T21:13:07.151+01:00,441620,1565086,212,212,True,True,0x02,"NO_IRQ,OK,NO_IRQ,NO_IRQ","NONE,DELTA,NONE,NONE",
9.963341,2026-09-01T21:13:07.160+01:00,441832,1565087,170,170,True,True,0x02,"NO_IRQ,OK,NO_IRQ,NO_IRQ","NONE,DELTA,NONE,NONE",
9.968390,2026-09-01T21:13:07.161+01:00,442002,1565088,186,186,True,True,0x02,"NO_IRQ,OK,NO_IRQ,NO_IRQ","NONE,DELTA,NONE,NONE",
9.978866,2026-09-01T21:13:07.166+01:00,442188,1565089,216,216,True,True,0x02,"NO_IRQ,OK,NO_IRQ,NO_IRQ","NONE,DELTA,NONE,NONE",
9.979314,2026-09-01T21:13:07.176+01:00,442404,1565090,200,200,True,True,0x02,"NO_IRQ,OK,NO_IRQ,NO_IRQ","NONE,DELTA,NONE,NONE",
9.984112,2026-09-01T21:13:07.177+01:00,442604,1565091,194,194,True,True,0x02,"NO_IRQ,OK,NO_IRQ,NO_IRQ","NONE,DELTA,NONE,NONE",
9.988599,2026-09-01T21:13:07.182+01:00,442798,1565092,200,200,True,True,0x02,"NO_IRQ,OK,NO_IRQ,NO_IRQ","NONE,DELTA,NONE,NONE",
9.993119,2026-09-01T21:13:07.186+01:00,442998,1565093,190,190,True,True,0x02,"NO_IRQ,OK,NO_IRQ,NO_IRQ","NONE,DELTA,NONE,NONE",
9.999098,2026-09-01T21:13:07.193+01:00,443188,1565094,232,232,True,True,0x02,"NO_IRQ,OK,NO_IRQ,NO_IRQ","NONE,DELTA,NONE,NONE",
10.003413,2026-09-01T21:13:07.197+01:00,443420,1565095,232,232,True,True,0x02,"NO_IRQ,OK,NO_IRQ,NO_IRQ","NONE,DELTA,NONE,NONE",
10.011875,2026-09-01T21:13:07.201+01:00,443652,1565096,244,244,True,True,0x02,"NO_IRQ,OK,NO_IRQ,NO_IRQ","NONE,DELTA,NONE,NONE",
10.013401,2026-09-01T21:13:07.209+01:00,443896,1565097,212,212,True,True,0x02,"NO_IRQ,OK,NO_IRQ,NO_IRQ","NONE,DELTA,NONE,NONE",
10.018189,2026-09-01T21:13:07.211+01:00,444108,1565098,208,208,True,True,0x02,"NO_IRQ,OK,NO_IRQ,NO_IRQ","NONE,DELTA,NONE,NONE",
10.024100,2026-09-01T21:13:07.216+01:00,444316,1565099,224,224,True,True,0x02,"NO_IRQ,OK,NO_IRQ,NO_IRQ","NONE,DELTA,NONE,NONE",
10.029363,2026-09-01T21:13:07.222+01:00,444540,1565100,182,182,True,True,0x02,"NO_IRQ,OK,NO_IRQ,NO_IRQ","NONE,DELTA,NONE,NONE",
10.033541,2026-09-01T21:13:07.227+01:00,444722,1565101,238,238,True,True,0x02,"NO_IRQ,OK,NO_IRQ,NO_IRQ","NONE,DELTA,NONE,NONE",
10.038178,2026-09-01T21:13:07.231+01:00,444960,1565102,216,216,True,True,0x02,"NO_IRQ,OK,NO_IRQ,NO_IRQ","NONE,DELTA,NONE,NONE",
10.043210,2026-09-01T21:13:07.236+01:00,445176,1565103,200,200,True,True,0x02,"NO_IRQ,OK,NO_IRQ,NO_IRQ","NONE,DELTA,NONE,NONE",
10.048310,2026-09-01T21:13:07.241+01:00,445376,1565104,214,214,True,True,0x02,"NO_IRQ,OK,NO_IRQ,NO_IRQ","NONE,DELTA,NONE,NONE",
10.053307,2026-09-01T21:13:07.246+01:00,445590,1565105,188,188,True,True,0x02,"NO_IRQ,OK,NO_IRQ,NO_IRQ","NONE,DELTA,NONE,NONE",
10.063251,2026-09-01T21:13:07.251+01:00,445778,1565106,248,248,True,True,0x02,"NO_IRQ,OK,NO_IRQ,NO_IRQ","NONE,DELTA,NONE,NONE",
10.063886,2026-09-01T21:13:07.261+01:00,446026,1565107,218,218,True,True,0x02,"NO_IRQ,OK,NO_IRQ,NO_IRQ","NONE,DELTA,NONE,NONE",
10.068519,2026-09-01T21:13:07.261+01:00,446244,1565108,226,226,True,True,0x02,"NO_IRQ,OK,NO_IRQ,NO_IRQ","NONE,DELTA,NONE,NONE",
10.074431,2026-09-01T21:13:07.266+01:00,446470,1565109,214,214,True,True,0x02,"NO_IRQ,OK,NO_IRQ,NO_IRQ","NONE,DELTA,NONE,NONE",
10.078697,2026-09-01T21:13:07.272+01:00,446684,1565110,212,212,True,True,0x02,"NO_IRQ,OK,NO_IRQ,NO_IRQ","NONE,DELTA,NONE,NONE",
10.083375,2026-09-01T21:13:07.276+01:00,446896,1565111,266,266,True,True,0x02,"NO_IRQ,OK,NO_IRQ,NO_IRQ","NONE,DELTA,NONE,NONE",
10.088047,2026-09-01T21:13:07.281+01:00,447162,1565112,238,238,True,True,0x02,"NO_IRQ,OK,NO_IRQ,NO_IRQ","NONE,DELTA,NONE,NONE",
10.104196,2026-09-01T21:13:07.286+01:00,447400,1565113,246,246,True,True,0x02,"NO_IRQ,OK,NO_IRQ,NO_IRQ","NONE,DELTA,NONE,NONE",
10.104822,2026-09-01T21:13:07.302+01:00,447646,1565114,218,218,True,True,0x02,"NO_IRQ,OK,NO_IRQ,NO_IRQ","NONE,DELTA,NONE,NONE",
10.105409,2026-09-01T21:13:07.302+01:00,447864,1565115,264,264,True,True,0x02,"NO_IRQ,OK,NO_IRQ,NO_IRQ","NONE,DELTA,NONE,NONE",
10.108531,2026-09-01T21:13:07.303+01:00,448128,1565116,274,274,True,True,0x02,"NO_IRQ,OK,NO_IRQ,NO_IRQ","NONE,DELTA,NONE,NONE",
10.113408,2026-09-01T21:13:07.306+01:00,448402,1565117,246,246,True,True,0x02,"NO_IRQ,OK,NO_IRQ,NO_IRQ","NONE,DELTA,NONE,NONE",
10.121223,2026-09-01T21:13:07.311+01:00,448648,1565118,296,296,True,True,0x02,"NO_IRQ,OK,NO_IRQ,NO_IRQ","NONE,DELTA,NONE,NONE",
10.123212,2026-09-01T21:13:07.319+01:00,448944,1565119,302,302,True,True,0x02,"NO_IRQ,OK,NO_IRQ,NO_IRQ","NONE,DELTA,NONE,NONE",
10.128682,2026-09-01T21:13:07.321+01:00,449246,1565120,276,276,True,True,0x02,"NO_IRQ,OK,NO_IRQ,NO_IRQ","NONE,DELTA,NONE,NONE",
10.138367,2026-09-01T21:13:07.326+01:00,449522,1565121,346,346,True,True,0x02,"NO_IRQ,OK,NO_IRQ,NO_IRQ","NONE,DELTA,NONE,NONE",
10.139155,2026-09-01T21:13:07.336+01:00,449868,1565122,330,330,True,True,0x02,"NO_IRQ,OK,NO_IRQ,NO_IRQ","NONE,DELTA,NONE,NONE",
10.143477,2026-09-01T21:13:07.337+01:00,450198,1565123,358,358,True,True,0x02,"NO_IRQ,OK,NO_IRQ,NO_IRQ","NONE,DELTA,NONE,NONE",
10.148539,2026-09-01T21:13:07.341+01:00,450556,1565124,346,346,True,True,0x02,"NO_IRQ,OK,NO_IRQ,NO_IRQ","NONE,DELTA,NONE,NONE",
10.155892,2026-09-01T21:13:07.346+01:00,450902,1565125,346,346,True,True,0x02,"NO_IRQ,OK,NO_IRQ,NO_IRQ","NONE,DELTA,NONE,NONE",
10.158620,2026-09-01T21:13:07.353+01:00,451248,1565126,396,396,True,True,0x02,"NO_IRQ,OK,NO_IRQ,NO_IRQ","NONE,DELTA,NONE,NONE",
10.163416,2026-09-01T21:13:07.356+01:00,451644,1565127,414,414,True,True,0x02,"NO_IRQ,OK,NO_IRQ,NO_IRQ","NONE,DELTA,NONE,NONE",
10.172627,2026-09-01T21:13:07.361+01:00,452058,1565128,428,428,True,True,0x02,"NO_IRQ,OK,NO_IRQ,NO_IRQ","NONE,DELTA,NONE,NONE",
10.173548,2026-09-01T21:13:07.370+01:00,452486,1565129,472,472,True,True,0x02,"NO_IRQ,OK,NO_IRQ,NO_IRQ","NONE,DELTA,NONE,NONE",
10.178571,2026-09-01T21:13:07.371+01:00,452958,1565130,502,502,True,True,0x02,"NO_IRQ,OK,NO_IRQ,NO_IRQ","NONE,DELTA,NONE,NONE",
10.189198,2026-09-01T21:13:07.376+01:00,453460,1565131,572,572,True,True,0x02,"NO_IRQ,OK,NO_IRQ,NO_IRQ","NONE,DELTA,NONE,NONE",
10.189915,2026-09-01T21:13:07.387+01:00,454032,1565132,532,532,True,True,0x02,"NO_IRQ,OK,NO_IRQ,NO_IRQ","NONE,DELTA,NONE,NONE",
10.193610,2026-09-01T21:13:07.387+01:00,454564,1565133,546,546,True,True,0x02,"NO_IRQ,OK,NO_IRQ,NO_IRQ","NONE,DELTA,NONE,NONE",
10.198559,2026-09-01T21:13:07.391+01:00,455110,1565134,516,516,True,True,0x02,"NO_IRQ,OK,NO_IRQ,NO_IRQ","NONE,DELTA,NONE,NONE",
10.206097,2026-09-01T21:13:07.396+01:00,455626,1565135,550,550,True,True,0x02,"NO_IRQ,OK,NO_IRQ,NO_IRQ","NONE,DELTA,NONE,NONE",
10.208721,2026-09-01T21:13:07.404+01:00,456176,1565136,600,600,True,True,0x02,"NO_IRQ,OK,NO_IRQ,NO_IRQ","NONE,DELTA,NONE,NONE",
10.213592,2026-09-01T21:13:07.406+01:00,456776,1565137,600,600,True,True,0x02,"NO_IRQ,OK,NO_IRQ,NO_IRQ","NONE,DELTA,NONE,NONE",
10.222544,2026-09-01T21:13:07.412+01:00,457376,1565138,612,612,True,True,0x02,"NO_IRQ,OK,NO_IRQ,NO_IRQ","NONE,DELTA,NONE,NONE",
10.223437,2026-09-01T21:13:07.420+01:00,457988,1565139,572,572,True,True,0x02,"NO_IRQ,OK,NO_IRQ,NO_IRQ","NONE,DELTA,NONE,NONE",
10.228736,2026-09-01T21:13:07.421+01:00,458560,1565140,510,510,True,True,0x02,"NO_IRQ,OK,NO_IRQ,NO_IRQ","NONE,DELTA,NONE,NONE",
10.233687,2026-09-01T21:13:07.426+01:00,459070,1565141,362,362,True,True,0x02,"NO_IRQ,OK,NO_IRQ,NO_IRQ","NONE,DELTA,NONE,NONE",
10.238008,2026-09-01T21:13:07.431+01:00,459432,1565142,358,358,True,True,0x02,"NO_IRQ,OK,NO_IRQ,NO_IRQ","NONE,DELTA,NONE,NONE",
10.242917,2026-09-01T21:13:07.435+01:00,459790,1565143,356,356,True,True,0x02,"NO_IRQ,OK,NO_IRQ,NO_IRQ","NONE,DELTA,NONE,NONE",
10.247906,2026-09-01T21:13:07.440+01:00,460146,1565144,350,350,True,True,0x02,"NO_IRQ,OK,NO_IRQ,NO_IRQ","NONE,DELTA,NONE,NONE",
10.260125,2026-09-01T21:13:07.445+01:00,460496,1565145,316,316,True,True,0x02,"NO_IRQ,OK,NO_IRQ,NO_IRQ","NONE,DELTA,NONE,NONE",
10.260499,2026-09-01T21:13:07.458+01:00,460812,1565146,360,360,True,True,0x02,"NO_IRQ,OK,NO_IRQ,NO_IRQ","NONE,DELTA,NONE,NONE",
10.273767,2026-09-01T21:13:07.458+01:00,461172,1565147,334,334,True,True,0x02,"NO_IRQ,OK,NO_IRQ,NO_IRQ","NONE,DELTA,NONE,NONE",
10.274523,2026-09-01T21:13:07.471+01:00,461506,1565148,288,288,True,True,0x02,"NO_IRQ,OK,NO_IRQ,NO_IRQ","NONE,DELTA,NONE,NONE",
10.275251,2026-09-01T21:13:07.472+01:00,461794,1565149,314,314,True,True,0x02,"NO_IRQ,OK,NO_IRQ,NO_IRQ","NONE,DELTA,NONE,NONE",
10.278221,2026-09-01T21:13:07.473+01:00,462108,1565150,276,276,True,True,0x02,"NO_IRQ,OK,NO_IRQ,NO_IRQ","NONE,DELTA,NONE,NONE",
10.282832,2026-09-01T21:13:07.476+01:00,462384,1565151,292,292,True,True,0x02,"NO_IRQ,OK,NO_IRQ,NO_IRQ","NONE,DELTA,NONE,NONE",
10.290540,2026-09-01T21:13:07.481+01:00,462676,1565152,264,264,True,True,0x02,"NO_IRQ,OK,NO_IRQ,NO_IRQ","NONE,DELTA,NONE,NONE",
10.293047,2026-09-01T21:13:07.488+01:00,462940,1565153,244,244,True,True,0x02,"NO_IRQ,OK,NO_IRQ,NO_IRQ","NONE,DELTA,NONE,NONE",
10.297889,2026-09-01T21:13:07.491+01:00,463184,1565154,262,262,True,True,0x02,"NO_IRQ,OK,NO_IRQ,NO_IRQ","NONE,DELTA,NONE,NONE",
10.306292,2026-09-01T21:13:07.495+01:00,463446,1565155,276,276,True,True,0x02,"NO_IRQ,OK,NO_IRQ,NO_IRQ","NONE,DELTA,NONE,NONE",
10.307688,2026-09-01T21:13:07.504+01:00,463722,1565156,276,276,True,True,0x02,"NO_IRQ,OK,NO_IRQ,NO_IRQ","NONE,DELTA,NONE,NONE",
10.312883,2026-09-01T21:13:07.505+01:00,463998,1565157,212,212,True,True,0x02,"NO_IRQ,OK,NO_IRQ,NO_IRQ","NONE,DELTA,NONE,NONE",
10.322724,2026-09-01T21:13:07.510+01:00,464210,1565158,244,244,True,True,0x02,"NO_IRQ,OK,NO_IRQ,NO_IRQ","NONE,DELTA,NONE,NONE",
10.323352,2026-09-01T21:13:07.520+01:00,464454,1565159,242,242,True,True,0x02,"NO_IRQ,OK,NO_IRQ,NO_IRQ","NONE,DELTA,NONE,NONE",
10.327760,2026-09-01T21:13:07.521+01:00,464696,1565160,270,270,True,True,0x02,"NO_IRQ,OK,NO_IRQ,NO_IRQ","NONE,DELTA,NONE,NONE",
10.338434,2026-09-01T21:13:07.525+01:00,464966,1565161,230,230,True,True,0x02,"NO_IRQ,OK,NO_IRQ,NO_IRQ","NONE,DELTA,NONE,NONE",
10.339024,2026-09-01T21:13:07.536+01:00,465196,1565162,194,194,True,True,0x02,"NO_IRQ,OK,NO_IRQ,NO_IRQ","NONE,DELTA,NONE,NONE",
10.342809,2026-09-01T21:13:07.536+01:00,465390,1565163,212,212,True,True,0x02,"NO_IRQ,OK,NO_IRQ,NO_IRQ","NONE,DELTA,NONE,NONE",
10.347971,2026-09-01T21:13:07.540+01:00,465602,1565164,206,206,True,True,0x02,"NO_IRQ,OK,NO_IRQ,NO_IRQ","NONE,DELTA,NONE,NONE",
10.354396,2026-09-01T21:13:07.545+01:00,465808,1565165,254,254,True,True,0x02,"NO_IRQ,OK,NO_IRQ,NO_IRQ","NONE,DELTA,NONE,NONE",
10.357746,2026-09-01T21:13:07.552+01:00,466062,1565166,246,246,True,True,0x02,"NO_IRQ,OK,NO_IRQ,NO_IRQ","NONE,DELTA,NONE,NONE",
10.362774,2026-09-01T21:13:07.555+01:00,466308,1565167,210,210,True,True,0x02,"NO_IRQ,OK,NO_IRQ,NO_IRQ","NONE,DELTA,NONE,NONE",
10.372072,2026-09-01T21:13:07.560+01:00,466518,1565168,250,250,True,True,0x02,"NO_IRQ,OK,NO_IRQ,NO_IRQ","NONE,DELTA,NONE,NONE",
10.372938,2026-09-01T21:13:07.570+01:00,466768,1565169,240,240,True,True,0x02,"NO_IRQ,OK,NO_IRQ,NO_IRQ","NONE,DELTA,NONE,NONE",
10.377911,2026-09-01T21:13:07.570+01:00,467008,1565170,228,228,True,True,0x02,"NO_IRQ,OK,NO_IRQ,NO_IRQ","NONE,DELTA,NONE,NONE",
10.384629,2026-09-01T21:13:07.575+01:00,467236,1565171,210,210,True,True,0x02,"NO_IRQ,OK,NO_IRQ,NO_IRQ","NONE,DELTA,NONE,NONE",
10.389285,2026-09-01T21:13:07.584+01:00,467446,1565172,236,236,True,True,0x02,"NO_IRQ,OK,NO_IRQ,NO_IRQ","NONE,DELTA,NONE,NONE",
10.392866,2026-09-01T21:13:07.587+01:00,467682,1565173,262,262,True,True,0x02,"NO_IRQ,OK,NO_IRQ,NO_IRQ","NONE,DELTA,NONE,NONE",
10.397756,2026-09-01T21:13:07.590+01:00,467944,1565174,264,264,True,True,0x02,"NO_IRQ,OK,NO_IRQ,NO_IRQ","NONE,DELTA,NONE,NONE",
10.403248,2026-09-01T21:13:07.595+01:00,468208,1565175,240,240,True,True,0x02,"NO_IRQ,OK,NO_IRQ,NO_IRQ","NONE,DELTA,NONE,NONE",
10.407972,2026-09-01T21:13:07.601+01:00,468448,1565176,252,252,True,True,0x02,"NO_IRQ,OK,NO_IRQ,NO_IRQ","NONE,DELTA,NONE,NONE",
10.412385,2026-09-01T21:13:07.605+01:00,468700,1565177,236,236,True,True,0x02,"NO_IRQ,OK,NO_IRQ,NO_IRQ","NONE,DELTA,NONE,NONE",
10.417406,2026-09-01T21:13:07.610+01:00,468936,1565178,240,240,True,True,0x02,"NO_IRQ,OK,NO_IRQ,NO_IRQ","NONE,DELTA,NONE,NONE",
10.430843,2026-09-01T21:13:07.615+01:00,469176,1565179,190,190,True,True,0x02,"NO_IRQ,OK,NO_IRQ,NO_IRQ","NONE,DELTA,NONE,NONE",
10.431931,2026-09-01T21:13:07.628+01:00,469366,1565180,228,228,True,True,0x02,"NO_IRQ,OK,NO_IRQ,NO_IRQ","NONE,DELTA,NONE,NONE",
10.432954,2026-09-01T21:13:07.629+01:00,469594,1565181,240,240,True,True,0x02,"NO_IRQ,OK,NO_IRQ,NO_IRQ","NONE,DELTA,NONE,NONE",
10.437730,2026-09-01T21:13:07.630+01:00,469834,1565182,238,238,True,True,0x02,"NO_IRQ,OK,NO_IRQ,NO_IRQ","NONE,DELTA,NONE,NONE",
10.448590,2026-09-01T21:13:07.635+01:00,470072,1565183,234,234,True,True,0x02,"NO_IRQ,OK,NO_IRQ,NO_IRQ","NONE,DELTA,NONE,NONE",
10.449325,2026-09-01T21:13:07.646+01:00,470306,1565184,252,252,True,True,0x02,"NO_IRQ,OK,NO_IRQ,NO_IRQ","NONE,DELTA,NONE,NONE",
10.452598,2026-09-01T21:13:07.647+01:00,470558,1565185,212,212,True,True,0x02,"NO_IRQ,OK,NO_IRQ,NO_IRQ","NONE,DELTA,NONE,NONE",
10.457483,2026-09-01T21:13:07.650+01:00,470770,1565186,240,240,True,True,0x02,"NO_IRQ,OK,NO_IRQ,NO_IRQ","NONE,DELTA,NONE,NONE",
10.464747,2026-09-01T21:13:07.655+01:00,471010,1565187,226,226,True,True,0x02,"NO_IRQ,OK,NO_IRQ,NO_IRQ","NONE,DELTA,NONE,NONE",
10.467796,2026-09-01T21:13:07.662+01:00,471236,1565188,196,196,True,True,0x02,"NO_IRQ,OK,NO_IRQ,NO_IRQ","NONE,DELTA,NONE,NONE",
10.472512,2026-09-01T21:13:07.665+01:00,471432,1565189,218,218,True,True,0x02,"NO_IRQ,OK,NO_IRQ,NO_IRQ","NONE,DELTA,NONE,NONE",
10.481110,2026-09-01T21:13:07.670+01:00,471650,1565190,178,178,True,True,0x02,"NO_IRQ,OK,NO_IRQ,NO_IRQ","NONE,DELTA,NONE,NONE",
10.482571,2026-09-01T21:13:07.679+01:00,471828,1565191,224,224,True,True,0x02,"NO_IRQ,OK,NO_IRQ,NO_IRQ","NONE,DELTA,NONE,NONE",
10.487569,2026-09-01T21:13:07.680+01:00,472052,1565192,220,220,True,True,0x02,"NO_IRQ,OK,NO_IRQ,NO_IRQ","NONE,DELTA,NONE,NONE",
10.497234,2026-09-01T21:13:07.685+01:00,472272,1565193,212,212,True,True,0x02,"NO_IRQ,OK,NO_IRQ,NO_IRQ","NONE,DELTA,NONE,NONE",
10.498423,2026-09-01T21:13:07.695+01:00,472484,1565194,234,234,True,True,0x02,"NO_IRQ,OK,NO_IRQ,NO_IRQ","NONE,DELTA,NONE,NONE",
10.502484,2026-09-01T21:13:07.696+01:00,472718,1565195,230,230,True,True,0x02,"NO_IRQ,OK,NO_IRQ,NO_IRQ","NONE,DELTA,NONE,NONE",
10.513205,2026-09-01T21:13:07.700+01:00,472948,1565196,228,228,True,True,0x02,"NO_IRQ,OK,NO_IRQ,NO_IRQ","NONE,DELTA,NONE,NONE",
10.514100,2026-09-01T21:13:07.711+01:00,473176,1565197,202,202,True,True,0x02,"NO_IRQ,OK,NO_IRQ,NO_IRQ","NONE,DELTA,NONE,NONE",
10.517565,2026-09-01T21:13:07.712+01:00,473378,1565198,216,216,True,True,0x02,"NO_IRQ,OK,NO_IRQ,NO_IRQ","NONE,DELTA,NONE,NONE",
10.522354,2026-09-01T21:13:07.715+01:00,473594,1565199,232,232,True,True,0x02,"NO_IRQ,OK,NO_IRQ,NO_IRQ","NONE,DELTA,NONE,NONE",
10.529524,2026-09-01T21:13:07.720+01:00,473826,1565200,202,202,True,True,0x02,"NO_IRQ,OK,NO_IRQ,NO_IRQ","NONE,DELTA,NONE,NONE",
10.532549,2026-09-01T21:13:07.727+01:00,474028,1565201,214,214,True,True,0x02,"NO_IRQ,OK,NO_IRQ,NO_IRQ","NONE,DELTA,NONE,NONE",
10.537289,2026-09-01T21:13:07.730+01:00,474242,1565202,168,168,True,True,0x02,"NO_IRQ,OK,NO_IRQ,NO_IRQ","NONE,DELTA,NONE,NONE",
10.544757,2026-09-01T21:13:07.735+01:00,474410,1565203,190,190,True,True,0x02,"NO_IRQ,OK,NO_IRQ,NO_IRQ","NONE,DELTA,NONE,NONE",
10.547935,2026-09-01T21:13:07.742+01:00,474600,1565204,214,214,True,True,0x02,"NO_IRQ,OK,NO_IRQ,NO_IRQ","NONE,DELTA,NONE,NONE",
10.552349,2026-09-01T21:13:07.745+01:00,474814,1565205,220,220,True,True,0x02,"NO_IRQ,OK,NO_IRQ,NO_IRQ","NONE,DELTA,NONE,NONE",
10.557534,2026-09-01T21:13:07.750+01:00,475034,1565206,172,172,True,True,0x02,"NO_IRQ,OK,NO_IRQ,NO_IRQ","NONE,DELTA,NONE,NONE",
10.562146,2026-09-01T21:13:07.755+01:00,475206,1565207,210,210,True,True,0x02,"NO_IRQ,OK,NO_IRQ,NO_IRQ","NONE,DELTA,NONE,NONE",
10.567088,2026-09-01T21:13:07.760+01:00,475416,1565208,200,200,True,True,0x02,"NO_IRQ,OK,NO_IRQ,NO_IRQ","NONE,DELTA,NONE,NONE",
10.572216,2026-09-01T21:13:07.765+01:00,475616,1565209,194,194,True,True,0x02,"NO_IRQ,OK,NO_IRQ,NO_IRQ","NONE,DELTA,NONE,NONE",
10.582462,2026-09-01T21:13:07.770+01:00,475810,1565210,180,180,True,True,0x02,"NO_IRQ,OK,NO_IRQ,NO_IRQ","NONE,DELTA,NONE,NONE",
10.582818,2026-09-01T21:13:07.780+01:00,475990,1565211,192,192,True,True,0x02,"NO_IRQ,OK,NO_IRQ,NO_IRQ","NONE,DELTA,NONE,NONE",
10.594301,2026-09-01T21:13:07.780+01:00,476182,1565212,206,206,True,True,0x02,"NO_IRQ,OK,NO_IRQ,NO_IRQ","NONE,DELTA,NONE,NONE",
10.598069,2026-09-01T21:13:07.795+01:00,476388,1565213,182,182,True,True,0x02,"NO_IRQ,OK,NO_IRQ,NO_IRQ","NONE,DELTA,NONE,NONE",
10.598684,2026-09-01T21:13:07.796+01:00,476570,1565214,192,192,True,True,0x02,"NO_IRQ,OK,NO_IRQ,NO_IRQ","NONE,DELTA,NONE,NONE",
10.602268,2026-09-01T21:13:07.796+01:00,476762,1565215,182,182,True,True,0x02,"NO_IRQ,OK,NO_IRQ,NO_IRQ","NONE,DELTA,NONE,NONE",
10.606947,2026-09-01T21:13:07.800+01:00,476944,1565216,190,190,True,True,0x02,"NO_IRQ,OK,NO_IRQ,NO_IRQ","NONE,DELTA,NONE,NONE",
10.614360,2026-09-01T21:13:07.804+01:00,477134,1565217,186,186,True,True,0x02,"NO_IRQ,OK,NO_IRQ,NO_IRQ","NONE,DELTA,NONE,NONE",
10.617492,2026-09-01T21:13:07.812+01:00,477320,1565218,218,218,True,True,0x02,"NO_IRQ,OK,NO_IRQ,NO_IRQ","NONE,DELTA,NONE,NONE",
10.622199,2026-09-01T21:13:07.815+01:00,477538,1565219,210,210,True,True,0x02,"NO_IRQ,OK,NO_IRQ,NO_IRQ","NONE,DELTA,NONE,NONE",
10.629573,2026-09-01T21:13:07.820+01:00,477748,1565220,222,222,True,True,0x02,"NO_IRQ,OK,NO_IRQ,NO_IRQ","NONE,DELTA,NONE,NONE",
10.632275,2026-09-01T21:13:07.827+01:00,477970,1565221,190,190,True,True,0x02,"NO_IRQ,OK,NO_IRQ,NO_IRQ","NONE,DELTA,NONE,NONE",
10.637139,2026-09-01T21:13:07.830+01:00,478160,1565222,182,182,True,True,0x02,"NO_IRQ,OK,NO_IRQ,NO_IRQ","NONE,DELTA,NONE,NONE",
10.645030,2026-09-01T21:13:07.835+01:00,478342,1565223,182,182,True,True,0x02,"NO_IRQ,OK,NO_IRQ,NO_IRQ","NONE,DELTA,NONE,NONE",
10.647754,2026-09-01T21:13:07.843+01:00,478524,1565224,202,202,True,True,0x02,"NO_IRQ,OK,NO_IRQ,NO_IRQ","NONE,DELTA,NONE,NONE",
10.652066,2026-09-01T21:13:07.845+01:00,478726,1565225,182,182,True,True,0x02,"NO_IRQ,OK,NO_IRQ,NO_IRQ","NONE,DELTA,NONE,NONE",
10.657673,2026-09-01T21:13:07.850+01:00,478908,1565226,172,172,True,True,0x02,"NO_IRQ,OK,NO_IRQ,NO_IRQ","NONE,DELTA,NONE,NONE",
10.661942,2026-09-01T21:13:07.855+01:00,479080,1565227,174,174,True,True,0x02,"NO_IRQ,OK,NO_IRQ,NO_IRQ","NONE,DELTA,NONE,NONE",
10.667346,2026-09-01T21:13:07.859+01:00,479254,1565228,176,176,True,True,0x02,"NO_IRQ,OK,NO_IRQ,NO_IRQ","NONE,DELTA,NONE,NONE",
10.676735,2026-09-01T21:13:07.865+01:00,479430,1565229,188,188,True,True,0x02,"NO_IRQ,OK,NO_IRQ,NO_IRQ","NONE,DELTA,NONE,NONE",
10.677294,2026-09-01T21:13:07.874+01:00,479618,1565230,210,210,True,True,0x02,"NO_IRQ,OK,NO_IRQ,NO_IRQ","NONE,DELTA,NONE,NONE",
10.682150,2026-09-01T21:13:07.875+01:00,479828,1565231,196,196,True,True,0x02,"NO_IRQ,OK,NO_IRQ,NO_IRQ","NONE,DELTA,NONE,NONE",
10.692437,2026-09-01T21:13:07.880+01:00,480024,1565232,178,178,True,True,0x02,"NO_IRQ,OK,NO_IRQ,NO_IRQ","NONE,DELTA,NONE,NONE",
10.693253,2026-09-01T21:13:07.890+01:00,480202,1565233,200,200,True,True,0x02,"NO_IRQ,OK,NO_IRQ,NO_IRQ","NONE,DELTA,NONE,NONE",
10.697237,2026-09-01T21:13:07.891+01:00,480402,1565234,174,174,True,True,0x02,"NO_IRQ,OK,NO_IRQ,NO_IRQ","NONE,DELTA,NONE,NONE",
10.701805,2026-09-01T21:13:07.895+01:00,480576,1565235,212,212,True,True,0x02,"NO_IRQ,OK,NO_IRQ,NO_IRQ","NONE,DELTA,NONE,NONE",
10.708253,2026-09-01T21:13:07.900+01:00,480788,1565236,196,196,True,True,0x02,"NO_IRQ,OK,NO_IRQ,NO_IRQ","NONE,DELTA,NONE,NONE",
10.712088,2026-09-01T21:13:07.906+01:00,480984,1565237,204,204,True,True,0x02,"NO_IRQ,OK,NO_IRQ,NO_IRQ","NONE,DELTA,NONE,NONE",
10.716781,2026-09-01T21:13:07.910+01:00,481188,1565238,192,192,True,True,0x02,"NO_IRQ,OK,NO_IRQ,NO_IRQ","NONE,DELTA,NONE,NONE",
10.722731,2026-09-01T21:13:07.915+01:00,481380,1565239,212,212,True,True,0x02,"NO_IRQ,OK,NO_IRQ,NO_IRQ","NONE,DELTA,NONE,NONE",
10.727311,2026-09-01T21:13:07.920+01:00,481592,1565240,178,178,True,True,0x02,"NO_IRQ,OK,NO_IRQ,NO_IRQ","NONE,DELTA,NONE,NONE",
10.731795,2026-09-01T21:13:07.925+01:00,481770,1565241,210,210,True,True,0x02,"NO_IRQ,OK,NO_IRQ,NO_IRQ","NONE,DELTA,NONE,NONE",
10.736684,2026-09-01T21:13:07.929+01:00,481980,1565242,194,194,True,True,0x02,"NO_IRQ,OK,NO_IRQ,NO_IRQ","NONE,DELTA,NONE,NONE",
10.749915,2026-09-01T21:13:07.934+01:00,482174,1565243,210,210,True,True,0x02,"NO_IRQ,OK,NO_IRQ,NO_IRQ","NONE,DELTA,NONE,NONE",
10.750674,2026-09-01T21:13:07.947+01:00,482384,1565244,190,190,True,True,0x02,"NO_IRQ,OK,NO_IRQ,NO_IRQ","NONE,DELTA,NONE,NONE",
10.751786,2026-09-01T21:13:07.948+01:00,482574,1565245,190,190,True,True,0x02,"NO_IRQ,OK,NO_IRQ,NO_IRQ","NONE,DELTA,NONE,NONE",
10.756772,2026-09-01T21:13:07.949+01:00,482764,1565246,190,190,True,True,0x02,"NO_IRQ,OK,NO_IRQ,NO_IRQ","NONE,DELTA,NONE,NONE",
10.766713,2026-09-01T21:13:07.954+01:00,482954,1565247,156,156,True,True,0x02,"NO_IRQ,OK,NO_IRQ,NO_IRQ","NONE,DELTA,NONE,NONE",
10.767437,2026-09-01T21:13:07.964+01:00,483110,1565248,198,198,True,True,0x02,"NO_IRQ,OK,NO_IRQ,NO_IRQ","NONE,DELTA,NONE,NONE",
10.771987,2026-09-01T21:13:07.965+01:00,483308,1565249,206,206,True,True,0x02,"NO_IRQ,OK,NO_IRQ,NO_IRQ","NONE,DELTA,NONE,NONE",
10.776677,2026-09-01T21:13:07.969+01:00,483514,1565250,184,184,True,True,0x02,"NO_IRQ,OK,NO_IRQ,NO_IRQ","NONE,DELTA,NONE,NONE",
10.783560,2026-09-01T21:13:07.975+01:00,483698,1565251,202,202,True,True,0x02,"NO_IRQ,OK,NO_IRQ,NO_IRQ","NONE,DELTA,NONE,NONE",
10.786660,2026-09-01T21:13:07.981+01:00,483900,1565252,194,194,True,True,0x02,"NO_IRQ,OK,NO_IRQ,NO_IRQ","NONE,DELTA,NONE,NONE",
10.792855,2026-09-01T21:13:07.984+01:00,484094,1565253,210,210,True,True,0x02,"NO_IRQ,OK,NO_IRQ,NO_IRQ","NONE,DELTA,NONE,NONE",
10.802051,2026-09-01T21:13:07.991+01:00,484304,1565254,182,182,True,True,0x02,"NO_IRQ,OK,NO_IRQ,NO_IRQ","NONE,DELTA,NONE,NONE",
10.806028,2026-09-01T21:13:08.003+01:00,484486,1565255,212,212,True,True,0x02,"NO_IRQ,OK,NO_IRQ,NO_IRQ","NONE,DELTA,NONE,NONE",
10.807343,2026-09-01T21:13:08.004+01:00,484698,1565256,230,230,True,True,0x02,"NO_IRQ,OK,NO_IRQ,NO_IRQ","NONE,DELTA,NONE,NONE",
10.813259,2026-09-01T21:13:08.005+01:00,484928,1565257,180,180,True,True,0x02,"NO_IRQ,OK,NO_IRQ,NO_IRQ","NONE,DELTA,NONE,NONE",
10.817311,2026-09-01T21:13:08.011+01:00,485108,1565258,204,204,True,True,0x02,"NO_IRQ,OK,NO_IRQ,NO_IRQ","NONE,DELTA,NONE,NONE",
10.827371,2026-09-01T21:13:08.015+01:00,485312,1565259,192,192,True,True,0x02,"NO_IRQ,OK,NO_IRQ,NO_IRQ","NONE,DELTA,NONE,NONE",
10.828166,2026-09-01T21:13:08.025+01:00,485504,1565260,190,190,True,True,0x02,"NO_IRQ,OK,NO_IRQ,NO_IRQ","NONE,DELTA,NONE,NONE",
10.831999,2026-09-01T21:13:08.026+01:00,485694,1565261,204,204,True,True,0x02,"NO_IRQ,OK,NO_IRQ,NO_IRQ","NONE,DELTA,NONE,NONE",
10.836977,2026-09-01T21:13:08.030+01:00,485898,1565262,186,186,True,True,0x02,"NO_IRQ,OK,NO_IRQ,NO_IRQ","NONE,DELTA,NONE,NONE",
10.846252,2026-09-01T21:13:08.035+01:00,486084,1565263,188,188,True,True,0x02,"NO_IRQ,OK,NO_IRQ,NO_IRQ","NONE,DELTA,NONE,NONE",
10.847365,2026-09-01T21:13:08.044+01:00,486272,1565264,184,184,True,True,0x02,"NO_IRQ,OK,NO_IRQ,NO_IRQ","NONE,DELTA,NONE,NONE",
10.852088,2026-09-01T21:13:08.045+01:00,486456,1565265,174,174,True,True,0x02,"NO_IRQ,OK,NO_IRQ,NO_IRQ","NONE,DELTA,NONE,NONE",
10.856798,2026-09-01T21:13:08.050+01:00,486630,1565266,184,184,True,True,0x02,"NO_IRQ,OK,NO_IRQ,NO_IRQ","NONE,DELTA,NONE,NONE",
10.867961,2026-09-01T21:13:08.055+01:00,486814,1565267,176,176,True,True,0x02,"NO_IRQ,OK,NO_IRQ,NO_IRQ","NONE,DELTA,NONE,NONE",
10.869328,2026-09-01T21:13:08.066+01:00,486990,1565268,192,192,True,True,0x02,"NO_IRQ,OK,NO_IRQ,NO_IRQ","NONE,DELTA,NONE,NONE",
10.871760,2026-09-01T21:13:08.067+01:00,487182,1565269,202,202,True,True,0x02,"NO_IRQ,OK,NO_IRQ,NO_IRQ","NONE,DELTA,NONE,NONE",
10.877283,2026-09-01T21:13:08.069+01:00,487384,1565270,1084,1084,True,True,0x02,"NO_IRQ,OK,NO_IRQ,NO_IRQ","NONE,DELTA_SYNC,NONE,NONE",
10.886231,2026-09-01T21:13:08.075+01:00,488468,1565271,240,240,True,True,0x02,"NO_IRQ,OK,NO_IRQ,NO_IRQ","NONE,DELTA,NONE,NONE",
10.891493,2026-09-01T21:13:08.088+01:00,488708,1565272,240,240,True,True,0x02,"NO_IRQ,OK,NO_IRQ,NO_IRQ","NONE,DELTA,NONE,NONE",
10.893513,2026-09-01T21:13:08.090+01:00,488948,1565273,172,172,True,True,0x02,"NO_IRQ,OK,NO_IRQ,NO_IRQ","NONE,DELTA,NONE,NONE",
10.897130,2026-09-01T21:13:08.091+01:00,489120,1565274,190,190,True,True,0x02,"NO_IRQ,OK,NO_IRQ,NO_IRQ","NONE,DELTA,NONE,NONE",
10.903430,2026-09-01T21:13:08.096+01:00,489310,1565275,182,182,True,True,0x02,"NO_IRQ,OK,NO_IRQ,NO_IRQ","NONE,DELTA,NONE,NONE",
10.907655,2026-09-01T21:13:08.101+01:00,489492,1565276,210,210,True,True,0x02,"NO_IRQ,OK,NO_IRQ,NO_IRQ","NONE,DELTA,NONE,NONE",
10.912033,2026-09-01T21:13:08.105+01:00,489702,1565277,180,180,True,True,0x02,"NO_IRQ,OK,NO_IRQ,NO_IRQ","NONE,DELTA,NONE,NONE",
10.916773,2026-09-01T21:13:08.110+01:00,489882,1565278,188,188,True,True,0x02,"NO_IRQ,OK,NO_IRQ,NO_IRQ","NONE,DELTA,NONE,NONE",
10.922153,2026-09-01T21:13:08.114+01:00,490070,1565279,174,174,True,True,0x02,"NO_IRQ,OK,NO_IRQ,NO_IRQ","NONE,DELTA,NONE,NONE",
10.927759,2026-09-01T21:13:08.120+01:00,490244,1565280,176,176,True,True,0x02,"NO_IRQ,OK,NO_IRQ,NO_IRQ","NONE,DELTA,NONE,NONE",
10.931564,2026-09-01T21:13:08.125+01:00,490420,1565281,212,212,True,True,0x02,"NO_IRQ,OK,NO_IRQ,NO_IRQ","NONE,DELTA,NONE,NONE",
10.936773,2026-09-01T21:13:08.129+01:00,490632,1565282,188,188,True,True,0x02,"NO_IRQ,OK,NO_IRQ,NO_IRQ","NONE,DELTA,NONE,NONE",
10.941885,2026-09-01T21:13:08.134+01:00,490820,1565283,184,184,True,True,0x02,"NO_IRQ,OK,NO_IRQ,NO_IRQ","NONE,DELTA,NONE,NONE",
10.946981,2026-09-01T21:13:08.140+01:00,491004,1565284,194,194,True,True,0x02,"NO_IRQ,OK,NO_IRQ,NO_IRQ","NONE,DELTA,NONE,NONE",
10.960524,2026-09-01T21:13:08.145+01:00,491198,1565285,162,162,True,True,0x02,"NO_IRQ,OK,NO_IRQ,NO_IRQ","NONE,DELTA,NONE,NONE",
10.960884,2026-09-01T21:13:08.158+01:00,491360,1565286,188,188,True,True,0x02,"NO_IRQ,OK,NO_IRQ,NO_IRQ","NONE,DELTA,NONE,NONE",
10.961175,2026-09-01T21:13:08.158+01:00,491548,1565287,176,176,True,True,0x02,"NO_IRQ,OK,NO_IRQ,NO_IRQ","NONE,DELTA,NONE,NONE",
10.976007,2026-09-01T21:13:08.159+01:00,491724,1565288,188,188,True,True,0x02,"NO_IRQ,OK,NO_IRQ,NO_IRQ","NONE,DELTA,NONE,NONE",
10.976954,2026-09-01T21:13:08.174+01:00,491912,1565289,184,184,True,True,0x02,"NO_IRQ,OK,NO_IRQ,NO_IRQ","NONE,DELTA,NONE,NONE",
10.977823,2026-09-01T21:13:08.175+01:00,492096,1565290,182,182,True,True,0x02,"NO_IRQ,OK,NO_IRQ,NO_IRQ","NONE,DELTA,NONE,NONE",
10.981547,2026-09-01T21:13:08.176+01:00,492278,1565291,182,182,True,True,0x02,"NO_IRQ,OK,NO_IRQ,NO_IRQ","NONE,DELTA,NONE,NONE",
10.986461,2026-09-01T21:13:08.179+01:00,492460,1565292,176,176,True,True,0x02,"NO_IRQ,OK,NO_IRQ,NO_IRQ","NONE,DELTA,NONE,NONE",
10.994754,2026-09-01T21:13:08.184+01:00,492636,1565293,208,208,True,True,0x02,"NO_IRQ,OK,NO_IRQ,NO_IRQ","NONE,DELTA,NONE,NONE",
10.996408,2026-09-01T21:13:08.192+01:00,492844,1565294,190,190,True,True,0x02,"NO_IRQ,OK,NO_IRQ,NO_IRQ","NONE,DELTA,NONE,NONE",
11.001327,2026-09-01T21:13:08.194+01:00,493034,1565295,156,156,True,True,0x02,"NO_IRQ,OK,NO_IRQ,NO_IRQ","NONE,DELTA,NONE,NONE",
11.011886,2026-09-01T21:13:08.199+01:00,493190,1565296,180,180,True,True,0x02,"NO_IRQ,OK,NO_IRQ,NO_IRQ","NONE,DELTA,NONE,NONE",
11.012621,2026-09-01T21:13:08.209+01:00,493370,1565297,180,180,True,True,0x02,"NO_IRQ,OK,NO_IRQ,NO_IRQ","NONE,DELTA,NONE,NONE",
11.016332,2026-09-01T21:13:08.210+01:00,493550,1565298,164,164,True,True,0x02,"NO_IRQ,OK,NO_IRQ,NO_IRQ","NONE,DELTA,NONE,NONE",
11.021506,2026-09-01T21:13:08.214+01:00,493714,1565299,188,188,True,True,0x02,"NO_IRQ,OK,NO_IRQ,NO_IRQ","NONE,DELTA,NONE,NONE",
11.028120,2026-09-01T21:13:08.219+01:00,493902,1565300,188,188,True,True,0x02,"NO_IRQ,OK,NO_IRQ,NO_IRQ","NONE,DELTA,NONE,NONE",
11.031310,2026-09-01T21:13:08.226+01:00,494090,1565301,194,194,True,True,0x02,"NO_IRQ,OK,NO_IRQ,NO_IRQ","NONE,DELTA,NONE,NONE",
11.036420,2026-09-01T21:13:08.229+01:00,494284,1565302,198,198,True,True,0x02,"NO_IRQ,OK,NO_IRQ,NO_IRQ","NONE,DELTA,NONE,NONE",
11.044434,2026-09-01T21:13:08.234+01:00,494482,1565303,180,180,True,True,0x02,"NO_IRQ,OK,NO_IRQ,NO_IRQ","NONE,DELTA,NONE,NONE",
11.046171,2026-09-01T21:13:08.242+01:00,494662,1565304,160,160,True,True,0x02,"NO_IRQ,OK,NO_IRQ,NO_IRQ","NONE,DELTA,NONE,NONE",
11.051489,2026-09-01T21:13:08.244+01:00,494822,1565305,182,182,True,True,0x02,"NO_IRQ,OK,NO_IRQ,NO_IRQ","NONE,DELTA,NONE,NONE",
11.061020,2026-09-01T21:13:08.249+01:00,495004,1565306,180,180,True,True,0x02,"NO_IRQ,OK,NO_IRQ,NO_IRQ","NONE,DELTA,NONE,NONE",
11.061944,2026-09-01T21:13:08.259+01:00,495184,1565307,164,164,True,True,0x02,"NO_IRQ,OK,NO_IRQ,NO_IRQ","NONE,DELTA,NONE,NONE",
11.066235,2026-09-01T21:13:08.259+01:00,495348,1565308,166,166,True,True,0x02,"NO_IRQ,OK,NO_IRQ,NO_IRQ","NONE,DELTA,NONE,NONE",
11.076578,2026-09-01T21:13:08.264+01:00,495514,1565309,180,180,True,True,0x02,"NO_IRQ,OK,NO_IRQ,NO_IRQ","NONE,DELTA,NONE,NONE",
11.077284,2026-09-01T21:13:08.274+01:00,495694,1565310,202,202,True,True,0x02,"NO_IRQ,OK,NO_IRQ,NO_IRQ","NONE,DELTA,NONE,NONE",
11.081390,2026-09-01T21:13:08.275+01:00,495896,1565311,162,162,True,True,0x02,"NO_IRQ,OK,NO_IRQ,NO_IRQ","NONE,DELTA,NONE,NONE",
11.091820,2026-09-01T21:13:08.279+01:00,496058,1565312,182,182,True,True,0x02,"NO_IRQ,OK,NO_IRQ,NO_IRQ","NONE,DELTA,NONE,NONE",
11.092451,2026-09-01T21:13:08.289+01:00,496240,1565313,180,180,True,True,0x02,"NO_IRQ,OK,NO_IRQ,NO_IRQ","NONE,DELTA,NONE,NONE",
11.096367,2026-09-01T21:13:08.290+01:00,496420,1565314,208,208,True,True,0x02,"NO_IRQ,OK,NO_IRQ,NO_IRQ","NONE,DELTA,NONE,NONE",
11.101381,2026-09-01T21:13:08.294+01:00,496628,1565315,216,216,True,True,0x02,"NO_IRQ,OK,NO_IRQ,NO_IRQ","NONE,DELTA,NONE,NONE",
11.106672,2026-09-01T21:13:08.299+01:00,496844,1565316,184,184,True,True,0x02,"NO_IRQ,OK,NO_IRQ,NO_IRQ","NONE,DELTA,NONE,NONE",
11.111454,2026-09-01T21:13:08.304+01:00,497028,1565317,146,146,True,True,0x02,"NO_IRQ,OK,NO_IRQ,NO_IRQ","NONE,DELTA,NONE,NONE",
11.115968,2026-09-01T21:13:08.309+01:00,497174,1565318,152,152,True,True,0x02,"NO_IRQ,OK,NO_IRQ,NO_IRQ","NONE,DELTA,NONE,NONE",
11.120884,2026-09-01T21:13:08.313+01:00,497326,1565319,154,154,True,True,0x02,"NO_IRQ,OK,NO_IRQ,NO_IRQ","NONE,DELTA,NONE,NONE",
11.133167,2026-09-01T21:13:08.318+01:00,497480,1565320,162,162,True,True,0x02,"NO_IRQ,OK,NO_IRQ,NO_IRQ","NONE,DELTA,NONE,NONE",
11.133835,2026-09-01T21:13:08.331+01:00,497642,1565321,158,158,True,True,0x02,"NO_IRQ,OK,NO_IRQ,NO_IRQ","NONE,DELTA,NONE,NONE",
11.136302,2026-09-01T21:13:08.331+01:00,497800,1565322,186,186,True,True,0x02,"NO_IRQ,OK,NO_IRQ,NO_IRQ","NONE,DELTA,NONE,NONE",
11.141571,2026-09-01T21:13:08.334+01:00,497986,1565323,172,172,True,True,0x02,"NO_IRQ,OK,NO_IRQ,NO_IRQ","NONE,DELTA,NONE,NONE",
11.149280,2026-09-01T21:13:08.339+01:00,498158,1565324,210,210,True,True,0x02,"NO_IRQ,OK,NO_IRQ,NO_IRQ","NONE,DELTA,NONE,NONE",
11.150951,2026-09-01T21:13:08.347+01:00,498368,1565325,198,198,True,True,0x02,"NO_IRQ,OK,NO_IRQ,NO_IRQ","NONE,DELTA,NONE,NONE",
11.156122,2026-09-01T21:13:08.348+01:00,498566,1565326,192,192,True,True,0x02,"NO_IRQ,OK,NO_IRQ,NO_IRQ","NONE,DELTA,NONE,NONE",
11.164646,2026-09-01T21:13:08.354+01:00,498758,1565327,154,154,True,True,0x02,"NO_IRQ,OK,NO_IRQ,NO_IRQ","NONE,DELTA,NONE,NONE",
11.166005,2026-09-01T21:13:08.362+01:00,498912,1565328,172,172,True,True,0x02,"NO_IRQ,OK,NO_IRQ,NO_IRQ","NONE,DELTA,NONE,NONE",
11.171668,2026-09-01T21:13:08.364+01:00,499084,1565329,188,188,True,True,0x02,"NO_IRQ,OK,NO_IRQ,NO_IRQ","NONE,DELTA,NONE,NONE",
11.180695,2026-09-01T21:13:08.369+01:00,499272,1565330,176,176,True,True,0x02,"NO_IRQ,OK,NO_IRQ,NO_IRQ","NONE,DELTA,NONE,NONE",
11.181523,2026-09-01T21:13:08.378+01:00,499448,1565331,170,170,True,True,0x02,"NO_IRQ,OK,NO_IRQ,NO_IRQ","NONE,DELTA,NONE,NONE",
11.186338,2026-09-01T21:13:08.379+01:00,499618,1565332,168,168,True,True,0x02,"NO_IRQ,OK,NO_IRQ,NO_IRQ","NONE,DELTA,NONE,NONE",
11.196303,2026-09-01T21:13:08.384+01:00,499786,1565333,182,182,True,True,0x02,"NO_IRQ,OK,NO_IRQ,NO_IRQ","NONE,DELTA,NONE,NONE",
11.196914,2026-09-01T21:13:08.394+01:00,499968,1565334,180,180,True,True,0x02,"NO_IRQ,OK,NO_IRQ,NO_IRQ","NONE,DELTA,NONE,NONE",
11.201345,2026-09-01T21:13:08.394+01:00,500148,1565335,198,198,True,True,0x02,"NO_IRQ,OK,NO_IRQ,NO_IRQ","NONE,DELTA,NONE,NONE",
11.205886,2026-09-01T21:13:08.400+01:00,500346,1565336,190,190,True,True,0x02,"NO_IRQ,OK,NO_IRQ,NO_IRQ","NONE,DELTA,NONE,NONE",
11.212122,2026-09-01T21:13:08.403+01:00,500536,1565337,194,194,True,True,0x02,"NO_IRQ,OK,NO_IRQ,NO_IRQ","NONE,DELTA,NONE,NONE",
11.216192,2026-09-01T21:13:08.410+01:00,500730,1565338,184,184,True,True,0x02,"NO_IRQ,OK,NO_IRQ,NO_IRQ","NONE,DELTA,NONE,NONE",
11.220878,2026-09-01T21:13:08.414+01:00,500914,1565339,190,190,True,True,0x02,"NO_IRQ,OK,NO_IRQ,NO_IRQ","NONE,DELTA,NONE,NONE",
11.227935,2026-09-01T21:13:08.419+01:00,501104,1565340,186,186,True,True,0x02,"NO_IRQ,OK,NO_IRQ,NO_IRQ","NONE,DELTA,NONE,NONE",
11.231059,2026-09-01T21:13:08.425+01:00,501290,1565341,178,178,True,True,0x02,"NO_IRQ,OK,NO_IRQ,NO_IRQ","NONE,DELTA,NONE,NONE",
11.235743,2026-09-01T21:13:08.429+01:00,501468,1565342,166,166,True,True,0x02,"NO_IRQ,OK,NO_IRQ,NO_IRQ","NONE,DELTA,NONE,NONE",
11.243658,2026-09-01T21:13:08.433+01:00,501634,1565343,186,186,True,True,0x02,"NO_IRQ,OK,NO_IRQ,NO_IRQ","NONE,DELTA,NONE,NONE",
11.245993,2026-09-01T21:13:08.441+01:00,501820,1565344,188,188,True,True,0x02,"NO_IRQ,OK,NO_IRQ,NO_IRQ","NONE,DELTA,NONE,NONE",
11.251083,2026-09-01T21:13:08.443+01:00,502008,1565345,180,180,True,True,0x02,"NO_IRQ,OK,NO_IRQ,NO_IRQ","NONE,DELTA,NONE,NONE",
11.256062,2026-09-01T21:13:08.449+01:00,502188,1565346,160,160,True,True,0x02,"NO_IRQ,OK,NO_IRQ,NO_IRQ","NONE,DELTA,NONE,NONE",
11.261873,2026-09-01T21:13:08.454+01:00,502348,1565347,182,182,True,True,0x02,"NO_IRQ,OK,NO_IRQ,NO_IRQ","NONE,DELTA,NONE,NONE",
11.265723,2026-09-01T21:13:08.459+01:00,502530,1565348,166,166,True,True,0x02,"NO_IRQ,OK,NO_IRQ,NO_IRQ","NONE,DELTA,NONE,NONE",
11.270706,2026-09-01T21:13:08.463+01:00,502696,1565349,182,182,True,True,0x02,"NO_IRQ,OK,NO_IRQ,NO_IRQ","NONE,DELTA,NONE,NONE",
11.281703,2026-09-01T21:13:08.468+01:00,502878,1565350,182,182,True,True,0x02,"NO_IRQ,OK,NO_IRQ,NO_IRQ","NONE,DELTA,NONE,NONE",
11.282042,2026-09-01T21:13:08.479+01:00,503060,1565351,174,174,True,True,0x02,"NO_IRQ,OK,NO_IRQ,NO_IRQ","NONE,DELTA,NONE,NONE",
11.294782,2026-09-01T21:13:08.479+01:00,503234,1565352,176,176,True,True,0x02,"NO_IRQ,OK,NO_IRQ,NO_IRQ","NONE,DELTA,NONE,NONE",
11.295417,2026-09-01T21:13:08.492+01:00,503410,1565353,170,170,True,True,0x02,"NO_IRQ,OK,NO_IRQ,NO_IRQ","NONE,DELTA,NONE,NONE",
11.296382,2026-09-01T21:13:08.493+01:00,503580,1565354,166,166,True,True,0x02,"NO_IRQ,OK,NO_IRQ,NO_IRQ","NONE,DELTA,NONE,NONE",
11.300950,2026-09-01T21:13:08.494+01:00,503746,1565355,172,172,True,True,0x02,"NO_IRQ,OK,NO_IRQ,NO_IRQ","NONE,DELTA,NONE,NONE",
11.305779,2026-09-01T21:13:08.499+01:00,503918,1565356,194,194,True,True,0x02,"NO_IRQ,OK,NO_IRQ,NO_IRQ","NONE,DELTA,NONE,NONE",
11.312294,2026-09-01T21:13:08.503+01:00,504112,1565357,200,200,True,True,0x02,"NO_IRQ,OK,NO_IRQ,NO_IRQ","NONE,DELTA,NONE,NONE",
11.315966,2026-09-01T21:13:08.510+01:00,504312,1565358,176,176,True,True,0x02,"NO_IRQ,OK,NO_IRQ,NO_IRQ","NONE,DELTA,NONE,NONE",
11.321078,2026-09-01T21:13:08.513+01:00,504488,1565359,184,184,True,True,0x02,"NO_IRQ,OK,NO_IRQ,NO_IRQ","NONE,DELTA,NONE,NONE",
11.327926,2026-09-01T21:13:08.519+01:00,504672,1565360,178,178,True,True,0x02,"NO_IRQ,OK,NO_IRQ,NO_IRQ","NONE,DELTA,NONE,NONE",
11.330893,2026-09-01T21:13:08.525+01:00,504850,1565361,160,160,True,True,0x02,"NO_IRQ,OK,NO_IRQ,NO_IRQ","NONE,DELTA,NONE,NONE",
11.336059,2026-09-01T21:13:08.528+01:00,505010,1565362,170,170,True,True,0x02,"NO_IRQ,OK,NO_IRQ,NO_IRQ","NONE,DELTA,NONE,NONE",
11.344627,2026-09-01T21:13:08.534+01:00,505180,1565363,176,176,True,True,0x02,"NO_IRQ,OK,NO_IRQ,NO_IRQ","NONE,DELTA,NONE,NONE",
11.345805,2026-09-01T21:13:08.542+01:00,505356,1565364,192,192,True,True,0x02,"NO_IRQ,OK,NO_IRQ,NO_IRQ","NONE,DELTA,NONE,NONE",
11.350843,2026-09-01T21:13:08.543+01:00,505548,1565365,164,164,True,True,0x02,"NO_IRQ,OK,NO_IRQ,NO_IRQ","NONE,DELTA,NONE,NONE",
11.360383,2026-09-01T21:13:08.548+01:00,505712,1565366,164,164,True,True,0x02,"NO_IRQ,OK,NO_IRQ,NO_IRQ","NONE,DELTA,NONE,NONE",
11.361175,2026-09-01T21:13:08.558+01:00,505876,1565367,192,192,True,True,0x02,"NO_IRQ,OK,NO_IRQ,NO_IRQ","NONE,DELTA,NONE,NONE",
11.365925,2026-09-01T21:13:08.559+01:00,506068,1565368,202,202,True,True,0x02,"NO_IRQ,OK,NO_IRQ,NO_IRQ","NONE,DELTA,NONE,NONE",
11.376576,2026-09-01T21:13:08.564+01:00,506270,1565369,166,166,True,True,0x02,"NO_IRQ,OK,NO_IRQ,NO_IRQ","NONE,DELTA,NONE,NONE",
11.377207,2026-09-01T21:13:08.574+01:00,506436,1565370,182,182,True,True,0x02,"NO_IRQ,OK,NO_IRQ,NO_IRQ","NONE,DELTA,NONE,NONE",
11.381580,2026-09-01T21:13:08.575+01:00,506618,1565371,196,196,True,True,0x02,"NO_IRQ,OK,NO_IRQ,NO_IRQ","NONE,DELTA,NONE,NONE",
11.385858,2026-09-01T21:13:08.579+01:00,506814,1565372,184,184,True,True,0x02,"NO_IRQ,OK,NO_IRQ,NO_IRQ","NONE,DELTA,NONE,NONE",
11.393086,2026-09-01T21:13:08.583+01:00,506998,1565373,176,176,True,True,0x02,"NO_IRQ,OK,NO_IRQ,NO_IRQ","NONE,DELTA,NONE,NONE",
11.396156,2026-09-01T21:13:08.591+01:00,507174,1565374,178,178,True,True,0x02,"NO_IRQ,OK,NO_IRQ,NO_IRQ","NONE,DELTA,NONE,NONE",
11.400801,2026-09-01T21:13:08.594+01:00,507352,1565375,176,176,True,True,0x02,"NO_IRQ,OK,NO_IRQ,NO_IRQ","NONE,DELTA,NONE,NONE",
11.405921,2026-09-01T21:13:08.598+01:00,507528,1565376,208,208,True,True,0x02,"NO_IRQ,OK,NO_IRQ,NO_IRQ","NONE,DELTA,NONE,NONE",
11.410552,2026-09-01T21:13:08.604+01:00,507736,1565377,190,190,True,True,0x02,"NO_IRQ,OK,NO_IRQ,NO_IRQ","NONE,DELTA,NONE,NONE",
11.415597,2026-09-01T21:13:08.608+01:00,507926,1565378,194,194,True,True,0x02,"NO_IRQ,OK,NO_IRQ,NO_IRQ","NONE,DELTA,NONE,NONE",
11.420666,2026-09-01T21:13:08.613+01:00,508120,1565379,204,204,True,True,0x02,"NO_IRQ,OK,NO_IRQ,NO_IRQ","NONE,DELTA,NONE,NONE",
11.426593,2026-09-01T21:13:08.618+01:00,508324,1565380,200,200,True,True,0x02,"NO_IRQ,OK,NO_IRQ,NO_IRQ","NONE,DELTA,NONE,NONE",
11.430513,2026-09-01T21:13:08.624+01:00,508524,1565381,194,194,True,True,0x02,"NO_IRQ,OK,NO_IRQ,NO_IRQ","NONE,DELTA,NONE,NONE",
11.435487,2026-09-01T21:13:08.628+01:00,508718,1565382,188,188,True,True,0x02,"NO_IRQ,OK,NO_IRQ,NO_IRQ","NONE,DELTA,NONE,NONE",
11.449634,2026-09-01T21:13:08.633+01:00,508906,1565383,202,202,True,True,0x02,"NO_IRQ,OK,NO_IRQ,NO_IRQ","NONE,DELTA,NONE,NONE",
11.450310,2026-09-01T21:13:08.647+01:00,509108,1565384,174,174,True,True,0x02,"NO_IRQ,OK,NO_IRQ,NO_IRQ","NONE,DELTA,NONE,NONE",
11.451005,2026-09-01T21:13:08.648+01:00,509282,1565385,186,186,True,True,0x02,"NO_IRQ,OK,NO_IRQ,NO_IRQ","NONE,DELTA,NONE,NONE",
11.455845,2026-09-01T21:13:08.648+01:00,509468,1565386,184,184,True,True,0x02,"NO_IRQ,OK,NO_IRQ,NO_IRQ","NONE,DELTA,NONE,NONE",
11.466114,2026-09-01T21:13:08.653+01:00,509652,1565387,160,160,True,True,0x02,"NO_IRQ,OK,NO_IRQ,NO_IRQ","NONE,DELTA,NONE,NONE",
11.466911,2026-09-01T21:13:08.664+01:00,509812,1565388,190,190,True,True,0x02,"NO_IRQ,OK,NO_IRQ,NO_IRQ","NONE,DELTA,NONE,NONE",
11.470609,2026-09-01T21:13:08.664+01:00,510002,1565389,176,176,True,True,0x02,"NO_IRQ,OK,NO_IRQ,NO_IRQ","NONE,DELTA,NONE,NONE",
11.475691,2026-09-01T21:13:08.668+01:00,510178,1565390,196,196,True,True,0x02,"NO_IRQ,OK,NO_IRQ,NO_IRQ","NONE,DELTA,NONE,NONE",
11.482688,2026-09-01T21:13:08.673+01:00,510374,1565391,302,302,True,True,0x02,"NO_IRQ,OK,NO_IRQ,NO_IRQ","NONE,DELTA,NONE,NONE",
11.486174,2026-09-01T21:13:08.680+01:00,510676,1565392,360,360,True,True,0x02,"NO_IRQ,OK,NO_IRQ,NO_IRQ","NONE,DELTA,NONE,NONE",
11.490804,2026-09-01T21:13:08.684+01:00,511036,1565393,384,384,True,True,0x02,"NO_IRQ,OK,NO_IRQ,NO_IRQ","NONE,DELTA,NONE,NONE",
11.499313,2026-09-01T21:13:08.688+01:00,511420,1565394,344,344,True,True,0x02,"NO_IRQ,OK,NO_IRQ,NO_IRQ","NONE,DELTA,NONE,NONE",
11.500872,2026-09-01T21:13:08.697+01:00,511764,1565395,382,382,True,True,0x02,"NO_IRQ,OK,NO_IRQ,NO_IRQ","NONE,DELTA,NONE,NONE",
11.506041,2026-09-01T21:13:08.698+01:00,512146,1565396,386,386,True,True,0x02,"NO_IRQ,OK,NO_IRQ,NO_IRQ","NONE,DELTA,NONE,NONE",
11.515364,2026-09-01T21:13:08.704+01:00,512532,1565397,344,344,True,True,0x02,"NO_IRQ,OK,NO_IRQ,NO_IRQ","NONE,DELTA,NONE,NONE",
11.516116,2026-09-01T21:13:08.713+01:00,512876,1565398,362,362,True,True,0x02,"NO_IRQ,OK,NO_IRQ,NO_IRQ","NONE,DELTA,NONE,NONE",
11.520827,2026-09-01T21:13:08.714+01:00,513238,1565399,310,310,True,True,0x02,"NO_IRQ,OK,NO_IRQ,NO_IRQ","NONE,DELTA,NONE,NONE",
11.531978,2026-09-01T21:13:08.718+01:00,513548,1565400,336,336,True,True,0x02,"NO_IRQ,OK,NO_IRQ,NO_IRQ","NONE,DELTA,NONE,NONE",
11.532712,2026-09-01T21:13:08.729+01:00,513884,1565401,408,408,True,True,0x02,"NO_IRQ,OK,NO_IRQ,NO_IRQ","NONE,DELTA,NONE,NONE",
11.535731,2026-09-01T21:13:08.730+01:00,514292,1565402,406,406,True,True,0x02,"NO_IRQ,OK,NO_IRQ,NO_IRQ","NONE,DELTA,NONE,NONE",
11.540802,2026-09-01T21:13:08.733+01:00,514698,1565403,370,370,True,True,0x02,"NO_IRQ,OK,NO_IRQ,NO_IRQ","NONE,DELTA,NONE,NONE",
11.548871,2026-09-01T21:13:08.738+01:00,515068,1565404,424,424,True,True,0x02,"NO_IRQ,OK,NO_IRQ,NO_IRQ","NONE,DELTA,NONE,NONE",
11.550792,2026-09-01T21:13:08.746+01:00,515492,1565405,416,416,True,True,0x02,"NO_IRQ,OK,NO_IRQ,NO_IRQ","NONE,DELTA,NONE,NONE",
11.555803,2026-09-01T21:13:08.748+01:00,515908,1565406,408,408,True,True,0x02,"NO_IRQ,OK,NO_IRQ,NO_IRQ","NONE,DELTA,NONE,NONE",
11.564997,2026-09-01T21:13:08.753+01:00,516316,1565407,412,412,True,True,0x02,"NO_IRQ,OK,NO_IRQ,NO_IRQ","NONE,DELTA,NONE,NONE",
11.565896,2026-09-01T21:13:08.763+01:00,516728,1565408,428,428,True,True,0x02,"NO_IRQ,OK,NO_IRQ,NO_IRQ","NONE,DELTA,NONE,NONE",
11.570746,2026-09-01T21:13:08.764+01:00,517156,1565409,410,410,True,True,0x02,"NO_IRQ,OK,NO_IRQ,NO_IRQ","NONE,DELTA,NONE,NONE",
11.576395,2026-09-01T21:13:08.768+01:00,517566,1565410,372,372,True,True,0x02,"NO_IRQ,OK,NO_IRQ,NO_IRQ","NONE,DELTA,NONE,NONE",
11.580881,2026-09-01T21:13:08.774+01:00,517938,1565411,398,398,True,True,0x02,"NO_IRQ,OK,NO_IRQ,NO_IRQ","NONE,DELTA,NONE,NONE",
11.585447,2026-09-01T21:13:08.778+01:00,518336,1565412,372,372,True,True,0x02,"NO_IRQ,OK,NO_IRQ,NO_IRQ","NONE,DELTA,NONE,NONE",
11.590541,2026-09-01T21:13:08.783+01:00,518708,1565413,390,390,True,True,0x02,"NO_IRQ,OK,NO_IRQ,NO_IRQ","NONE,DELTA,NONE,NONE",
11.602678,2026-09-01T21:13:08.788+01:00,519098,1565414,372,372,True,True,0x02,"NO_IRQ,OK,NO_IRQ,NO_IRQ","NONE,DELTA,NONE,NONE",
11.603095,2026-09-01T21:13:08.800+01:00,519470,1565415,390,390,True,True,0x02,"NO_IRQ,OK,NO_IRQ,NO_IRQ","NONE,DELTA,NONE,NONE",
11.616097,2026-09-01T21:13:08.801+01:00,519860,1565416,440,440,True,True,0x02,"NO_IRQ,OK,NO_IRQ,NO_IRQ","NONE,DELTA,NONE,NONE",
11.616859,2026-09-01T21:13:08.814+01:00,520300,1565417,410,410,True,True,0x02,"NO_IRQ,OK,NO_IRQ,NO_IRQ","NONE,DELTA,NONE,NONE",
11.617837,2026-09-01T21:13:08.815+01:00,520710,1565418,378,378,True,True,0x02,"NO_IRQ,OK,NO_IRQ,NO_IRQ","NONE,DELTA,NONE,NONE",
11.620599,2026-09-01T21:13:08.815+01:00,521088,1565419,376,376,True,True,0x02,"NO_IRQ,OK,NO_IRQ,NO_IRQ","NONE,DELTA,NONE,NONE",
11.625345,2026-09-01T21:13:08.818+01:00,521464,1565420,334,334,True,True,0x02,"NO_IRQ,OK,NO_IRQ,NO_IRQ","NONE,DELTA,NONE,NONE",
11.634454,2026-09-01T21:13:08.823+01:00,521798,1565421,330,330,True,True,0x02,"NO_IRQ,OK,NO_IRQ,NO_IRQ","NONE,DELTA,NONE,NONE",
11.635652,2026-09-01T21:13:08.832+01:00,522128,1565422,342,342,True,True,0x02,"NO_IRQ,OK,NO_IRQ,NO_IRQ","NONE,DELTA,NONE,NONE",
11.640622,2026-09-01T21:13:08.833+01:00,522470,1565423,284,284,True,True,0x02,"NO_IRQ,OK,NO_IRQ,NO_IRQ","NONE,DELTA,NONE,NONE",
11.651025,2026-09-01T21:13:08.838+01:00,522754,1565424,402,402,True,True,0x02,"NO_IRQ,OK,NO_IRQ,NO_IRQ","NONE,DELTA,NONE,NONE",
11.651797,2026-09-01T21:13:08.849+01:00,523156,1565425,320,320,True,True,0x02,"NO_IRQ,OK,NO_IRQ,NO_IRQ","NONE,DELTA,NONE,NONE",
11.655594,2026-09-01T21:13:08.849+01:00,523476,1565426,326,326,True,True,0x02,"NO_IRQ,OK,NO_IRQ,NO_IRQ","NONE,DELTA,NONE,NONE",
11.660368,2026-09-01T21:13:08.853+01:00,523802,1565427,364,364,True,True,0x02,"NO_IRQ,OK,NO_IRQ,NO_IRQ","NONE,DELTA,NONE,NONE",
11.667522,2026-09-01T21:13:08.858+01:00,524166,1565428,278,278,True,True,0x02,"NO_IRQ,OK,NO_IRQ,NO_IRQ","NONE,DELTA,NONE,NONE",
11.670489,2026-09-01T21:13:08.865+01:00,524444,1565429,318,318,True,True,0x02,"NO_IRQ,OK,NO_IRQ,NO_IRQ","NONE,DELTA,NONE,NONE",
11.675150,2026-09-01T21:13:08.868+01:00,524762,1565430,252,252,True,True,0x02,"NO_IRQ,OK,NO_IRQ,NO_IRQ","NONE,DELTA,NONE,NONE",
11.683183,2026-09-01T21:13:08.873+01:00,525014,1565431,296,296,True,True,0x02,"NO_IRQ,OK,NO_IRQ,NO_IRQ","NONE,DELTA,NONE,NONE",
11.685208,2026-09-01T21:13:08.881+01:00,525310,1565432,234,234,True,True,0x02,"NO_IRQ,OK,NO_IRQ,NO_IRQ","NONE,DELTA,NONE,NONE",
11.690153,2026-09-01T21:13:08.883+01:00,525544,1565433,254,254,True,True,0x02,"NO_IRQ,OK,NO_IRQ,NO_IRQ","NONE,DELTA,NONE,NONE",
11.699394,2026-09-01T21:13:08.888+01:00,525798,1565434,326,326,True,True,0x02,"NO_IRQ,OK,NO_IRQ,NO_IRQ","NONE,DELTA,NONE,NONE",
11.700174,2026-09-01T21:13:08.897+01:00,526124,1565435,292,292,True,True,0x02,"NO_IRQ,OK,NO_IRQ,NO_IRQ","NONE,DELTA,NONE,NONE",
11.705654,2026-09-01T21:13:08.898+01:00,526416,1565436,412,412,True,True,0x02,"NO_IRQ,OK,NO_IRQ,NO_IRQ","NONE,DELTA,NONE,NONE",
11.716149,2026-09-01T21:13:08.903+01:00,526828,1565437,454,454,True,True,0x02,"NO_IRQ,OK,NO_IRQ,NO_IRQ","NONE,DELTA,NONE,NONE",
11.716926,2026-09-01T21:13:08.914+01:00,527282,1565438,320,320,True,True,0x02,"NO_IRQ,OK,NO_IRQ,NO_IRQ","NONE,DELTA,NONE,NONE",
11.720538,2026-09-01T21:13:08.914+01:00,527602,1565439,334,334,True,True,0x02,"NO_IRQ,OK,NO_IRQ,NO_IRQ","NONE,DELTA,NONE,NONE",
11.725195,2026-09-01T21:13:08.918+01:00,527936,1565440,316,316,True,True,0x02,"NO_IRQ,OK,NO_IRQ,NO_IRQ","NONE,DELTA,NONE,NONE",
11.732543,2026-09-01T21:13:08.923+01:00,528252,1565441,298,298,True,True,0x02,"NO_IRQ,OK,NO_IRQ,NO_IRQ","NONE,DELTA,NONE,NONE",
11.735265,2026-09-01T21:13:08.930+01:00,528550,1565442,312,312,True,True,0x02,"NO_IRQ,OK,NO_IRQ,NO_IRQ","NONE,DELTA,NONE,NONE",
11.740219,2026-09-01T21:13:08.933+01:00,528862,1565443,292,292,True,True,0x02,"NO_IRQ,OK,NO_IRQ,NO_IRQ","NONE,DELTA,NONE,NONE",
11.745787,2026-09-01T21:13:08.938+01:00,529154,1565444,282,282,True,True,0x02,"NO_IRQ,OK,NO_IRQ,NO_IRQ","NONE,DELTA,NONE,NONE",
11.750653,2026-09-01T21:13:08.943+01:00,529436,1565445,296,296,True,True,0x02,"NO_IRQ,OK,NO_IRQ,NO_IRQ","NONE,DELTA,NONE,NONE",
11.755154,2026-09-01T21:13:08.948+01:00,529732,1565446,306,306,True,True,0x02,"NO_IRQ,OK,NO_IRQ,NO_IRQ","NONE,DELTA,NONE,NONE",
11.760013,2026-09-01T21:13:08.953+01:00,530038,1565447,330,330,True,True,0x02,"NO_IRQ,OK,NO_IRQ,NO_IRQ","NONE,DELTA,NONE,NONE",
11.769932,2026-09-01T21:13:08.957+01:00,530368,1565448,316,316,True,True,0x02,"NO_IRQ,OK,NO_IRQ,NO_IRQ","NONE,DELTA,NONE,NONE",
11.773309,2026-09-01T21:13:08.968+01:00,530684,1565449,332,332,True,True,0x02,"NO_IRQ,OK,NO_IRQ,NO_IRQ","NONE,DELTA,NONE,NONE",
11.774998,2026-09-01T21:13:08.971+01:00,531016,1565450,320,320,True,True,0x02,"NO_IRQ,OK,NO_IRQ,NO_IRQ","NONE,DELTA,NONE,NONE",
11.780495,2026-09-01T21:13:08.972+01:00,531336,1565451,258,258,True,True,0x02,"NO_IRQ,OK,NO_IRQ,NO_IRQ","NONE,DELTA,NONE,NONE",
11.789804,2026-09-01T21:13:08.978+01:00,531594,1565452,258,258,True,True,0x02,"NO_IRQ,OK,NO_IRQ,NO_IRQ","NONE,DELTA,NONE,NONE",
11.790469,2026-09-01T21:13:08.987+01:00,531852,1565453,248,248,True,True,0x02,"NO_IRQ,OK,NO_IRQ,NO_IRQ","NONE,DELTA,NONE,NONE",
11.795105,2026-09-01T21:13:08.988+01:00,532100,1565454,222,222,True,True,0x02,"NO_IRQ,OK,NO_IRQ,NO_IRQ","NONE,DELTA,NONE,NONE",
11.806104,2026-09-01T21:13:08.993+01:00,532322,1565455,240,240,True,True,0x02,"NO_IRQ,OK,NO_IRQ,NO_IRQ","NONE,DELTA,NONE,NONE",
11.806786,2026-09-01T21:13:09.004+01:00,532562,1565456,250,250,True,True,0x02,"NO_IRQ,OK,NO_IRQ,NO_IRQ","NONE,DELTA,NONE,NONE",
11.810113,2026-09-01T21:13:09.004+01:00,532812,1565457,310,310,True,True,0x02,"NO_IRQ,OK,NO_IRQ,NO_IRQ","NONE,DELTA,NONE,NONE",
11.815077,2026-09-01T21:13:09.008+01:00,533122,1565458,258,258,True,True,0x02,"NO_IRQ,OK,NO_IRQ,NO_IRQ","NONE,DELTA,NONE,NONE",
11.824222,2026-09-01T21:13:09.013+01:00,533380,1565459,236,236,True,True,0x02,"NO_IRQ,OK,NO_IRQ,NO_IRQ","NONE,DELTA,NONE,NONE",
11.825203,2026-09-01T21:13:09.022+01:00,533616,1565460,286,286,True,True,0x02,"NO_IRQ,OK,NO_IRQ,NO_IRQ","NONE,DELTA,NONE,NONE",
11.830734,2026-09-01T21:13:09.023+01:00,533902,1565461,274,274,True,True,0x02,"NO_IRQ,OK,NO_IRQ,NO_IRQ","NONE,DELTA,NONE,NONE",
11.840981,2026-09-01T21:13:09.028+01:00,534176,1565462,260,260,True,True,0x02,"NO_IRQ,OK,NO_IRQ,NO_IRQ","NONE,DELTA,NONE,NONE",
11.841623,2026-09-01T21:13:09.038+01:00,534436,1565463,260,260,True,True,0x02,"NO_IRQ,OK,NO_IRQ,NO_IRQ","NONE,DELTA,NONE,NONE",
11.845074,2026-09-01T21:13:09.039+01:00,534696,1565464,254,254,True,True,0x02,"NO_IRQ,OK,NO_IRQ,NO_IRQ","NONE,DELTA,NONE,NONE",
11.850054,2026-09-01T21:13:09.043+01:00,534950,1565465,176,176,True,True,0x02,"NO_IRQ,OK,NO_IRQ,NO_IRQ","NONE,DELTA,NONE,NONE",
11.857348,2026-09-01T21:13:09.048+01:00,535126,1565466,240,240,True,True,0x02,"NO_IRQ,OK,NO_IRQ,NO_IRQ","NONE,DELTA,NONE,NONE",
11.860083,2026-09-01T21:13:09.055+01:00,535366,1565467,280,280,True,True,0x02,"NO_IRQ,OK,NO_IRQ,NO_IRQ","NONE,DELTA,NONE,NONE",
11.864731,2026-09-01T21:13:09.058+01:00,535646,1565468,222,222,True,True,0x02,"NO_IRQ,OK,NO_IRQ,NO_IRQ","NONE,DELTA,NONE,NONE",
11.872616,2026-09-01T21:13:09.062+01:00,535868,1565469,314,314,True,True,0x02,"NO_IRQ,OK,NO_IRQ,NO_IRQ","NONE,DELTA,NONE,NONE",
11.875525,2026-09-01T21:13:09.070+01:00,536182,1565470,1084,1084,True,True,0x02,"NO_IRQ,OK,NO_IRQ,NO_IRQ","NONE,DELTA_SYNC,NONE,NONE",
11.880017,2026-09-01T21:13:09.073+01:00,537266,1565471,294,294,True,True,0x02,"NO_IRQ,OK,NO_IRQ,NO_IRQ","NONE,DELTA,NONE,NONE",
11.888072,2026-09-01T21:13:09.077+01:00,537560,1565472,278,278,True,True,0x02,"NO_IRQ,OK,NO_IRQ,NO_IRQ","NONE,DELTA,NONE,NONE",
11.889864,2026-09-01T21:13:09.086+01:00,537838,1565473,226,226,True,True,0x02,"NO_IRQ,OK,NO_IRQ,NO_IRQ","NONE,DELTA,NONE,NONE",
11.895031,2026-09-01T21:13:09.087+01:00,538064,1565474,202,202,True,True,0x02,"NO_IRQ,OK,NO_IRQ,NO_IRQ","NONE,DELTA,NONE,NONE",
11.900835,2026-09-01T21:13:09.092+01:00,538266,1565475,202,202,True,True,0x02,"NO_IRQ,OK,NO_IRQ,NO_IRQ","NONE,DELTA,NONE,NONE",
11.905651,2026-09-01T21:13:09.098+01:00,538468,1565476,208,208,True,True,0x02,"NO_IRQ,OK,NO_IRQ,NO_IRQ","NONE,DELTA,NONE,NONE",
11.909992,2026-09-01T21:13:09.103+01:00,538676,1565477,234,234,True,True,0x02,"NO_IRQ,OK,NO_IRQ,NO_IRQ","NONE,DELTA,NONE,NONE",
11.914841,2026-09-01T21:13:09.107+01:00,538910,1565478,222,222,True,True,0x02,"NO_IRQ,OK,NO_IRQ,NO_IRQ","NONE,DELTA,NONE,NONE",
11.926381,2026-09-01T21:13:09.112+01:00,539132,1565479,254,254,True,True,0x02,"NO_IRQ,OK,NO_IRQ,NO_IRQ","NONE,DELTA,NONE,NONE",
11.926730,2026-09-01T21:13:09.124+01:00,539386,1565480,214,214,True,True,0x02,"NO_IRQ,OK,NO_IRQ,NO_IRQ","NONE,DELTA,NONE,NONE",
11.939859,2026-09-01T21:13:09.124+01:00,539600,1565481,242,242,True,True,0x02,"NO_IRQ,OK,NO_IRQ,NO_IRQ","NONE,DELTA,NONE,NONE",
11.940501,2026-09-01T21:13:09.137+01:00,539842,1565482,246,246,True,True,0x02,"NO_IRQ,OK,NO_IRQ,NO_IRQ","NONE,DELTA,NONE,NONE",
11.941071,2026-09-01T21:13:09.138+01:00,540088,1565483,228,228,True,True,0x02,"NO_IRQ,OK,NO_IRQ,NO_IRQ","NONE,DELTA,NONE,NONE",
11.944848,2026-09-01T21:13:09.139+01:00,540316,1565484,216,216,True,True,0x02,"NO_IRQ,OK,NO_IRQ,NO_IRQ","NONE,DELTA,NONE,NONE",
11.955552,2026-09-01T21:13:09.142+01:00,540532,1565485,278,278,True,True,0x02,"NO_IRQ,OK,NO_IRQ,NO_IRQ","NONE,DELTA,NONE,NONE",
11.956437,2026-09-01T21:13:09.153+01:00,540810,1565486,280,280,True,True,0x02,"NO_IRQ,OK,NO_IRQ,NO_IRQ","NONE,DELTA,NONE,NONE",
11.959872,2026-09-01T21:13:09.154+01:00,541090,1565487,256,256,True,True,0x02,"NO_IRQ,OK,NO_IRQ,NO_IRQ","NONE,DELTA,NONE,NONE",
11.964939,2026-09-01T21:13:09.158+01:00,541346,1565488,260,260,True,True,0x02,"NO_IRQ,OK,NO_IRQ,NO_IRQ","NONE,DELTA,NONE,NONE",
11.971576,2026-09-01T21:13:09.162+01:00,541606,1565489,254,254,True,True,0x02,"NO_IRQ,OK,NO_IRQ,NO_IRQ","NONE,DELTA,NONE,NONE",
11.975096,2026-09-01T21:13:09.169+01:00,541860,1565490,228,228,True,True,0x02,"NO_IRQ,OK,NO_IRQ,NO_IRQ","NONE,DELTA,NONE,NONE",
11.979710,2026-09-01T21:13:09.173+01:00,542088,1565491,264,264,True,True,0x02,"NO_IRQ,OK,NO_IRQ,NO_IRQ","NONE,DELTA,NONE,NONE",
11.989001,2026-09-01T21:13:09.177+01:00,542352,1565492,258,258,True,True,0x02,"NO_IRQ,OK,NO_IRQ,NO_IRQ","NONE,DELTA,NONE,NONE",
11.990034,2026-09-01T21:13:09.187+01:00,542610,1565493,268,268,True,True,0x02,"NO_IRQ,OK,NO_IRQ,NO_IRQ","NONE,DELTA,NONE,NONE",
11.995052,2026-09-01T21:13:09.188+01:00,542878,1565494,238,238,True,True,0x02,"NO_IRQ,OK,NO_IRQ,NO_IRQ","NONE,DELTA,NONE,NONE",
12.005185,2026-09-01T21:13:09.193+01:00,543116,1565495,280,280,True,True,0x02,"NO_IRQ,OK,NO_IRQ,NO_IRQ","NONE,DELTA,NONE,NONE",
12.005822,2026-09-01T21:13:09.203+01:00,543396,1565496,262,262,True,True,0x02,"NO_IRQ,OK,NO_IRQ,NO_IRQ","NONE,DELTA,NONE,NONE",
12.009814,2026-09-01T21:13:09.203+01:00,543658,1565497,286,286,True,True,0x02,"NO_IRQ,OK,NO_IRQ,NO_IRQ","NONE,DELTA,NONE,NONE",
12.014633,2026-09-01T21:13:09.207+01:00,543944,1565498,300,300,True,True,0x02,"NO_IRQ,OK,NO_IRQ,NO_IRQ","NONE,DELTA,NONE,NONE",
12.021305,2026-09-01T21:13:09.213+01:00,544244,1565499,312,312,True,True,0x02,"NO_IRQ,OK,NO_IRQ,NO_IRQ","NONE,DELTA,NONE,NONE",
12.024900,2026-09-01T21:13:09.219+01:00,544556,1565500,308,308,True,True,0x02,"NO_IRQ,OK,NO_IRQ,NO_IRQ","NONE,DELTA,NONE,NONE",
12.029788,2026-09-01T21:13:09.222+01:00,544864,1565501,346,346,True,True,0x02,"NO_IRQ,OK,NO_IRQ,NO_IRQ","NONE,DELTA,NONE,NONE",
12.037533,2026-09-01T21:13:09.227+01:00,545210,1565502,354,354,True,True,0x02,"NO_IRQ,OK,NO_IRQ,NO_IRQ","NONE,DELTA,NONE,NONE",
12.039870,2026-09-01T21:13:09.235+01:00,545564,1565503,348,348,True,True,0x02,"NO_IRQ,OK,NO_IRQ,NO_IRQ","NONE,DELTA,NONE,NONE",
12.044857,2026-09-01T21:13:09.237+01:00,545912,1565504,380,380,True,True,0x02,"NO_IRQ,OK,NO_IRQ,NO_IRQ","NONE,DELTA,NONE,NONE",
12.053217,2026-09-01T21:13:09.242+01:00,546292,1565505,396,396,True,True,0x02,"NO_IRQ,OK,NO_IRQ,NO_IRQ","NONE,DELTA,NONE,NONE",
12.054862,2026-09-01T21:13:09.251+01:00,546688,1565506,418,418,True,True,0x02,"NO_IRQ,OK,NO_IRQ,NO_IRQ","NONE,DELTA,NONE,NONE",
12.059950,2026-09-01T21:13:09.253+01:00,547106,1565507,384,384,True,True,0x02,"NO_IRQ,OK,NO_IRQ,NO_IRQ","NONE,DELTA,NONE,NONE",
12.065668,2026-09-01T21:13:09.257+01:00,547490,1565508,422,422,True,True,0x02,"NO_IRQ,OK,NO_IRQ,NO_IRQ","NONE,DELTA,NONE,NONE",
12.070311,2026-09-01T21:13:09.263+01:00,547912,1565509,490,490,True,True,0x02,"NO_IRQ,OK,NO_IRQ,NO_IRQ","NONE,DELTA,NONE,NONE",
12.074749,2026-09-01T21:13:09.268+01:00,548402,1565510,490,490,True,True,0x02,"NO_IRQ,OK,NO_IRQ,NO_IRQ","NONE,DELTA,NONE,NONE",
12.079938,2026-09-01T21:13:09.272+01:00,548892,1565511,506,506,True,True,0x02,"NO_IRQ,OK,NO_IRQ,NO_IRQ","NONE,DELTA,NONE,NONE",
12.094157,2026-09-01T21:13:09.277+01:00,549398,1565512,534,534,True,True,0x02,"NO_IRQ,OK,NO_IRQ,NO_IRQ","NONE,DELTA,NONE,NONE",
12.096266,2026-09-01T21:13:09.292+01:00,549932,1565513,552,552,True,True,0x02,"NO_IRQ,OK,NO_IRQ,NO_IRQ","NONE,DELTA,NONE,NONE",
12.097077,2026-09-01T21:13:09.294+01:00,550484,1565514,552,552,True,True,0x02,"NO_IRQ,OK,NO_IRQ,NO_IRQ","NONE,DELTA,NONE,NONE",
12.100047,2026-09-01T21:13:09.295+01:00,551036,1565515,568,568,True,True,0x02,"NO_IRQ,OK,NO_IRQ,NO_IRQ","NONE,DELTA,NONE,NONE",
12.104955,2026-09-01T21:13:09.298+01:00,551604,1565516,580,580,True,True,0x02,"NO_IRQ,OK,NO_IRQ,NO_IRQ","NONE,DELTA,NONE,NONE",
12.112760,2026-09-01T21:13:09.303+01:00,552184,1565517,594,594,True,True,0x02,"NO_IRQ,OK,NO_IRQ,NO_IRQ","NONE,DELTA,NONE,NONE",
12.115337,2026-09-01T21:13:09.310+01:00,552778,1565518,562,562,True,True,0x02,"NO_IRQ,OK,NO_IRQ,NO_IRQ","NONE,DELTA,NONE,NONE",
12.120198,2026-09-01T21:13:09.313+01:00,553340,1565519,560,560,True,True,0x02,"NO_IRQ,OK,NO_IRQ,NO_IRQ","NONE,DELTA,NONE,NONE",
12.128870,2026-09-01T21:13:09.318+01:00,553900,1565520,448,448,True,True,0x02,"NO_IRQ,OK,NO_IRQ,NO_IRQ","NONE,DELTA,NONE,NONE",
12.129918,2026-09-01T21:13:09.326+01:00,554348,1565521,496,496,True,True,0x02,"NO_IRQ,OK,NO_IRQ,NO_IRQ","NONE,DELTA,NONE,NONE",
12.134839,2026-09-01T21:13:09.328+01:00,554844,1565522,406,406,True,True,0x02,"NO_IRQ,OK,NO_IRQ,NO_IRQ","NONE,DELTA,NONE,NONE",
12.144574,2026-09-01T21:13:09.332+01:00,555250,1565523,374,374,True,True,0x02,"NO_IRQ,OK,NO_IRQ,NO_IRQ","NONE,DELTA,NONE,NONE",
12.145207,2026-09-01T21:13:09.342+01:00,555624,1565524,356,356,True,True,0x02,"NO_IRQ,OK,NO_IRQ,NO_IRQ","NONE,DELTA,NONE,NONE",
12.149470,2026-09-01T21:13:09.343+01:00,555980,1565525,344,344,True,True,0x02,"NO_IRQ,OK,NO_IRQ,NO_IRQ","NONE,DELTA,NONE,NONE",
12.160054,2026-09-01T21:13:09.347+01:00,556324,1565526,334,334,True,True,0x02,"NO_IRQ,OK,NO_IRQ,NO_IRQ","NONE,DELTA,NONE,NONE",
12.160670,2026-09-01T21:13:09.358+01:00,556658,1565527,318,318,True,True,0x02,"NO_IRQ,OK,NO_IRQ,NO_IRQ","NONE,DELTA,NONE,NONE",
12.164664,2026-09-01T21:13:09.358+01:00,556976,1565528,308,308,True,True,0x02,"NO_IRQ,OK,NO_IRQ,NO_IRQ","NONE,DELTA,NONE,NONE",
12.169473,2026-09-01T21:13:09.362+01:00,557284,1565529,300,300,True,True,0x02,"NO_IRQ,OK,NO_IRQ,NO_IRQ","NONE,DELTA,NONE,NONE",
12.177136,2026-09-01T21:13:09.367+01:00,557584,1565530,260,260,True,True,0x02,"NO_IRQ,OK,NO_IRQ,NO_IRQ","NONE,DELTA,NONE,NONE",
12.179513,2026-09-01T21:13:09.375+01:00,557844,1565531,292,292,True,True,0x02,"NO_IRQ,OK,NO_IRQ,NO_IRQ","NONE,DELTA,NONE,NONE",
12.184509,2026-09-01T21:13:09.377+01:00,558136,1565532,250,250,True,True,0x02,"NO_IRQ,OK,NO_IRQ,NO_IRQ","NONE,DELTA,NONE,NONE",
12.193216,2026-09-01T21:13:09.382+01:00,558386,1565533,264,264,True,True,0x02,"NO_IRQ,OK,NO_IRQ,NO_IRQ","NONE,DELTA,NONE,NONE",
12.194588,2026-09-01T21:13:09.391+01:00,558650,1565534,272,272,True,True,0x02,"NO_IRQ,OK,NO_IRQ,NO_IRQ","NONE,DELTA,NONE,NONE",
12.199589,2026-09-01T21:13:09.392+01:00,558922,1565535,228,228,True,True,0x02,"NO_IRQ,OK,NO_IRQ,NO_IRQ","NONE,DELTA,NONE,NONE",
12.210573,2026-09-01T21:13:09.397+01:00,559150,1565536,242,242,True,True,0x02,"NO_IRQ,OK,NO_IRQ,NO_IRQ","NONE,DELTA,NONE,NONE",
12.211174,2026-09-01T21:13:09.408+01:00,559392,1565537,238,238,True,True,0x02,"NO_IRQ,OK,NO_IRQ,NO_IRQ","NONE,DELTA,NONE,NONE",
12.214788,2026-09-01T21:13:09.409+01:00,559630,1565538,260,260,True,True,0x02,"NO_IRQ,OK,NO_IRQ,NO_IRQ","NONE,DELTA,NONE,NONE",
12.219212,2026-09-01T21:13:09.412+01:00,559890,1565539,230,230,True,True,0x02,"NO_IRQ,OK,NO_IRQ,NO_IRQ","NONE,DELTA,NONE,NONE",
12.224661,2026-09-01T21:13:09.417+01:00,560120,1565540,248,248,True,True,0x02,"NO_IRQ,OK,NO_IRQ,NO_IRQ","NONE,DELTA,NONE,NONE",
12.229430,2026-09-01T21:13:09.422+01:00,560368,1565541,268,268,True,True,0x02,"NO_IRQ,OK,NO_IRQ,NO_IRQ","NONE,DELTA,NONE,NONE",
12.234683,2026-09-01T21:13:09.427+01:00,560636,1565542,258,258,True,True,0x02,"NO_IRQ,OK,NO_IRQ,NO_IRQ","NONE,DELTA,NONE,NONE",
12.239134,2026-09-01T21:13:09.432+01:00,560894,1565543,278,278,True,True,0x02,"NO_IRQ,OK,NO_IRQ,NO_IRQ","NONE,DELTA,NONE,NONE",
12.247635,2026-09-01T21:13:09.437+01:00,561172,1565544,246,246,True,True,0x02,"NO_IRQ,OK,NO_IRQ,NO_IRQ","NONE,DELTA,NONE,NONE",
12.249057,2026-09-01T21:13:09.445+01:00,561418,1565545,244,244,True,True,0x02,"NO_IRQ,OK,NO_IRQ,NO_IRQ","NONE,DELTA,NONE,NONE",
12.260463,2026-09-01T21:13:09.447+01:00,561662,1565546,212,212,True,True,0x02,"NO_IRQ,OK,NO_IRQ,NO_IRQ","NONE,DELTA,NONE,NONE",
12.261144,2026-09-01T21:13:09.458+01:00,561874,1565547,222,222,True,True,0x02,"NO_IRQ,OK,NO_IRQ,NO_IRQ","NONE,DELTA,NONE,NONE",
12.264815,2026-09-01T21:13:09.459+01:00,562096,1565548,206,206,True,True,0x02,"NO_IRQ,OK,NO_IRQ,NO_IRQ","NONE,DELTA,NONE,NONE",
12.268993,2026-09-01T21:13:09.462+01:00,562302,1565549,238,238,True,True,0x02,"NO_IRQ,OK,NO_IRQ,NO_IRQ","NONE,DELTA,NONE,NONE",
12.277455,2026-09-01T21:13:09.467+01:00,562540,1565550,254,254,True,True,0x02,"NO_IRQ,OK,NO_IRQ,NO_IRQ","NONE,DELTA,NONE,NONE",
12.279188,2026-09-01T21:13:09.475+01:00,562794,1565551,264,264,True,True,0x02,"NO_IRQ,OK,NO_IRQ,NO_IRQ","NONE,DELTA,NONE,NONE",
12.284223,2026-09-01T21:13:09.477+01:00,563058,1565552,216,216,True,True,0x02,"NO_IRQ,OK,NO_IRQ,NO_IRQ","NONE,DELTA,NONE,NONE",
12.293944,2026-09-01T21:13:09.482+01:00,563274,1565553,220,220,True,True,0x02,"NO_IRQ,OK,NO_IRQ,NO_IRQ","NONE,DELTA,NONE,NONE",
12.294544,2026-09-01T21:13:09.491+01:00,563494,1565554,222,222,True,True,0x02,"NO_IRQ,OK,NO_IRQ,NO_IRQ","NONE,DELTA,NONE,NONE",
12.299492,2026-09-01T21:13:09.492+01:00,563716,1565555,214,214,True,True,0x02,"NO_IRQ,OK,NO_IRQ,NO_IRQ","NONE,DELTA,NONE,NONE",
12.303972,2026-09-01T21:13:09.497+01:00,563930,1565556,250,250,True,True,0x02,"NO_IRQ,OK,NO_IRQ,NO_IRQ","NONE,DELTA,NONE,NONE",
12.310174,2026-09-01T21:13:09.501+01:00,564180,1565557,256,256,True,True,0x02,"NO_IRQ,OK,NO_IRQ,NO_IRQ","NONE,DELTA,NONE,NONE",
12.315181,2026-09-01T21:13:09.508+01:00,564436,1565558,266,266,True,True,0x02,"NO_IRQ,OK,NO_IRQ,NO_IRQ","NONE,DELTA,NONE,NONE",
12.319196,2026-09-01T21:13:09.513+01:00,564702,1565559,296,296,True,True,0x02,"NO_IRQ,OK,NO_IRQ,NO_IRQ","NONE,DELTA,NONE,NONE",
12.326363,2026-09-01T21:13:09.517+01:00,564998,1565560,216,216,True,True,0x02,"NO_IRQ,OK,NO_IRQ,NO_IRQ","NONE,DELTA,NONE,NONE",
12.329124,2026-09-01T21:13:09.524+01:00,565214,1565561,240,240,True,True,0x02,"NO_IRQ,OK,NO_IRQ,NO_IRQ","NONE,DELTA,NONE,NONE",
12.333954,2026-09-01T21:13:09.527+01:00,565454,1565562,220,220,True,True,0x02,"NO_IRQ,OK,NO_IRQ,NO_IRQ","NONE,DELTA,NONE,NONE",
12.343057,2026-09-01T21:13:09.532+01:00,565674,1565563,236,236,True,True,0x02,"NO_IRQ,OK,NO_IRQ,NO_IRQ","NONE,DELTA,NONE,NONE",
12.344040,2026-09-01T21:13:09.541+01:00,565910,1565564,254,254,True,True,0x02,"NO_IRQ,OK,NO_IRQ,NO_IRQ","NONE,DELTA,NONE,NONE",
12.349206,2026-09-01T21:13:09.542+01:00,566164,1565565,230,230,True,True,0x02,"NO_IRQ,OK,NO_IRQ,NO_IRQ","NONE,DELTA,NONE,NONE",
12.357778,2026-09-01T21:13:09.547+01:00,566394,1565566,224,224,True,True,0x02,"NO_IRQ,OK,NO_IRQ,NO_IRQ","NONE,DELTA,NONE,NONE",
12.361624,2026-09-01T21:13:09.555+01:00,566618,1565567,238,238,True,True,0x02,"NO_IRQ,OK,NO_IRQ,NO_IRQ","NONE,DELTA,NONE,NONE",
12.364505,2026-09-01T21:13:09.559+01:00,566856,1565568,210,210,True,True,0x02,"NO_IRQ,OK,NO_IRQ,NO_IRQ","NONE,DELTA,NONE,NONE",
12.369096,2026-09-01T21:13:09.562+01:00,567066,1565569,208,208,True,True,0x02,"NO_IRQ,OK,NO_IRQ,NO_IRQ","NONE,DELTA,NONE,NONE",
12.377381,2026-09-01T21:13:09.567+01:00,567274,1565570,212,212,True,True,0x02,"NO_IRQ,OK,NO_IRQ,NO_IRQ","NONE,DELTA,NONE,NONE",
12.378744,2026-09-01T21:13:09.575+01:00,567486,1565571,212,212,True,True,0x02,"NO_IRQ,OK,NO_IRQ,NO_IRQ","NONE,DELTA,NONE,NONE",
12.384221,2026-09-01T21:13:09.576+01:00,567698,1565572,200,200,True,True,0x02,"NO_IRQ,OK,NO_IRQ,NO_IRQ","NONE,DELTA,NONE,NONE",
12.389491,2026-09-01T21:13:09.582+01:00,567898,1565573,196,196,True,True,0x02,"NO_IRQ,OK,NO_IRQ,NO_IRQ","NONE,DELTA,NONE,NONE",
12.394152,2026-09-01T21:13:09.587+01:00,568094,1565574,202,202,True,True,0x02,"NO_IRQ,OK,NO_IRQ,NO_IRQ","NONE,DELTA,NONE,NONE",
12.399040,2026-09-01T21:13:09.592+01:00,568296,1565575,174,174,True,True,0x02,"NO_IRQ,OK,NO_IRQ,NO_IRQ","NONE,DELTA,NONE,NONE",
12.404013,2026-09-01T21:13:09.597+01:00,568470,1565576,224,224,True,True,0x02,"NO_IRQ,OK,NO_IRQ,NO_IRQ","NONE,DELTA,NONE,NONE",
12.418309,2026-09-01T21:13:09.602+01:00,568694,1565577,208,208,True,True,0x02,"NO_IRQ,OK,NO_IRQ,NO_IRQ","NONE,DELTA,NONE,NONE",
12.419049,2026-09-01T21:13:09.616+01:00,568902,1565578,190,190,True,True,0x02,"NO_IRQ,OK,NO_IRQ,NO_IRQ","NONE,DELTA,NONE,NONE",
12.419667,2026-09-01T21:13:09.617+01:00,569092,1565579,212,212,True,True,0x02,"NO_IRQ,OK,NO_IRQ,NO_IRQ","NONE,DELTA,NONE,NONE",
12.423997,2026-09-01T21:13:09.617+01:00,569304,1565580,192,192,True,True,0x02,"NO_IRQ,OK,NO_IRQ,NO_IRQ","NONE,DELTA,NONE,NONE",
12.430292,2026-09-01T21:13:09.622+01:00,569496,1565581,200,200,True,True,0x02,"NO_IRQ,OK,NO_IRQ,NO_IRQ","NONE,DELTA,NONE,NONE",
12.434919,2026-09-01T21:13:09.628+01:00,569696,1565582,158,158,True,True,0x02,"NO_IRQ,OK,NO_IRQ,NO_IRQ","NONE,DELTA,NONE,NONE",
12.438931,2026-09-01T21:13:09.632+01:00,569854,1565583,194,194,True,True,0x02,"NO_IRQ,OK,NO_IRQ,NO_IRQ","NONE,DELTA,NONE,NONE",
12.443739,2026-09-01T21:13:09.636+01:00,570048,1565584,190,190,True,True,0x02,"NO_IRQ,OK,NO_IRQ,NO_IRQ","NONE,DELTA,NONE,NONE",
12.450621,2026-09-01T21:13:09.641+01:00,570238,1565585,164,164,True,True,0x02,"NO_IRQ,OK,NO_IRQ,NO_IRQ","NONE,DELTA,NONE,NONE",
12.454066,2026-09-01T21:13:09.648+01:00,570402,1565586,190,190,True,True,0x02,"NO_IRQ,OK,NO_IRQ,NO_IRQ","NONE,DELTA,NONE,NONE",
12.458817,2026-09-01T21:13:09.652+01:00,570592,1565587,196,196,True,True,0x02,"NO_IRQ,OK,NO_IRQ,NO_IRQ","NONE,DELTA,NONE,NONE",
12.467200,2026-09-01T21:13:09.656+01:00,570788,1565588,166,166,True,True,0x02,"NO_IRQ,OK,NO_IRQ,NO_IRQ","NONE,DELTA,NONE,NONE",
12.468575,2026-09-01T21:13:09.665+01:00,570954,1565589,192,192,True,True,0x02,"NO_IRQ,OK,NO_IRQ,NO_IRQ","NONE,DELTA,NONE,NONE",
12.473928,2026-09-01T21:13:09.666+01:00,571146,1565590,188,188,True,True,0x02,"NO_IRQ,OK,NO_IRQ,NO_IRQ","NONE,DELTA,NONE,NONE",
12.483463,2026-09-01T21:13:09.671+01:00,571334,1565591,204,204,True,True,0x02,"NO_IRQ,OK,NO_IRQ,NO_IRQ","NONE,DELTA,NONE,NONE",
12.484124,2026-09-01T21:13:09.681+01:00,571538,1565592,204,204,True,True,0x02,"NO_IRQ,OK,NO_IRQ,NO_IRQ","NONE,DELTA,NONE,NONE",
12.489039,2026-09-01T21:13:09.682+01:00,571742,1565593,204,204,True,True,0x02,"NO_IRQ,OK,NO_IRQ,NO_IRQ","NONE,DELTA,NONE,NONE",
12.499736,2026-09-01T21:13:09.687+01:00,571946,1565594,190,190,True,True,0x02,"NO_IRQ,OK,NO_IRQ,NO_IRQ","NONE,DELTA,NONE,NONE",
12.500084,2026-09-01T21:13:09.697+01:00,572136,1565595,206,206,True,True,0x02,"NO_IRQ,OK,NO_IRQ,NO_IRQ","NONE,DELTA,NONE,NONE",
12.503714,2026-09-01T21:13:09.698+01:00,572342,1565596,184,184,True,True,0x02,"NO_IRQ,OK,NO_IRQ,NO_IRQ","NONE,DELTA,NONE,NONE",
12.508665,2026-09-01T21:13:09.701+01:00,572526,1565597,202,202,True,True,0x02,"NO_IRQ,OK,NO_IRQ,NO_IRQ","NONE,DELTA,NONE,NONE",
12.516800,2026-09-01T21:13:09.706+01:00,572728,1565598,222,222,True,True,0x02,"NO_IRQ,OK,NO_IRQ,NO_IRQ","NONE,DELTA,NONE,NONE",
12.519015,2026-09-01T21:13:09.714+01:00,572950,1565599,234,234,True,True,0x02,"NO_IRQ,OK,NO_IRQ,NO_IRQ","NONE,DELTA,NONE,NONE",
12.523817,2026-09-01T21:13:09.717+01:00,573184,1565600,204,204,True,True,0x02,"NO_IRQ,OK,NO_IRQ,NO_IRQ","NONE,DELTA,NONE,NONE",
12.532762,2026-09-01T21:13:09.721+01:00,573388,1565601,228,228,True,True,0x02,"NO_IRQ,OK,NO_IRQ,NO_IRQ","NONE,DELTA,NONE,NONE",
12.533445,2026-09-01T21:13:09.730+01:00,573616,1565602,218,218,True,True,0x02,"NO_IRQ,OK,NO_IRQ,NO_IRQ","NONE,DELTA,NONE,NONE",
12.538542,2026-09-01T21:13:09.731+01:00,573834,1565603,220,220,True,True,0x02,"NO_IRQ,OK,NO_IRQ,NO_IRQ","NONE,DELTA,NONE,NONE",
12.543406,2026-09-01T21:13:09.736+01:00,574054,1565604,184,184,True,True,0x02,"NO_IRQ,OK,NO_IRQ,NO_IRQ","NONE,DELTA,NONE,NONE",
12.548511,2026-09-01T21:13:09.741+01:00,574238,1565605,194,194,True,True,0x02,"NO_IRQ,OK,NO_IRQ,NO_IRQ","NONE,DELTA,NONE,NONE",
12.553440,2026-09-01T21:13:09.746+01:00,574432,1565606,194,194,True,True,0x02,"NO_IRQ,OK,NO_IRQ,NO_IRQ","NONE,DELTA,NONE,NONE",
12.558484,2026-09-01T21:13:09.751+01:00,574626,1565607,216,216,True,True,0x02,"NO_IRQ,OK,NO_IRQ,NO_IRQ","NONE,DELTA,NONE,NONE",
12.571066,2026-09-01T21:13:09.756+01:00,574842,1565608,222,222,True,True,0x02,"NO_IRQ,OK,NO_IRQ,NO_IRQ","NONE,DELTA,NONE,NONE",
12.571506,2026-09-01T21:13:09.769+01:00,575064,1565609,204,204,True,True,0x02,"NO_IRQ,OK,NO_IRQ,NO_IRQ","NONE,DELTA,NONE,NONE",
12.584560,2026-09-01T21:13:09.769+01:00,575268,1565610,204,204,True,True,0x02,"NO_IRQ,OK,NO_IRQ,NO_IRQ","NONE,DELTA,NONE,NONE",
12.585166,2026-09-01T21:13:09.782+01:00,575472,1565611,190,190,True,True,0x02,"NO_IRQ,OK,NO_IRQ,NO_IRQ","NONE,DELTA,NONE,NONE",
12.585801,2026-09-01T21:13:09.783+01:00,575662,1565612,180,180,True,True,0x02,"NO_IRQ,OK,NO_IRQ,NO_IRQ","NONE,DELTA,NONE,NONE",
12.588760,2026-09-01T21:13:09.783+01:00,575842,1565613,180,180,True,True,0x02,"NO_IRQ,OK,NO_IRQ,NO_IRQ","NONE,DELTA,NONE,NONE",
12.593552,2026-09-01T21:13:09.786+01:00,576022,1565614,216,216,True,True,0x02,"NO_IRQ,OK,NO_IRQ,NO_IRQ","NONE,DELTA,NONE,NONE",
12.602045,2026-09-01T21:13:09.791+01:00,576238,1565615,196,196,True,True,0x02,"NO_IRQ,OK,NO_IRQ,NO_IRQ","NONE,DELTA,NONE,NONE",
12.603425,2026-09-01T21:13:09.800+01:00,576434,1565616,174,174,True,True,0x02,"NO_IRQ,OK,NO_IRQ,NO_IRQ","NONE,DELTA,NONE,NONE",
12.608435,2026-09-01T21:13:09.801+01:00,576608,1565617,196,196,True,True,0x02,"NO_IRQ,OK,NO_IRQ,NO_IRQ","NONE,DELTA,NONE,NONE",
12.615470,2026-09-01T21:13:09.806+01:00,576804,1565618,202,202,True,True,0x02,"NO_IRQ,OK,NO_IRQ,NO_IRQ","NONE,DELTA,NONE,NONE",
12.618791,2026-09-01T21:13:09.813+01:00,577006,1565619,188,188,True,True,0x02,"NO_IRQ,OK,NO_IRQ,NO_IRQ","NONE,DELTA,NONE,NONE",
12.624309,2026-09-01T21:13:09.816+01:00,577194,1565620,190,190,True,True,0x02,"NO_IRQ,OK,NO_IRQ,NO_IRQ","NONE,DELTA,NONE,NONE",
12.628428,2026-09-01T21:13:09.822+01:00,577384,1565621,176,176,True,True,0x02,"NO_IRQ,OK,NO_IRQ,NO_IRQ","NONE,DELTA,NONE,NONE",
12.635761,2026-09-01T21:13:09.826+01:00,577560,1565622,186,186,True,True,0x02,"NO_IRQ,OK,NO_IRQ,NO_IRQ","NONE,DELTA,NONE,NONE",
12.638629,2026-09-01T21:13:09.833+01:00,577746,1565623,184,184,True,True,0x02,"NO_IRQ,OK,NO_IRQ,NO_IRQ","NONE,DELTA,NONE,NONE",
12.643785,2026-09-01T21:13:09.836+01:00,577930,1565624,210,210,True,True,0x02,"NO_IRQ,OK,NO_IRQ,NO_IRQ","NONE,DELTA,NONE,NONE",
12.648554,2026-09-01T21:13:09.841+01:00,578140,1565625,224,224,True,True,0x02,"NO_IRQ,OK,NO_IRQ,NO_IRQ","NONE,DELTA,NONE,NONE",
12.653472,2026-09-01T21:13:09.847+01:00,578364,1565626,214,214,True,True,0x02,"NO_IRQ,OK,NO_IRQ,NO_IRQ","NONE,DELTA,NONE,NONE",
12.658821,2026-09-01T21:13:09.851+01:00,578578,1565627,186,186,True,True,0x02,"NO_IRQ,OK,NO_IRQ,NO_IRQ","NONE,DELTA,NONE,NONE",
12.668684,2026-09-01T21:13:09.856+01:00,578764,1565628,188,188,True,True,0x02,"NO_IRQ,OK,NO_IRQ,NO_IRQ","NONE,DELTA,NONE,NONE",
12.669628,2026-09-01T21:13:09.866+01:00,578952,1565629,216,216,True,True,0x02,"NO_IRQ,OK,NO_IRQ,NO_IRQ","NONE,DELTA,NONE,NONE",
12.673475,2026-09-01T21:13:09.867+01:00,579168,1565630,160,160,True,True,0x02,"NO_IRQ,OK,NO_IRQ,NO_IRQ","NONE,DELTA,NONE,NONE",
12.678233,2026-09-01T21:13:09.871+01:00,579328,1565631,194,194,True,True,0x02,"NO_IRQ,OK,NO_IRQ,NO_IRQ","NONE,DELTA,NONE,NONE",
12.684652,2026-09-01T21:13:09.876+01:00,579522,1565632,172,172,True,True,0x02,"NO_IRQ,OK,NO_IRQ,NO_IRQ","NONE,DELTA,NONE,NONE",
12.688809,2026-09-01T21:13:09.882+01:00,579694,1565633,186,186,True,True,0x02,"NO_IRQ,OK,NO_IRQ,NO_IRQ","NONE,DELTA,NONE,NONE",
12.693352,2026-09-01T21:13:09.886+01:00,579880,1565634,220,220,True,True,0x02,"NO_IRQ,OK,NO_IRQ,NO_IRQ","NONE,DELTA,NONE,NONE",
12.700849,2026-09-01T21:13:09.891+01:00,580100,1565635,202,202,True,True,0x02,"NO_IRQ,OK,NO_IRQ,NO_IRQ","NONE,DELTA,NONE,NONE",
12.703395,2026-09-01T21:13:09.898+01:00,580302,1565636,182,182,True,True,0x02,"NO_IRQ,OK,NO_IRQ,NO_IRQ","NONE,DELTA,NONE,NONE",
12.708292,2026-09-01T21:13:09.901+01:00,580484,1565637,224,224,True,True,0x02,"NO_IRQ,OK,NO_IRQ,NO_IRQ","NONE,DELTA,NONE,NONE",
12.714475,2026-09-01T21:13:09.906+01:00,580708,1565638,202,202,True,True,0x02,"NO_IRQ,OK,NO_IRQ,NO_IRQ","NONE,DELTA,NONE,NONE",
12.719195,2026-09-01T21:13:09.912+01:00,580910,1565639,168,168,True,True,0x02,"NO_IRQ,OK,NO_IRQ,NO_IRQ","NONE,DELTA,NONE,NONE",
12.723129,2026-09-01T21:13:09.917+01:00,581078,1565640,180,180,True,True,0x02,"NO_IRQ,OK,NO_IRQ,NO_IRQ","NONE,DELTA,NONE,NONE",
12.728087,2026-09-01T21:13:09.921+01:00,581258,1565641,182,182,True,True,0x02,"NO_IRQ,OK,NO_IRQ,NO_IRQ","NONE,DELTA,NONE,NONE",
12.741248,2026-09-01T21:13:09.926+01:00,581440,1565642,200,200,True,True,0x02,"NO_IRQ,OK,NO_IRQ,NO_IRQ","NONE,DELTA,NONE,NONE",
12.741982,2026-09-01T21:13:09.939+01:00,581640,1565643,238,238,True,True,0x02,"NO_IRQ,OK,NO_IRQ,NO_IRQ","NONE,DELTA,NONE,NONE",
12.743085,2026-09-01T21:13:09.940+01:00,581878,1565644,200,200,True,True,0x02,"NO_IRQ,OK,NO_IRQ,NO_IRQ","NONE,DELTA,NONE,NONE",
12.748105,2026-09-01T21:13:09.941+01:00,582078,1565645,208,208,True,True,0x02,"NO_IRQ,OK,NO_IRQ,NO_IRQ","NONE,DELTA,NONE,NONE",
12.758216,2026-09-01T21:13:09.946+01:00,582286,1565646,190,190,True,True,0x02,"NO_IRQ,OK,NO_IRQ,NO_IRQ","NONE,DELTA,NONE,NONE",
12.758821,2026-09-01T21:13:09.956+01:00,582476,1565647,200,200,True,True,0x02,"NO_IRQ,OK,NO_IRQ,NO_IRQ","NONE,DELTA,NONE,NONE",
12.763258,2026-09-01T21:13:09.956+01:00,582676,1565648,198,198,True,True,0x02,"NO_IRQ,OK,NO_IRQ,NO_IRQ","NONE,DELTA,NONE,NONE",
12.773835,2026-09-01T21:13:09.961+01:00,582874,1565649,166,166,True,True,0x02,"NO_IRQ,OK,NO_IRQ,NO_IRQ","NONE,DELTA,NONE,NONE",
12.774500,2026-09-01T21:13:09.971+01:00,583040,1565650,188,188,True,True,0x02,"NO_IRQ,OK,NO_IRQ,NO_IRQ","NONE,DELTA,NONE,NONE",
12.778313,2026-09-01T21:13:09.972+01:00,583228,1565651,186,186,True,True,0x02,"NO_IRQ,OK,NO_IRQ,NO_IRQ","NONE,DELTA,NONE,NONE",
12.783390,2026-09-01T21:13:09.976+01:00,583414,1565652,198,198,True,True,0x02,"NO_IRQ,OK,NO_IRQ,NO_IRQ","NONE,DELTA,NONE,NONE",
12.789952,2026-09-01T21:13:09.981+01:00,583612,1565653,168,168,True,True,0x02,"NO_IRQ,OK,NO_IRQ,NO_IRQ","NONE,DELTA,NONE,NONE",
12.793360,2026-09-01T21:13:09.987+01:00,583780,1565654,204,204,True,True,0x02,"NO_IRQ,OK,NO_IRQ,NO_IRQ","NONE,DELTA,NONE,NONE",
12.798480,2026-09-01T21:13:09.991+01:00,583984,1565655,188,188,True,True,0x02,"NO_IRQ,OK,NO_IRQ,NO_IRQ","NONE,DELTA,NONE,NONE",
12.805976,2026-09-01T21:13:09.996+01:00,584172,1565656,184,184,True,True,0x02,"NO_IRQ,OK,NO_IRQ,NO_IRQ","NONE,DELTA,NONE,NONE",
12.810037,2026-09-01T21:13:10.004+01:00,584356,1565657,186,186,True,True,0x02,"NO_IRQ,OK,NO_IRQ,NO_IRQ","NONE,DELTA,NONE,NONE",
12.813355,2026-09-01T21:13:10.008+01:00,584542,1565658,210,210,True,True,0x02,"NO_IRQ,OK,NO_IRQ,NO_IRQ","NONE,DELTA,NONE,NONE",
12.823671,2026-09-01T21:13:10.011+01:00,584752,1565659,180,180,True,True,0x02,"NO_IRQ,OK,NO_IRQ,NO_IRQ","NONE,DELTA,NONE,NONE",
12.824630,2026-09-01T21:13:10.021+01:00,584932,1565660,186,186,True,True,0x02,"NO_IRQ,OK,NO_IRQ,NO_IRQ","NONE,DELTA,NONE,NONE",
12.828326,2026-09-01T21:13:10.022+01:00,585118,1565661,190,190,True,True,0x02,"NO_IRQ,OK,NO_IRQ,NO_IRQ","NONE,DELTA,NONE,NONE",
12.833036,2026-09-01T21:13:10.026+01:00,585308,1565662,190,190,True,True,0x02,"NO_IRQ,OK,NO_IRQ,NO_IRQ","NONE,DELTA,NONE,NONE",
12.839599,2026-09-01T21:13:10.031+01:00,585498,1565663,188,188,True,True,0x02,"NO_IRQ,OK,NO_IRQ,NO_IRQ","NONE,DELTA,NONE,NONE",
12.843268,2026-09-01T21:13:10.037+01:00,585686,1565664,214,214,True,True,0x02,"NO_IRQ,OK,NO_IRQ,NO_IRQ","NONE,DELTA,NONE,NONE",
12.848704,2026-09-01T21:13:10.041+01:00,585900,1565665,186,186,True,True,0x02,"NO_IRQ,OK,NO_IRQ,NO_IRQ","NONE,DELTA,NONE,NONE",
12.855821,2026-09-01T21:13:10.046+01:00,586086,1565666,206,206,True,True,0x02,"NO_IRQ,OK,NO_IRQ,NO_IRQ","NONE,DELTA,NONE,NONE",
12.858044,2026-09-01T21:13:10.053+01:00,586292,1565667,186,186,True,True,0x02,"NO_IRQ,OK,NO_IRQ,NO_IRQ","NONE,DELTA,NONE,NONE",
12.862886,2026-09-01T21:13:10.055+01:00,586478,1565668,192,192,True,True,0x02,"NO_IRQ,OK,NO_IRQ,NO_IRQ","NONE,DELTA,NONE,NONE",
12.868129,2026-09-01T21:13:10.060+01:00,586670,1565669,200,200,True,True,0x02,"NO_IRQ,OK,NO_IRQ,NO_IRQ","NONE,DELTA,NONE,NONE",
12.874138,2026-09-01T21:13:10.066+01:00,586870,1565670,1084,1084,True,True,0x02,"NO_IRQ,OK,NO_IRQ,NO_IRQ","NONE,DELTA_SYNC,NONE,NONE",
12.877849,2026-09-01T21:13:10.072+01:00,587954,1565671,254,254,True,True,0x02,"NO_IRQ,OK,NO_IRQ,NO_IRQ","NONE,DELTA,NONE,NONE",
12.882994,2026-09-01T21:13:10.075+01:00,588208,1565672,252,252,True,True,0x02,"NO_IRQ,OK,NO_IRQ,NO_IRQ","NONE,DELTA,NONE,NONE",
12.891806,2026-09-01T21:13:10.080+01:00,588460,1565673,178,178,True,True,0x02,"NO_IRQ,OK,NO_IRQ,NO_IRQ","NONE,DELTA,NONE,NONE",
12.892771,2026-09-01T21:13:10.089+01:00,588638,1565674,176,176,True,True,0x02,"NO_IRQ,OK,NO_IRQ,NO_IRQ","NONE,DELTA,NONE,NONE",
12.905783,2026-09-01T21:13:10.090+01:00,588814,1565675,188,188,True,True,0x02,"NO_IRQ,OK,NO_IRQ,NO_IRQ","NONE,DELTA,NONE,NONE",
12.906444,2026-09-01T21:13:10.103+01:00,589002,1565676,174,174,True,True,0x02,"NO_IRQ,OK,NO_IRQ,NO_IRQ","NONE,DELTA,NONE,NONE",
12.908083,2026-09-01T21:13:10.104+01:00,589176,1565677,174,174,True,True,0x02,"NO_IRQ,OK,NO_IRQ,NO_IRQ","NONE,DELTA,NONE,NONE",
12.912925,2026-09-01T21:13:10.106+01:00,589350,1565678,150,150,True,True,0x02,"NO_IRQ,OK,NO_IRQ,NO_IRQ","NONE,DELTA,NONE,NONE",
12.922508,2026-09-01T21:13:10.111+01:00,589500,1565679,172,172,True,True,0x02,"NO_IRQ,OK,NO_IRQ,NO_IRQ","NONE,DELTA,NONE,NONE",
12.923380,2026-09-01T21:13:10.120+01:00,589672,1565680,192,192,True,True,0x02,"NO_IRQ,OK,NO_IRQ,NO_IRQ","NONE,DELTA,NONE,NONE",
12.928053,2026-09-01T21:13:10.121+01:00,589864,1565681,204,204,True,True,0x02,"NO_IRQ,OK,NO_IRQ,NO_IRQ","NONE,DELTA,NONE,NONE",
12.939000,2026-09-01T21:13:10.126+01:00,590068,1565682,188,188,True,True,0x02,"NO_IRQ,OK,NO_IRQ,NO_IRQ","NONE,DELTA,NONE,NONE",
12.939642,2026-09-01T21:13:10.137+01:00,590256,1565683,160,160,True,True,0x02,"NO_IRQ,OK,NO_IRQ,NO_IRQ","NONE,DELTA,NONE,NONE",
12.942848,2026-09-01T21:13:10.137+01:00,590416,1565684,192,192,True,True,0x02,"NO_IRQ,OK,NO_IRQ,NO_IRQ","NONE,DELTA,NONE,NONE",
12.948217,2026-09-01T21:13:10.140+01:00,590608,1565685,208,208,True,True,0x02,"NO_IRQ,OK,NO_IRQ,NO_IRQ","NONE,DELTA,NONE,NONE",
12.955229,2026-09-01T21:13:10.146+01:00,590816,1565686,202,202,True,True,0x02,"NO_IRQ,OK,NO_IRQ,NO_IRQ","NONE,DELTA,NONE,NONE",
12.957710,2026-09-01T21:13:10.153+01:00,591018,1565687,168,168,True,True,0x02,"NO_IRQ,OK,NO_IRQ,NO_IRQ","NONE,DELTA,NONE,NONE",
12.962778,2026-09-01T21:13:10.155+01:00,591186,1565688,178,178,True,True,0x02,"NO_IRQ,OK,NO_IRQ,NO_IRQ","NONE,DELTA,NONE,NONE",
12.970703,2026-09-01T21:13:10.160+01:00,591364,1565689,190,190,True,True,0x02,"NO_IRQ,OK,NO_IRQ,NO_IRQ","NONE,DELTA,NONE,NONE",
12.972672,2026-09-01T21:13:10.168+01:00,591554,1565690,198,198,True,True,0x02,"NO_IRQ,OK,NO_IRQ,NO_IRQ","NONE,DELTA,NONE,NONE",
12.977659,2026-09-01T21:13:10.170+01:00,591752,1565691,198,198,True,True,0x02,"NO_IRQ,OK,NO_IRQ,NO_IRQ","NONE,DELTA,NONE,NONE",
12.986404,2026-09-01T21:13:10.175+01:00,591950,1565692,182,182,True,True,0x02,"NO_IRQ,OK,NO_IRQ,NO_IRQ","NONE,DELTA,NONE,NONE",
12.988489,2026-09-01T21:13:10.184+01:00,592132,1565693,158,158,True,True,0x02,"NO_IRQ,OK,NO_IRQ,NO_IRQ","NONE,DELTA,NONE,NONE",
12.992825,2026-09-01T21:13:10.186+01:00,592290,1565694,192,192,True,True,0x02,"NO_IRQ,OK,NO_IRQ,NO_IRQ","NONE,DELTA,NONE,NONE",
13.003007,2026-09-01T21:13:10.190+01:00,592482,1565695,202,202,True,True,0x02,"NO_IRQ,OK,NO_IRQ,NO_IRQ","NONE,DELTA,NONE,NONE",
13.003973,2026-09-01T21:13:10.201+01:00,592684,1565696,154,154,True,True,0x02,"NO_IRQ,OK,NO_IRQ,NO_IRQ","NONE,DELTA,NONE,NONE",
13.008048,2026-09-01T21:13:10.202+01:00,592838,1565697,202,202,True,True,0x02,"NO_IRQ,OK,NO_IRQ,NO_IRQ","NONE,DELTA,NONE,NONE",
13.012837,2026-09-01T21:13:10.206+01:00,593040,1565698,182,182,True,True,0x02,"NO_IRQ,OK,NO_IRQ,NO_IRQ","NONE,DELTA,NONE,NONE",
13.021565,2026-09-01T21:13:10.210+01:00,593222,1565699,178,178,True,True,0x02,"NO_IRQ,OK,NO_IRQ,NO_IRQ","NONE,DELTA,NONE,NONE",
13.022800,2026-09-01T21:13:10.219+01:00,593400,1565700,200,200,True,True,0x02,"NO_IRQ,OK,NO_IRQ,NO_IRQ","NONE,DELTA,NONE,NONE",
13.027785,2026-09-01T21:13:10.220+01:00,593600,1565701,216,216,True,True,0x02,"NO_IRQ,OK,NO_IRQ,NO_IRQ","NONE,DELTA,NONE,NONE",
13.033580,2026-09-01T21:13:10.225+01:00,593816,1565702,160,160,True,True,0x02,"NO_IRQ,OK,NO_IRQ,NO_IRQ","NONE,DELTA,NONE,NONE",
13.038246,2026-09-01T21:13:10.231+01:00,593976,1565703,182,182,True,True,0x02,"NO_IRQ,OK,NO_IRQ,NO_IRQ","NONE,DELTA,NONE,NONE",
13.042545,2026-09-01T21:13:10.236+01:00,594158,1565704,180,180,True,True,0x02,"NO_IRQ,OK,NO_IRQ,NO_IRQ","NONE,DELTA,NONE,NONE",
13.047817,2026-09-01T21:13:10.240+01:00,594338,1565705,190,190,True,True,0x02,"NO_IRQ,OK,NO_IRQ,NO_IRQ","NONE,DELTA,NONE,NONE",
13.062138,2026-09-01T21:13:10.245+01:00,594528,1565706,168,168,True,True,0x02,"NO_IRQ,OK,NO_IRQ,NO_IRQ","NONE,DELTA,NONE,NONE",
13.062944,2026-09-01T21:13:10.260+01:00,594696,1565707,178,178,True,True,0x02,"NO_IRQ,OK,NO_IRQ,NO_IRQ","NONE,DELTA,NONE,NONE",
13.063610,2026-09-01T21:13:10.260+01:00,594874,1565708,188,188,True,True,0x02,"NO_IRQ,OK,NO_IRQ,NO_IRQ","NONE,DELTA,NONE,NONE",
13.068009,2026-09-01T21:13:10.261+01:00,595062,1565709,196,196,True,True,0x02,"NO_IRQ,OK,NO_IRQ,NO_IRQ","NONE,DELTA,NONE,NONE",
13.072542,2026-09-01T21:13:10.266+01:00,595258,1565710,198,198,True,True,0x02,"NO_IRQ,OK,NO_IRQ,NO_IRQ","NONE,DELTA,NONE,NONE",
13.079913,2026-09-01T21:13:10.270+01:00,595456,1565711,206,206,True,True,0x02,"NO_IRQ,OK,NO_IRQ,NO_IRQ","NONE,DELTA,NONE,NONE",
13.082812,2026-09-01T21:13:10.278+01:00,595662,1565712,202,202,True,True,0x02,"NO_IRQ,OK,NO_IRQ,NO_IRQ","NONE,DELTA,NONE,NONE",
13.087669,2026-09-01T21:13:10.280+01:00,595864,1565713,198,198,True,True,0x02,"NO_IRQ,OK,NO_IRQ,NO_IRQ","NONE,DELTA,NONE,NONE",
13.095923,2026-09-01T21:13:10.285+01:00,596062,1565714,160,160,True,True,0x02,"NO_IRQ,OK,NO_IRQ,NO_IRQ","NONE,DELTA,NONE,NONE",
13.097713,2026-09-01T21:13:10.293+01:00,596222,1565715,192,192,True,True,0x02,"NO_IRQ,OK,NO_IRQ,NO_IRQ","NONE,DELTA,NONE,NONE",
13.102611,2026-09-01T21:13:10.295+01:00,596414,1565716,186,186,True,True,0x02,"NO_IRQ,OK,NO_IRQ,NO_IRQ","NONE,DELTA,NONE,NONE",
13.112457,2026-09-01T21:13:10.300+01:00,596600,1565717,198,198,True,True,0x02,"NO_IRQ,OK,NO_IRQ,NO_IRQ","NONE,DELTA,NONE,NONE",
13.113077,2026-09-01T21:13:10.310+01:00,596798,1565718,204,204,True,True,0x02,"NO_IRQ,OK,NO_IRQ,NO_IRQ","NONE,DELTA,NONE,NONE",
13.117667,2026-09-01T21:13:10.311+01:00,597002,1565719,186,186,True,True,0x02,"NO_IRQ,OK,NO_IRQ,NO_IRQ","NONE,DELTA,NONE,NONE",
13.122338,2026-09-01T21:13:10.315+01:00,597188,1565720,188,188,True,True,0x02,"NO_IRQ,OK,NO_IRQ,NO_IRQ","NONE,DELTA,NONE,NONE",
13.128652,2026-09-01T21:13:10.320+01:00,597376,1565721,148,148,True,True,0x02,"NO_IRQ,OK,NO_IRQ,NO_IRQ","NONE,DELTA,NONE,NONE",
13.132833,2026-09-01T21:13:10.326+01:00,597524,1565722,222,222,True,True,0x02,"NO_IRQ,OK,NO_IRQ,NO_IRQ","NONE,DELTA,NONE,NONE",
13.137778,2026-09-01T21:13:10.330+01:00,597746,1565723,386,386,True,True,0x02,"NO_IRQ,OK,NO_IRQ,NO_IRQ","NONE,DELTA,NONE,NONE",
13.144458,2026-09-01T21:13:10.335+01:00,598132,1565724,396,396,True,True,0x02,"NO_IRQ,OK,NO_IRQ,NO_IRQ","NONE,DELTA,NONE,NONE",
13.148209,2026-09-01T21:13:10.342+01:00,598528,1565725,406,406,True,True,0x02,"NO_IRQ,OK,NO_IRQ,NO_IRQ","NONE,DELTA,NONE,NONE",
13.152903,2026-09-01T21:13:10.346+01:00,598934,1565726,414,414,True,True,0x02,"NO_IRQ,OK,NO_IRQ,NO_IRQ","NONE,DELTA,NONE,NONE",
13.160312,2026-09-01T21:13:10.350+01:00,599348,1565727,420,420,True,True,0x02,"NO_IRQ,OK,NO_IRQ,NO_IRQ","NONE,DELTA,NONE,NONE",
13.162854,2026-09-01T21:13:10.358+01:00,599768,1565728,372,372,True,True,0x02,"NO_IRQ,OK,NO_IRQ,NO_IRQ","NONE,DELTA,NONE,NONE",
13.167932,2026-09-01T21:13:10.360+01:00,600140,1565729,384,384,True,True,0x02,"NO_IRQ,OK,NO_IRQ,NO_IRQ","NONE,DELTA,NONE,NONE",
13.177030,2026-09-01T21:13:10.365+01:00,600524,1565730,376,376,True,True,0x02,"NO_IRQ,OK,NO_IRQ,NO_IRQ","NONE,DELTA,NONE,NONE",
13.178060,2026-09-01T21:13:10.375+01:00,600900,1565731,430,430,True,True,0x02,"NO_IRQ,OK,NO_IRQ,NO_IRQ","NONE,DELTA,NONE,NONE",
13.182800,2026-09-01T21:13:10.376+01:00,601330,1565732,412,412,True,True,0x02,"NO_IRQ,OK,NO_IRQ,NO_IRQ","NONE,DELTA,NONE,NONE",
13.188687,2026-09-01T21:13:10.381+01:00,601742,1565733,456,456,True,True,0x02,"NO_IRQ,OK,NO_IRQ,NO_IRQ","NONE,DELTA,NONE,NONE",
13.192826,2026-09-01T21:13:10.386+01:00,602198,1565734,374,374,True,True,0x02,"NO_IRQ,OK,NO_IRQ,NO_IRQ","NONE,DELTA,NONE,NONE",
13.197755,2026-09-01T21:13:10.390+01:00,602572,1565735,430,430,True,True,0x02,"NO_IRQ,OK,NO_IRQ,NO_IRQ","NONE,DELTA,NONE,NONE",
13.202618,2026-09-01T21:13:10.395+01:00,603002,1565736,428,428,True,True,0x02,"NO_IRQ,OK,NO_IRQ,NO_IRQ","NONE,DELTA,NONE,NONE",
13.214582,2026-09-01T21:13:10.400+01:00,603430,1565737,392,392,True,True,0x02,"NO_IRQ,OK,NO_IRQ,NO_IRQ","NONE,DELTA,NONE,NONE",
13.215066,2026-09-01T21:13:10.412+01:00,603822,1565738,438,438,True,True,0x02,"NO_IRQ,OK,NO_IRQ,NO_IRQ","NONE,DELTA,NONE,NONE",
13.228927,2026-09-01T21:13:10.413+01:00,604260,1565739,422,422,True,True,0x02,"NO_IRQ,OK,NO_IRQ,NO_IRQ","NONE,DELTA,NONE,NONE",
13.229384,2026-09-01T21:13:10.426+01:00,604682,1565740,400,400,True,True,0x02,"NO_IRQ,OK,NO_IRQ,NO_IRQ","NONE,DELTA,NONE,NONE",
13.230051,2026-09-01T21:13:10.427+01:00,605082,1565741,348,348,True,True,0x02,"NO_IRQ,OK,NO_IRQ,NO_IRQ","NONE,DELTA,NONE,NONE",
13.232609,2026-09-01T21:13:10.428+01:00,605430,1565742,314,314,True,True,0x02,"NO_IRQ,OK,NO_IRQ,NO_IRQ","NONE,DELTA,NONE,NONE",
13.237640,2026-09-01T21:13:10.430+01:00,605744,1565743,360,360,True,True,0x02,"NO_IRQ,OK,NO_IRQ,NO_IRQ","NONE,DELTA,NONE,NONE",
13.243461,2026-09-01T21:13:10.435+01:00,606104,1565744,368,368,True,True,0x02,"NO_IRQ,OK,NO_IRQ,NO_IRQ","NONE,DELTA,NONE,NONE",
13.247778,2026-09-01T21:13:10.441+01:00,606472,1565745,340,340,True,True,0x02,"NO_IRQ,OK,NO_IRQ,NO_IRQ","NONE,DELTA,NONE,NONE",
13.252476,2026-09-01T21:13:10.446+01:00,606812,1565746,338,338,True,True,0x02,"NO_IRQ,OK,NO_IRQ,NO_IRQ","NONE,DELTA,NONE,NONE",
13.263136,2026-09-01T21:13:10.450+01:00,607150,1565747,328,328,True,True,0x02,"NO_IRQ,OK,NO_IRQ,NO_IRQ","NONE,DELTA,NONE,NONE",
13.264260,2026-09-01T21:13:10.461+01:00,607478,1565748,330,330,True,True,0x02,"NO_IRQ,OK,NO_IRQ,NO_IRQ","NONE,DELTA,NONE,NONE",
13.267591,2026-09-01T21:13:10.462+01:00,607808,1565749,332,332,True,True,0x02,"NO_IRQ,OK,NO_IRQ,NO_IRQ","NONE,DELTA,NONE,NONE",
13.272692,2026-09-01T21:13:10.465+01:00,608140,1565750,350,350,True,True,0x02,"NO_IRQ,OK,NO_IRQ,NO_IRQ","NONE,DELTA,NONE,NONE",
13.280938,2026-09-01T21:13:10.470+01:00,608490,1565751,328,328,True,True,0x02,"NO_IRQ,OK,NO_IRQ,NO_IRQ","NONE,DELTA,NONE,NONE",
13.282472,2026-09-01T21:13:10.479+01:00,608818,1565752,378,378,True,True,0x02,"NO_IRQ,OK,NO_IRQ,NO_IRQ","NONE,DELTA,NONE,NONE",
13.288040,2026-09-01T21:13:10.480+01:00,609196,1565753,354,354,True,True,0x02,"NO_IRQ,OK,NO_IRQ,NO_IRQ","NONE,DELTA,NONE,NONE",
13.292613,2026-09-01T21:13:10.486+01:00,609550,1565754,280,280,True,True,0x02,"NO_IRQ,OK,NO_IRQ,NO_IRQ","NONE,DELTA,NONE,NONE",
13.297523,2026-09-01T21:13:10.491+01:00,609830,1565755,300,300,True,True,0x02,"NO_IRQ,OK,NO_IRQ,NO_IRQ","NONE,DELTA,NONE,NONE",
13.302220,2026-09-01T21:13:10.495+01:00,610130,1565756,328,328,True,True,0x02,"NO_IRQ,OK,NO_IRQ,NO_IRQ","NONE,DELTA,NONE,NONE",
13.312538,2026-09-01T21:13:10.500+01:00,610458,1565757,336,336,True,True,0x02,"NO_IRQ,OK,NO_IRQ,NO_IRQ","NONE,DELTA,NONE,NONE",
13.312993,2026-09-01T21:13:10.510+01:00,610794,1565758,314,314,True,True,0x02,"NO_IRQ,OK,NO_IRQ,NO_IRQ","NONE,DELTA,NONE,NONE",
13.317624,2026-09-01T21:13:10.510+01:00,611108,1565759,348,348,True,True,0x02,"NO_IRQ,OK,NO_IRQ,NO_IRQ","NONE,DELTA,NONE,NONE",
13.322399,2026-09-01T21:13:10.515+01:00,611456,1565760,350,350,True,True,0x02,"NO_IRQ,OK,NO_IRQ,NO_IRQ","NONE,DELTA,NONE,NONE",
13.329485,2026-09-01T21:13:10.520+01:00,611806,1565761,358,358,True,True,0x02,"NO_IRQ,OK,NO_IRQ,NO_IRQ","NONE,DELTA,NONE,NONE",
13.332887,2026-09-01T21:13:10.527+01:00,612164,1565762,368,368,True,True,0x02,"NO_IRQ,OK,NO_IRQ,NO_IRQ","NONE,DELTA,NONE,NONE",
13.337317,2026-09-01T21:13:10.531+01:00,612532,1565763,350,350,True,True,0x02,"NO_IRQ,OK,NO_IRQ,NO_IRQ","NONE,DELTA,NONE,NONE",
13.345165,2026-09-01T21:13:10.535+01:00,612882,1565764,308,308,True,True,0x02,"NO_IRQ,OK,NO_IRQ,NO_IRQ","NONE,DELTA,NONE,NONE",
13.347553,2026-09-01T21:13:10.543+01:00,613190,1565765,332,332,True,True,0x02,"NO_IRQ,OK,NO_IRQ,NO_IRQ","NONE,DELTA,NONE,NONE",
13.352714,2026-09-01T21:13:10.545+01:00,613522,1565766,308,308,True,True,0x02,"NO_IRQ,OK,NO_IRQ,NO_IRQ","NONE,DELTA,NONE,NONE",
13.357881,2026-09-01T21:13:10.550+01:00,613830,1565767,310,310,True,True,0x02,"NO_IRQ,OK,NO_IRQ,NO_IRQ","NONE,DELTA,NONE,NONE",
13.362366,2026-09-01T21:13:10.555+01:00,614140,1565768,276,276,True,True,0x02,"NO_IRQ,OK,NO_IRQ,NO_IRQ","NONE,DELTA,NONE,NONE",
13.367174,2026-09-01T21:13:10.560+01:00,614416,1565769,292,292,True,True,0x02,"NO_IRQ,OK,NO_IRQ,NO_IRQ","NONE,DELTA,NONE,NONE",
13.372014,2026-09-01T21:13:10.565+01:00,614708,1565770,270,270,True,True,0x02,"NO_IRQ,OK,NO_IRQ,NO_IRQ","NONE,DELTA,NONE,NONE",
13.379726,2026-09-01T21:13:10.569+01:00,614978,1565771,266,266,True,True,0x02,"NO_IRQ,OK,NO_IRQ,NO_IRQ","NONE,DELTA,NONE,NONE",
13.383383,2026-09-01T21:13:10.577+01:00,615244,1565772,272,272,True,True,0x02,"NO_IRQ,OK,NO_IRQ,NO_IRQ","NONE,DELTA,NONE,NONE",
13.387509,2026-09-01T21:13:10.581+01:00,615516,1565773,286,286,True,True,0x02,"NO_IRQ,OK,NO_IRQ,NO_IRQ","NONE,DELTA,NONE,NONE",
13.392313,2026-09-01T21:13:10.585+01:00,615802,1565774,262,262,True,True,0x02,"NO_IRQ,OK,NO_IRQ,NO_IRQ","NONE,DELTA,NONE,NONE",
13.403237,2026-09-01T21:13:10.590+01:00,616064,1565775,328,328,True,True,0x02,"NO_IRQ,OK,NO_IRQ,NO_IRQ","NONE,DELTA,NONE,NONE",
13.404271,2026-09-01T21:13:10.601+01:00,616392,1565776,270,270,True,True,0x02,"NO_IRQ,OK,NO_IRQ,NO_IRQ","NONE,DELTA,NONE,NONE",
13.407294,2026-09-01T21:13:10.602+01:00,616662,1565777,308,308,True,True,0x02,"NO_IRQ,OK,NO_IRQ,NO_IRQ","NONE,DELTA,NONE,NONE",
13.412127,2026-09-01T21:13:10.605+01:00,616970,1565778,342,342,True,True,0x02,"NO_IRQ,OK,NO_IRQ,NO_IRQ","NONE,DELTA,NONE,NONE",
13.419502,2026-09-01T21:13:10.610+01:00,617312,1565779,338,338,True,True,0x02,"NO_IRQ,OK,NO_IRQ,NO_IRQ","NONE,DELTA,NONE,NONE",
13.421971,2026-09-01T21:13:10.617+01:00,617650,1565780,270,270,True,True,0x02,"NO_IRQ,OK,NO_IRQ,NO_IRQ","NONE,DELTA,NONE,NONE",
13.427186,2026-09-01T21:13:10.620+01:00,617920,1565781,314,314,True,True,0x02,"NO_IRQ,OK,NO_IRQ,NO_IRQ","NONE,DELTA,NONE,NONE",
13.436265,2026-09-01T21:13:10.625+01:00,618234,1565782,272,272,True,True,0x02,"NO_IRQ,OK,NO_IRQ,NO_IRQ","NONE,DELTA,NONE,NONE",
13.437131,2026-09-01T21:13:10.634+01:00,618506,1565783,250,250,True,True,0x02,"NO_IRQ,OK,NO_IRQ,NO_IRQ","NONE,DELTA,NONE,NONE",
13.442080,2026-09-01T21:13:10.635+01:00,618756,1565784,210,210,True,True,0x02,"NO_IRQ,OK,NO_IRQ,NO_IRQ","NONE,DELTA,NONE,NONE",
13.451742,2026-09-01T21:13:10.640+01:00,618966,1565785,184,184,True,True,0x02,"NO_IRQ,OK,NO_IRQ,NO_IRQ","NONE,DELTA,NONE,NONE",
13.452366,2026-09-01T21:13:10.649+01:00,619150,1565786,246,246,True,True,0x02,"NO_IRQ,OK,NO_IRQ,NO_IRQ","NONE,DELTA,NONE,NONE",
13.457054,2026-09-01T21:13:10.650+01:00,619396,1565787,236,236,True,True,0x02,"NO_IRQ,OK,NO_IRQ,NO_IRQ","NONE,DELTA,NONE,NONE",
13.467337,2026-09-01T21:13:10.655+01:00,619632,1565788,230,230,True,True,0x02,"NO_IRQ,OK,NO_IRQ,NO_IRQ","NONE,DELTA,NONE,NONE",
13.468047,2026-09-01T21:13:10.665+01:00,619862,1565789,236,236,True,True,0x02,"NO_IRQ,OK,NO_IRQ,NO_IRQ","NONE,DELTA,NONE,NONE",
13.472054,2026-09-01T21:13:10.666+01:00,620098,1565790,252,252,True,True,0x02,"NO_IRQ,OK,NO_IRQ,NO_IRQ","NONE,DELTA,NONE,NONE",
13.483479,2026-09-01T21:13:10.670+01:00,620350,1565791,222,222,True,True,0x02,"NO_IRQ,OK,NO_IRQ,NO_IRQ","NONE,DELTA,NONE,NONE",
13.484309,2026-09-01T21:13:10.681+01:00,620572,1565792,232,232,True,True,0x02,"NO_IRQ,OK,NO_IRQ,NO_IRQ","NONE,DELTA,NONE,NONE",
13.486847,2026-09-01T21:13:10.682+01:00,620804,1565793,208,208,True,True,0x02,"NO_IRQ,OK,NO_IRQ,NO_IRQ","NONE,DELTA,NONE,NONE",
13.492309,2026-09-01T21:13:10.684+01:00,621012,1565794,256,256,True,True,0x02,"NO_IRQ,OK,NO_IRQ,NO_IRQ","NONE,DELTA,NONE,NONE",
13.499899,2026-09-01T21:13:10.690+01:00,621268,1565795,252,252,True,True,0x02,"NO_IRQ,OK,NO_IRQ,NO_IRQ","NONE,DELTA,NONE,NONE",
13.501916,2026-09-01T21:13:10.697+01:00,621520,1565796,202,202,True,True,0x02,"NO_IRQ,OK,NO_IRQ,NO_IRQ","NONE,DELTA,NONE,NONE",
13.507089,2026-09-01T21:13:10.699+01:00,621722,1565797,258,258,True,True,0x02,"NO_IRQ,OK,NO_IRQ,NO_IRQ","NONE,DELTA,NONE,NONE",
13.512424,2026-09-01T21:13:10.705+01:00,621980,1565798,242,242,True,True,0x02,"NO_IRQ,OK,NO_IRQ,NO_IRQ","NONE,DELTA,NONE,NONE",
13.517944,2026-09-01T21:13:10.710+01:00,622222,1565799,294,294,True,True,0x02,"NO_IRQ,OK,NO_IRQ,NO_IRQ","NONE,DELTA,NONE,NONE",
13.521775,2026-09-01T21:13:10.716+01:00,622516,1565800,282,282,True,True,0x02,"NO_IRQ,OK,NO_IRQ,NO_IRQ","NONE,DELTA,NONE,NONE",
13.526722,2026-09-01T21:13:10.719+01:00,622798,1565801,260,260,True,True,0x02,"NO_IRQ,OK,NO_IRQ,NO_IRQ","NONE,DELTA,NONE,NONE",
13.537873,2026-09-01T21:13:10.724+01:00,623058,1565802,244,244,True,True,0x02,"NO_IRQ,OK,NO_IRQ,NO_IRQ","NONE,DELTA,NONE,NONE",
13.538237,2026-09-01T21:13:10.735+01:00,623302,1565803,270,270,True,True,0x02,"NO_IRQ,OK,NO_IRQ,NO_IRQ","NONE,DELTA,NONE,NONE",
13.547505,2026-09-01T21:13:10.736+01:00,623572,1565804,290,290,True,True,0x02,"NO_IRQ,OK,NO_IRQ,NO_IRQ","NONE,DELTA,NONE,NONE",
13.551185,2026-09-01T21:13:10.746+01:00,623862,1565805,276,276,True,True,0x02,"NO_IRQ,OK,NO_IRQ,NO_IRQ","NONE,DELTA,NONE,NONE",
13.552369,2026-09-01T21:13:10.749+01:00,624138,1565806,288,288,True,True,0x02,"NO_IRQ,OK,NO_IRQ,NO_IRQ","NONE,DELTA,NONE,NONE",
13.556606,2026-09-01T21:13:10.750+01:00,624426,1565807,220,220,True,True,0x02,"NO_IRQ,OK,NO_IRQ,NO_IRQ","NONE,DELTA,NONE,NONE",
13.567572,2026-09-01T21:13:10.754+01:00,624646,1565808,214,214,True,True,0x02,"NO_IRQ,OK,NO_IRQ,NO_IRQ","NONE,DELTA,NONE,NONE",
13.568560,2026-09-01T21:13:10.765+01:00,624860,1565809,202,202,True,True,0x02,"NO_IRQ,OK,NO_IRQ,NO_IRQ","NONE,DELTA,NONE,NONE",
13.571847,2026-09-01T21:13:10.766+01:00,625062,1565810,202,202,True,True,0x02,"NO_IRQ,OK,NO_IRQ,NO_IRQ","NONE,DELTA,NONE,NONE",
13.577074,2026-09-01T21:13:10.769+01:00,625264,1565811,226,226,True,True,0x02,"NO_IRQ,OK,NO_IRQ,NO_IRQ","NONE,DELTA,NONE,NONE",
13.584186,2026-09-01T21:13:10.775+01:00,625490,1565812,232,232,True,True,0x02,"NO_IRQ,OK,NO_IRQ,NO_IRQ","NONE,DELTA,NONE,NONE",
13.586903,2026-09-01T21:13:10.782+01:00,625722,1565813,264,264,True,True,0x02,"NO_IRQ,OK,NO_IRQ,NO_IRQ","NONE,DELTA,NONE,NONE",
13.591900,2026-09-01T21:13:10.784+01:00,625986,1565814,268,268,True,True,0x02,"NO_IRQ,OK,NO_IRQ,NO_IRQ","NONE,DELTA,NONE,NONE",
13.600124,2026-09-01T21:13:10.789+01:00,626254,1565815,230,230,True,True,0x02,"NO_IRQ,OK,NO_IRQ,NO_IRQ","NONE,DELTA,NONE,NONE",
13.601851,2026-09-01T21:13:10.798+01:00,626484,1565816,254,254,True,True,0x02,"NO_IRQ,OK,NO_IRQ,NO_IRQ","NONE,DELTA,NONE,NONE",
13.606856,2026-09-01T21:13:10.799+01:00,626738,1565817,264,264,True,True,0x02,"NO_IRQ,OK,NO_IRQ,NO_IRQ","NONE,DELTA,NONE,NONE",
13.616329,2026-09-01T21:13:10.804+01:00,627002,1565818,250,250,True,True,0x02,"NO_IRQ,OK,NO_IRQ,NO_IRQ","NONE,DELTA,NONE,NONE",
13.617120,2026-09-01T21:13:10.814+01:00,627252,1565819,286,286,True,True,0x02,"NO_IRQ,OK,NO_IRQ,NO_IRQ","NONE,DELTA,NONE,NONE",
13.621836,2026-09-01T21:13:10.815+01:00,627538,1565820,292,292,True,True,0x02,"NO_IRQ,OK,NO_IRQ,NO_IRQ","NONE,DELTA,NONE,NONE",
13.626727,2026-09-01T21:13:10.820+01:00,627830,1565821,258,258,True,True,0x02,"NO_IRQ,OK,NO_IRQ,NO_IRQ","NONE,DELTA,NONE,NONE",
13.634302,2026-09-01T21:13:10.824+01:00,628088,1565822,272,272,True,True,0x02,"NO_IRQ,OK,NO_IRQ,NO_IRQ","NONE,DELTA,NONE,NONE",
13.636699,2026-09-01T21:13:10.832+01:00,628360,1565823,210,210,True,True,0x02,"NO_IRQ,OK,NO_IRQ,NO_IRQ","NONE,DELTA,NONE,NONE",
13.641983,2026-09-01T21:13:10.834+01:00,628570,1565824,236,236,True,True,0x02,"NO_IRQ,OK,NO_IRQ,NO_IRQ","NONE,DELTA,NONE,NONE",
13.650586,2026-09-01T21:13:10.839+01:00,628806,1565825,294,294,True,True,0x02,"NO_IRQ,OK,NO_IRQ,NO_IRQ","NONE,DELTA,NONE,NONE",
13.651555,2026-09-01T21:13:10.848+01:00,629100,1565826,274,274,True,True,0x02,"NO_IRQ,OK,NO_IRQ,NO_IRQ","NONE,DELTA,NONE,NONE",
13.656790,2026-09-01T21:13:10.849+01:00,629374,1565827,324,324,True,True,0x02,"NO_IRQ,OK,NO_IRQ,NO_IRQ","NONE,DELTA,NONE,NONE",
13.666903,2026-09-01T21:13:10.854+01:00,629698,1565828,378,378,True,True,0x02,"NO_IRQ,OK,NO_IRQ,NO_IRQ","NONE,DELTA,NONE,NONE",
13.667747,2026-09-01T21:13:10.864+01:00,630076,1565829,368,368,True,True,0x02,"NO_IRQ,OK,NO_IRQ,NO_IRQ","NONE,DELTA,NONE,NONE",
13.672127,2026-09-01T21:13:10.865+01:00,630444,1565830,410,410,True,True,0x02,"NO_IRQ,OK,NO_IRQ,NO_IRQ","NONE,DELTA,NONE,NONE",
13.676759,2026-09-01T21:13:10.870+01:00,630854,1565831,442,442,True,True,0x02,"NO_IRQ,OK,NO_IRQ,NO_IRQ","NONE,DELTA,NONE,NONE",
13.682838,2026-09-01T21:13:10.874+01:00,631296,1565832,460,460,True,True,0x02,"NO_IRQ,OK,NO_IRQ,NO_IRQ","NONE,DELTA,NONE,NONE",
13.686957,2026-09-01T21:13:10.880+01:00,631756,1565833,482,482,True,True,0x02,"NO_IRQ,OK,NO_IRQ,NO_IRQ","NONE,DELTA,NONE,NONE",
13.691937,2026-09-01T21:13:10.884+01:00,632238,1565834,472,472,True,True,0x02,"NO_IRQ,OK,NO_IRQ,NO_IRQ","NONE,DELTA,NONE,NONE",
13.708209,2026-09-01T21:13:10.889+01:00,632710,1565835,450,450,True,True,0x02,"NO_IRQ,OK,NO_IRQ,NO_IRQ","NONE,DELTA,NONE,NONE",
13.709066,2026-09-01T21:13:10.906+01:00,633160,1565836,476,476,True,True,0x02,"NO_IRQ,OK,NO_IRQ,NO_IRQ","NONE,DELTA,NONE,NONE",
13.709712,2026-09-01T21:13:10.907+01:00,633636,1565837,496,496,True,True,0x02,"NO_IRQ,OK,NO_IRQ,NO_IRQ","NONE,DELTA,NONE,NONE",
13.711975,2026-09-01T21:13:10.907+01:00,634132,1565838,492,492,True,True,0x02,"NO_IRQ,OK,NO_IRQ,NO_IRQ","NONE,DELTA,NONE,NONE",
13.717031,2026-09-01T21:13:10.909+01:00,634624,1565839,490,490,True,True,0x02,"NO_IRQ,OK,NO_IRQ,NO_IRQ","NONE,DELTA,NONE,NONE",
13.727252,2026-09-01T21:13:10.915+01:00,635114,1565840,524,524,True,True,0x02,"NO_IRQ,OK,NO_IRQ,NO_IRQ","NONE,DELTA,NONE,NONE",
13.728003,2026-09-01T21:13:10.925+01:00,635638,1565841,582,582,True,True,0x02,"NO_IRQ,OK,NO_IRQ,NO_IRQ","NONE,DELTA,NONE,NONE",
13.732391,2026-09-01T21:13:10.926+01:00,636220,1565842,610,610,True,True,0x02,"NO_IRQ,OK,NO_IRQ,NO_IRQ","NONE,DELTA,NONE,NONE",
13.737051,2026-09-01T21:13:10.930+01:00,636830,1565843,614,614,True,True,0x02,"NO_IRQ,OK,NO_IRQ,NO_IRQ","NONE,DELTA,NONE,NONE",
13.743762,2026-09-01T21:13:10.935+01:00,637444,1565844,490,490,True,True,0x02,"NO_IRQ,OK,NO_IRQ,NO_IRQ","NONE,DELTA,NONE,NONE",
13.746880,2026-09-01T21:13:10.941+01:00,637934,1565845,526,526,True,True,0x02,"NO_IRQ,OK,NO_IRQ,NO_IRQ","NONE,DELTA,NONE,NONE",
13.751506,2026-09-01T21:13:10.946+01:00,638460,1565846,376,376,True,True,0x02,"NO_IRQ,OK,NO_IRQ,NO_IRQ","NONE,DELTA,NONE,NONE",
13.760448,2026-09-01T21:13:10.949+01:00,638836,1565847,448,448,True,True,0x02,"NO_IRQ,OK,NO_IRQ,NO_IRQ","NONE,DELTA,NONE,NONE",
13.761659,2026-09-01T21:13:10.958+01:00,639284,1565848,372,372,True,True,0x02,"NO_IRQ,OK,NO_IRQ,NO_IRQ","NONE,DELTA,NONE,NONE",
13.767995,2026-09-01T21:13:10.959+01:00,639656,1565849,410,410,True,True,0x02,"NO_IRQ,OK,NO_IRQ,NO_IRQ","NONE,DELTA,NONE,NONE",
13.777379,2026-09-01T21:13:10.966+01:00,640066,1565850,384,384,True,True,0x02,"NO_IRQ,OK,NO_IRQ,NO_IRQ","NONE,DELTA,NONE,NONE",
13.778540,2026-09-01T21:13:10.975+01:00,640450,1565851,380,380,True,True,0x02,"NO_IRQ,OK,NO_IRQ,NO_IRQ","NONE,DELTA,NONE,NONE",
13.782084,2026-09-01T21:13:10.976+01:00,640830,1565852,392,392,True,True,0x02,"NO_IRQ,OK,NO_IRQ,NO_IRQ","NONE,DELTA,NONE,NONE",
13.786603,2026-09-01T21:13:10.980+01:00,641222,1565853,346,346,True,True,0x02,"NO_IRQ,OK,NO_IRQ,NO_IRQ","NONE,DELTA,NONE,NONE",
13.793763,2026-09-01T21:13:10.984+01:00,641568,1565854,386,386,True,True,0x02,"NO_IRQ,OK,NO_IRQ,NO_IRQ","NONE,DELTA,NONE,NONE",
13.796960,2026-09-01T21:13:10.991+01:00,641954,1565855,344,344,True,True,0x02,"NO_IRQ,OK,NO_IRQ,NO_IRQ","NONE,DELTA,NONE,NONE",
13.801691,2026-09-01T21:13:10.994+01:00,642298,1565856,400,400,True,True,0x02,"NO_IRQ,OK,NO_IRQ,NO_IRQ","NONE,DELTA,NONE,NONE",
13.810816,2026-09-01T21:13:10.999+01:00,642698,1565857,328,328,True,True,0x02,"NO_IRQ,OK,NO_IRQ,NO_IRQ","NONE,DELTA,NONE,NONE",
13.811612,2026-09-01T21:13:11.008+01:00,643026,1565858,374,374,True,True,0x02,"NO_IRQ,OK,NO_IRQ,NO_IRQ","NONE,DELTA,NONE,NONE",
13.816832,2026-09-01T21:13:11.009+01:00,643400,1565859,390,390,True,True,0x02,"NO_IRQ,OK,NO_IRQ,NO_IRQ","NONE,DELTA,NONE,NONE",
13.821461,2026-09-01T21:13:11.014+01:00,643790,1565860,350,350,True,True,0x02,"NO_IRQ,OK,NO_IRQ,NO_IRQ","NONE,DELTA,NONE,NONE",
13.828051,2026-09-01T21:13:11.019+01:00,644140,1565861,360,360,True,True,0x02,"NO_IRQ,OK,NO_IRQ,NO_IRQ","NONE,DELTA,NONE,NONE",
13.831723,2026-09-01T21:13:11.026+01:00,644500,1565862,306,306,True,True,0x02,"NO_IRQ,OK,NO_IRQ,NO_IRQ","NONE,DELTA,NONE,NONE",
13.836540,2026-09-01T21:13:11.029+01:00,644806,1565863,350,350,True,True,0x02,"NO_IRQ,OK,NO_IRQ,NO_IRQ","NONE,DELTA,NONE,NONE",
13.841372,2026-09-01T21:13:11.034+01:00,645156,1565864,348,348,True,True,0x02,"NO_IRQ,OK,NO_IRQ,NO_IRQ","NONE,DELTA,NONE,NONE",
13.846407,2026-09-01T21:13:11.039+01:00,645504,1565865,332,332,True,True,0x02,"NO_IRQ,OK,NO_IRQ,NO_IRQ","NONE,DELTA,NONE,NONE",
13.851314,2026-09-01T21:13:11.044+01:00,645836,1565866,322,322,True,True,0x02,"NO_IRQ,OK,NO_IRQ,NO_IRQ","NONE,DELTA,NONE,NONE",
13.863652,2026-09-01T21:13:11.049+01:00,646158,1565867,322,322,True,True,0x02,"NO_IRQ,OK,NO_IRQ,NO_IRQ","NONE,DELTA,NONE,NONE",
13.864104,2026-09-01T21:13:11.061+01:00,646480,1565868,320,320,True,True,0x02,"NO_IRQ,OK,NO_IRQ,NO_IRQ","NONE,DELTA,NONE,NONE",
13.871939,2026-09-01T21:13:11.062+01:00,646800,1565869,356,356,True,True,0x02,"NO_IRQ,OK,NO_IRQ,NO_IRQ","NONE,DELTA,NONE,NONE",
13.877629,2026-09-01T21:13:11.071+01:00,647156,1565870,1084,1084,True,True,0x02,"NO_IRQ,OK,NO_IRQ,NO_IRQ","NONE,DELTA_SYNC,NONE,NONE",
13.878357,2026-09-01T21:13:11.075+01:00,648240,1565871,360,360,True,True,0x02,"NO_IRQ,OK,NO_IRQ,NO_IRQ","NONE,DELTA,NONE,NONE",
13.881691,2026-09-01T21:13:11.076+01:00,648600,1565872,358,358,True,True,0x02,"NO_IRQ,OK,NO_IRQ,NO_IRQ","NONE,DELTA,NONE,NONE",
13.886406,2026-09-01T21:13:11.079+01:00,648958,1565873,274,274,True,True,0x02,"NO_IRQ,OK,NO_IRQ,NO_IRQ","NONE,DELTA,NONE,NONE",
13.894994,2026-09-01T21:13:11.084+01:00,649232,1565874,318,318,True,True,0x02,"NO_IRQ,OK,NO_IRQ,NO_IRQ","NONE,DELTA,NONE,NONE",
13.896608,2026-09-01T21:13:11.092+01:00,649550,1565875,296,296,True,True,0x02,"NO_IRQ,OK,NO_IRQ,NO_IRQ","NONE,DELTA,NONE,NONE",
13.901469,2026-09-01T21:13:11.094+01:00,649846,1565876,280,280,True,True,0x02,"NO_IRQ,OK,NO_IRQ,NO_IRQ","NONE,DELTA,NONE,NONE",
13.911698,2026-09-01T21:13:11.099+01:00,650126,1565877,318,318,True,True,0x02,"NO_IRQ,OK,NO_IRQ,NO_IRQ","NONE,DELTA,NONE,NONE",
13.912328,2026-09-01T21:13:11.109+01:00,650444,1565878,338,338,True,True,0x02,"NO_IRQ,OK,NO_IRQ,NO_IRQ","NONE,DELTA,NONE,NONE",
13.916309,2026-09-01T21:13:11.110+01:00,650782,1565879,268,268,True,True,0x02,"NO_IRQ,OK,NO_IRQ,NO_IRQ","NONE,DELTA,NONE,NONE",
13.921045,2026-09-01T21:13:11.114+01:00,651050,1565880,312,312,True,True,0x02,"NO_IRQ,OK,NO_IRQ,NO_IRQ","NONE,DELTA,NONE,NONE",
13.927966,2026-09-01T21:13:11.122+01:00,651362,1565881,294,294,True,True,0x02,"NO_IRQ,OK,NO_IRQ,NO_IRQ","NONE,DELTA,NONE,NONE",
13.931581,2026-09-01T21:13:11.125+01:00,651656,1565882,286,286,True,True,0x02,"NO_IRQ,OK,NO_IRQ,NO_IRQ","NONE,DELTA,NONE,NONE",
13.936063,2026-09-01T21:13:11.129+01:00,651942,1565883,284,284,True,True,0x02,"NO_IRQ,OK,NO_IRQ,NO_IRQ","NONE,DELTA,NONE,NONE",
13.944120,2026-09-01T21:13:11.134+01:00,652226,1565884,272,272,True,True,0x02,"NO_IRQ,OK,NO_IRQ,NO_IRQ","NONE,DELTA,NONE,NONE",
13.946382,2026-09-01T21:13:11.142+01:00,652498,1565885,346,346,True,True,0x02,"NO_IRQ,OK,NO_IRQ,NO_IRQ","NONE,DELTA,NONE,NONE",
13.951385,2026-09-01T21:13:11.144+01:00,652844,1565886,342,342,True,True,0x02,"NO_IRQ,OK,NO_IRQ,NO_IRQ","NONE,DELTA,NONE,NONE",
13.961558,2026-09-01T21:13:11.149+01:00,653186,1565887,264,264,True,True,0x02,"NO_IRQ,OK,NO_IRQ,NO_IRQ","NONE,DELTA,NONE,NONE",
13.962193,2026-09-01T21:13:11.159+01:00,653450,1565888,262,262,True,True,0x02,"NO_IRQ,OK,NO_IRQ,NO_IRQ","NONE,DELTA,NONE,NONE",
13.966312,2026-09-01T21:13:11.160+01:00,653712,1565889,278,278,True,True,0x02,"NO_IRQ,OK,NO_IRQ,NO_IRQ","NONE,DELTA,NONE,NONE",
13.971023,2026-09-01T21:13:11.164+01:00,653990,1565890,208,208,True,True,0x02,"NO_IRQ,OK,NO_IRQ,NO_IRQ","NONE,DELTA,NONE,NONE",
13.977893,2026-09-01T21:13:11.168+01:00,654198,1565891,244,244,True,True,0x02,"NO_IRQ,OK,NO_IRQ,NO_IRQ","NONE,DELTA,NONE,NONE",
13.981621,2026-09-01T21:13:11.176+01:00,654442,1565892,240,240,True,True,0x02,"NO_IRQ,OK,NO_IRQ,NO_IRQ","NONE,DELTA,NONE,NONE",
13.986299,2026-09-01T21:13:11.179+01:00,654682,1565893,212,212,True,True,0x02,"NO_IRQ,OK,NO_IRQ,NO_IRQ","NONE,DELTA,NONE,NONE",
13.994713,2026-09-01T21:13:11.184+01:00,654894,1565894,214,214,True,True,0x02,"NO_IRQ,OK,NO_IRQ,NO_IRQ","NONE,DELTA,NONE,NONE",
13.996233,2026-09-01T21:13:11.192+01:00,655108,1565895,206,206,True,True,0x02,"NO_IRQ,OK,NO_IRQ,NO_IRQ","NONE,DELTA,NONE,NONE",
14.001101,2026-09-01T21:13:11.194+01:00,655314,1565896,210,210,True,True,0x02,"NO_IRQ,OK,NO_IRQ,NO_IRQ","NONE,DELTA,NONE,NONE",
14.006390,2026-09-01T21:13:11.199+01:00,655524,1565897,246,246,True,True,0x02,"NO_IRQ,OK,NO_IRQ,NO_IRQ","NONE,DELTA,NONE,NONE",
14.010793,2026-09-01T21:13:11.205+01:00,655770,1565898,216,216,True,True,0x02,"NO_IRQ,OK,NO_IRQ,NO_IRQ","NONE,DELTA,NONE,NONE",
14.015770,2026-09-01T21:13:11.208+01:00,655986,1565899,222,222,True,True,0x02,"NO_IRQ,OK,NO_IRQ,NO_IRQ","NONE,DELTA,NONE,NONE",
14.020695,2026-09-01T21:13:11.214+01:00,656208,1565900,214,214,True,True,0x02,"NO_IRQ,OK,NO_IRQ,NO_IRQ","NONE,DELTA,NONE,NONE",
14.036239,2026-09-01T21:13:11.218+01:00,656422,1565901,218,218,True,True,0x02,"NO_IRQ,OK,NO_IRQ,NO_IRQ","NONE,DELTA,NONE,NONE",
14.036966,2026-09-01T21:13:11.234+01:00,656640,1565902,228,228,True,True,0x02,"NO_IRQ,OK,NO_IRQ,NO_IRQ","NONE,DELTA,NONE,NONE",
14.037549,2026-09-01T21:13:11.234+01:00,656868,1565903,176,176,True,True,0x02,"NO_IRQ,OK,NO_IRQ,NO_IRQ","NONE,DELTA,NONE,NONE",
14.040636,2026-09-01T21:13:11.235+01:00,657044,1565904,202,202,True,True,0x02,"NO_IRQ,OK,NO_IRQ,NO_IRQ","NONE,DELTA,NONE,NONE",
14.045979,2026-09-01T21:13:11.238+01:00,657246,1565905,204,204,True,True,0x02,"NO_IRQ,OK,NO_IRQ,NO_IRQ","NONE,DELTA,NONE,NONE",
14.053407,2026-09-01T21:13:11.243+01:00,657450,1565906,264,264,True,True,0x02,"NO_IRQ,OK,NO_IRQ,NO_IRQ","NONE,DELTA,NONE,NONE",
14.055859,2026-09-01T21:13:11.251+01:00,657714,1565907,230,230,True,True,0x02,"NO_IRQ,OK,NO_IRQ,NO_IRQ","NONE,DELTA,NONE,NONE",
14.060895,2026-09-01T21:13:11.253+01:00,657944,1565908,184,184,True,True,0x02,"NO_IRQ,OK,NO_IRQ,NO_IRQ","NONE,DELTA,NONE,NONE",
14.071007,2026-09-01T21:13:11.258+01:00,658128,1565909,190,190,True,True,0x02,"NO_IRQ,OK,NO_IRQ,NO_IRQ","NONE,DELTA,NONE,NONE",
14.071915,2026-09-01T21:13:11.269+01:00,658318,1565910,200,200,True,True,0x02,"NO_IRQ,OK,NO_IRQ,NO_IRQ","NONE,DELTA,NONE,NONE",
14.075808,2026-09-01T21:13:11.269+01:00,658518,1565911,228,228,True,True,0x02,"NO_IRQ,OK,NO_IRQ,NO_IRQ","NONE,DELTA,NONE,NONE",
14.086497,2026-09-01T21:13:11.273+01:00,658746,1565912,230,230,True,True,0x02,"NO_IRQ,OK,NO_IRQ,NO_IRQ","NONE,DELTA,NONE,NONE",
14.087229,2026-09-01T21:13:11.284+01:00,658976,1565913,200,200,True,True,0x02,"NO_IRQ,OK,NO_IRQ,NO_IRQ","NONE,DELTA,NONE,NONE",
14.090840,2026-09-01T21:13:11.285+01:00,659176,1565914,170,170,True,True,0x02,"NO_IRQ,OK,NO_IRQ,NO_IRQ","NONE,DELTA,NONE,NONE",
14.095723,2026-09-01T21:13:11.288+01:00,659346,1565915,168,168,True,True,0x02,"NO_IRQ,OK,NO_IRQ,NO_IRQ","NONE,DELTA,NONE,NONE",
14.103144,2026-09-01T21:13:11.293+01:00,659514,1565916,192,192,True,True,0x02,"NO_IRQ,OK,NO_IRQ,NO_IRQ","NONE,DELTA,NONE,NONE",
14.105806,2026-09-01T21:13:11.301+01:00,659706,1565917,196,196,True,True,0x02,"NO_IRQ,OK,NO_IRQ,NO_IRQ","NONE,DELTA,NONE,NONE",
14.110946,2026-09-01T21:13:11.303+01:00,659902,1565918,186,186,True,True,0x02,"NO_IRQ,OK,NO_IRQ,NO_IRQ","NONE,DELTA,NONE,NONE",
14.119365,2026-09-01T21:13:11.308+01:00,660088,1565919,222,222,True,True,0x02,"NO_IRQ,OK,NO_IRQ,NO_IRQ","NONE,DELTA,NONE,NONE",
14.120666,2026-09-01T21:13:11.317+01:00,660310,1565920,172,172,True,True,0x02,"NO_IRQ,OK,NO_IRQ,NO_IRQ","NONE,DELTA,NONE,NONE",
14.125725,2026-09-01T21:13:11.318+01:00,660482,1565921,200,200,True,True,0x02,"NO_IRQ,OK,NO_IRQ,NO_IRQ","NONE,DELTA,NONE,NONE",
14.135811,2026-09-01T21:13:11.323+01:00,660682,1565922,192,192,True,True,0x02,"NO_IRQ,OK,NO_IRQ,NO_IRQ","NONE,DELTA,NONE,NONE",
14.136522,2026-09-01T21:13:11.333+01:00,660874,1565923,164,164,True,True,0x02,"NO_IRQ,OK,NO_IRQ,NO_IRQ","NONE,DELTA,NONE,NONE",
14.140674,2026-09-01T21:13:11.334+01:00,661038,1565924,190,190,True,True,0x02,"NO_IRQ,OK,NO_IRQ,NO_IRQ","NONE,DELTA,NONE,NONE",
14.145408,2026-09-01T21:13:11.338+01:00,661228,1565925,182,182,True,True,0x02,"NO_IRQ,OK,NO_IRQ,NO_IRQ","NONE,DELTA,NONE,NONE",
14.152137,2026-09-01T21:13:11.343+01:00,661410,1565926,176,176,True,True,0x02,"NO_IRQ,OK,NO_IRQ,NO_IRQ","NONE,DELTA,NONE,NONE",
14.155747,2026-09-01T21:13:11.350+01:00,661586,1565927,170,170,True,True,0x02,"NO_IRQ,OK,NO_IRQ,NO_IRQ","NONE,DELTA,NONE,NONE",
14.160898,2026-09-01T21:13:11.353+01:00,661756,1565928,210,210,True,True,0x02,"NO_IRQ,OK,NO_IRQ,NO_IRQ","NONE,DELTA,NONE,NONE",
14.166341,2026-09-01T21:13:11.358+01:00,661966,1565929,196,196,True,True,0x02,"NO_IRQ,OK,NO_IRQ,NO_IRQ","NONE,DELTA,NONE,NONE",
14.170799,2026-09-01T21:13:11.364+01:00,662162,1565930,174,174,True,True,0x02,"NO_IRQ,OK,NO_IRQ,NO_IRQ","NONE,DELTA,NONE,NONE",
14.175989,2026-09-01T21:13:11.368+01:00,662336,1565931,190,190,True,True,0x02,"NO_IRQ,OK,NO_IRQ,NO_IRQ","NONE,DELTA,NONE,NONE",
14.189264,2026-09-01T21:13:11.373+01:00,662526,1565932,198,198,True,True,0x02,"NO_IRQ,OK,NO_IRQ,NO_IRQ","NONE,DELTA,NONE,NONE",
14.189616,2026-09-01T21:13:11.387+01:00,662724,1565933,164,164,True,True,0x02,"NO_IRQ,OK,NO_IRQ,NO_IRQ","NONE,DELTA,NONE,NONE",
14.190340,2026-09-01T21:13:11.387+01:00,662888,1565934,212,212,True,True,0x02,"NO_IRQ,OK,NO_IRQ,NO_IRQ","NONE,DELTA,NONE,NONE",
14.195959,2026-09-01T21:13:11.388+01:00,663100,1565935,200,200,True,True,0x02,"NO_IRQ,OK,NO_IRQ,NO_IRQ","NONE,DELTA,NONE,NONE",
14.202932,2026-09-01T21:13:11.397+01:00,663300,1565936,198,198,True,True,0x02,"NO_IRQ,OK,NO_IRQ,NO_IRQ","NONE,DELTA,NONE,NONE",
14.205661,2026-09-01T21:13:11.400+01:00,663498,1565937,186,186,True,True,0x02,"NO_IRQ,OK,NO_IRQ,NO_IRQ","NONE,DELTA,NONE,NONE",
14.210434,2026-09-01T21:13:11.403+01:00,663684,1565938,196,196,True,True,0x02,"NO_IRQ,OK,NO_IRQ,NO_IRQ","NONE,DELTA,NONE,NONE",
14.219548,2026-09-01T21:13:11.408+01:00,663880,1565939,194,194,True,True,0x02,"NO_IRQ,OK,NO_IRQ,NO_IRQ","NONE,DELTA,NONE,NONE",
14.220543,2026-09-01T21:13:11.417+01:00,664074,1565940,200,200,True,True,0x02,"NO_IRQ,OK,NO_IRQ,NO_IRQ","NONE,DELTA,NONE,NONE",
14.225364,2026-09-01T21:13:11.418+01:00,664274,1565941,176,176,True,True,0x02,"NO_IRQ,OK,NO_IRQ,NO_IRQ","NONE,DELTA,NONE,NONE",
14.235556,2026-09-01T21:13:11.423+01:00,664450,1565942,170,170,True,True,0x02,"NO_IRQ,OK,NO_IRQ,NO_IRQ","NONE,DELTA,NONE,NONE",
14.236203,2026-09-01T21:13:11.433+01:00,664620,1565943,196,196,True,True,0x02,"NO_IRQ,OK,NO_IRQ,NO_IRQ","NONE,DELTA,NONE,NONE",
14.240507,2026-09-01T21:13:11.434+01:00,664816,1565944,184,184,True,True,0x02,"NO_IRQ,OK,NO_IRQ,NO_IRQ","NONE,DELTA,NONE,NONE",
14.245318,2026-09-01T21:13:11.438+01:00,665000,1565945,182,182,True,True,0x02,"NO_IRQ,OK,NO_IRQ,NO_IRQ","NONE,DELTA,NONE,NONE",
14.251758,2026-09-01T21:13:11.443+01:00,665182,1565946,192,192,True,True,0x02,"NO_IRQ,OK,NO_IRQ,NO_IRQ","NONE,DELTA,NONE,NONE",
14.255456,2026-09-01T21:13:11.449+01:00,665374,1565947,178,178,True,True,0x02,"NO_IRQ,OK,NO_IRQ,NO_IRQ","NONE,DELTA,NONE,NONE",
14.260480,2026-09-01T21:13:11.453+01:00,665552,1565948,190,190,True,True,0x02,"NO_IRQ,OK,NO_IRQ,NO_IRQ","NONE,DELTA,NONE,NONE",
14.266920,2026-09-01T21:13:11.458+01:00,665742,1565949,196,196,True,True,0x02,"NO_IRQ,OK,NO_IRQ,NO_IRQ","NONE,DELTA,NONE,NONE",
14.270784,2026-09-01T21:13:11.464+01:00,665938,1565950,162,162,True,True,0x02,"NO_IRQ,OK,NO_IRQ,NO_IRQ","NONE,DELTA,NONE,NONE",
14.275502,2026-09-01T21:13:11.468+01:00,666100,1565951,184,184,True,True,0x02,"NO_IRQ,OK,NO_IRQ,NO_IRQ","NONE,DELTA,NONE,NONE",
14.283165,2026-09-01T21:13:11.473+01:00,666284,1565952,186,186,True,True,0x02,"NO_IRQ,OK,NO_IRQ,NO_IRQ","NONE,DELTA,NONE,NONE",
14.285597,2026-09-01T21:13:11.481+01:00,666470,1565953,182,182,True,True,0x02,"NO_IRQ,OK,NO_IRQ,NO_IRQ","NONE,DELTA,NONE,NONE",
14.290353,2026-09-01T21:13:11.483+01:00,666652,1565954,202,202,True,True,0x02,"NO_IRQ,OK,NO_IRQ,NO_IRQ","NONE,DELTA,NONE,NONE",
14.298736,2026-09-01T21:13:11.488+01:00,666854,1565955,200,200,True,True,0x02,"NO_IRQ,OK,NO_IRQ,NO_IRQ","NONE,DELTA,NONE,NONE",
14.300501,2026-09-01T21:13:11.496+01:00,667054,1565956,186,186,True,True,0x02,"NO_IRQ,OK,NO_IRQ,NO_IRQ","NONE,DELTA,NONE,NONE",
14.305672,2026-09-01T21:13:11.498+01:00,667240,1565957,172,172,True,True,0x02,"NO_IRQ,OK,NO_IRQ,NO_IRQ","NONE,DELTA,NONE,NONE",
14.317198,2026-09-01T21:13:11.503+01:00,667412,1565958,202,202,True,True,0x02,"NO_IRQ,OK,NO_IRQ,NO_IRQ","NONE,DELTA,NONE,NONE",
14.317783,2026-09-01T21:13:11.515+01:00,667614,1565959,170,170,True,True,0x02,"NO_IRQ,OK,NO_IRQ,NO_IRQ","NONE,DELTA,NONE,NONE",
14.320320,2026-09-01T21:13:11.515+01:00,667784,1565960,198,198,True,True,0x02,"NO_IRQ,OK,NO_IRQ,NO_IRQ","NONE,DELTA,NONE,NONE",
14.325475,2026-09-01T21:13:11.518+01:00,667982,1565961,188,188,True,True,0x02,"NO_IRQ,OK,NO_IRQ,NO_IRQ","NONE,DELTA,NONE,NONE",
14.330072,2026-09-01T21:13:11.523+01:00,668170,1565962,190,190,True,True,0x02,"NO_IRQ,OK,NO_IRQ,NO_IRQ","NONE,DELTA,NONE,NONE",
14.335400,2026-09-01T21:13:11.529+01:00,668360,1565963,164,164,True,True,0x02,"NO_IRQ,OK,NO_IRQ,NO_IRQ","NONE,DELTA,NONE,NONE",
14.340065,2026-09-01T21:13:11.533+01:00,668524,1565964,198,198,True,True,0x02,"NO_IRQ,OK,NO_IRQ,NO_IRQ","NONE,DELTA,NONE,NONE",
14.345047,2026-09-01T21:13:11.538+01:00,668722,1565965,180,180,True,True,0x02,"NO_IRQ,OK,NO_IRQ,NO_IRQ","NONE,DELTA,NONE,NONE",
14.358015,2026-09-01T21:13:11.543+01:00,668902,1565966,202,202,True,True,0x02,"NO_IRQ,OK,NO_IRQ,NO_IRQ","NONE,DELTA,NONE,NONE",
14.359071,2026-09-01T21:13:11.556+01:00,669104,1565967,162,162,True,True,0x02,"NO_IRQ,OK,NO_IRQ,NO_IRQ","NONE,DELTA,NONE,NONE",
14.360363,2026-09-01T21:13:11.557+01:00,669266,1565968,190,190,True,True,0x02,"NO_IRQ,OK,NO_IRQ,NO_IRQ","NONE,DELTA,NONE,NONE",
14.365226,2026-09-01T21:13:11.558+01:00,669456,1565969,192,192,True,True,0x02,"NO_IRQ,OK,NO_IRQ,NO_IRQ","NONE,DELTA,NONE,NONE",
14.375514,2026-09-01T21:13:11.563+01:00,669648,1565970,194,194,True,True,0x02,"NO_IRQ,OK,NO_IRQ,NO_IRQ","NONE,DELTA,NONE,NONE",
14.376138,2026-09-01T21:13:11.573+01:00,669842,1565971,214,214,True,True,0x02,"NO_IRQ,OK,NO_IRQ,NO_IRQ","NONE,DELTA,NONE,NONE",
14.381041,2026-09-01T21:13:11.574+01:00,670056,1565972,190,190,True,True,0x02,"NO_IRQ,OK,NO_IRQ,NO_IRQ","NONE,DELTA,NONE,NONE",
14.385536,2026-09-01T21:13:11.579+01:00,670246,1565973,218,218,True,True,0x02,"NO_IRQ,OK,NO_IRQ,NO_IRQ","NONE,DELTA,NONE,NONE",
14.391833,2026-09-01T21:13:11.583+01:00,670464,1565974,188,188,True,True,0x02,"NO_IRQ,OK,NO_IRQ,NO_IRQ","NONE,DELTA,NONE,NONE",
14.395615,2026-09-01T21:13:11.589+01:00,670652,1565975,204,204,True,True,0x02,"NO_IRQ,OK,NO_IRQ,NO_IRQ","NONE,DELTA,NONE,NONE",
14.400185,2026-09-01T21:13:11.593+01:00,670856,1565976,164,164,True,True,0x02,"NO_IRQ,OK,NO_IRQ,NO_IRQ","NONE,DELTA,NONE,NONE",
14.407759,2026-09-01T21:13:11.598+01:00,671020,1565977,156,156,True,True,0x02,"NO_IRQ,OK,NO_IRQ,NO_IRQ","NONE,DELTA,NONE,NONE",
14.410366,2026-09-01T21:13:11.605+01:00,671176,1565978,162,162,True,True,0x02,"NO_IRQ,OK,NO_IRQ,NO_IRQ","NONE,DELTA,NONE,NONE",
14.415287,2026-09-01T21:13:11.608+01:00,671338,1565979,172,172,True,True,0x02,"NO_IRQ,OK,NO_IRQ,NO_IRQ","NONE,DELTA,NONE,NONE",
14.423773,2026-09-01T21:13:11.613+01:00,671510,1565980,194,194,True,True,0x02,"NO_IRQ,OK,NO_IRQ,NO_IRQ","NONE,DELTA,NONE,NONE",
14.425342,2026-09-01T21:13:11.621+01:00,671704,1565981,142,142,True,True,0x02,"NO_IRQ,OK,NO_IRQ,NO_IRQ","NONE,DELTA,NONE,NONE",
14.429952,2026-09-01T21:13:11.623+01:00,671846,1565982,188,188,True,True,0x02,"NO_IRQ,OK,NO_IRQ,NO_IRQ","NONE,DELTA,NONE,NONE",
14.435031,2026-09-01T21:13:11.627+01:00,672034,1565983,178,178,True,True,0x02,"NO_IRQ,OK,NO_IRQ,NO_IRQ","NONE,DELTA,NONE,NONE",
14.441437,2026-09-01T21:13:11.633+01:00,672212,1565984,178,178,True,True,0x02,"NO_IRQ,OK,NO_IRQ,NO_IRQ","NONE,DELTA,NONE,NONE",
14.445763,2026-09-01T21:13:11.639+01:00,672390,1565985,176,176,True,True,0x02,"NO_IRQ,OK,NO_IRQ,NO_IRQ","NONE,DELTA,NONE,NONE",
14.450200,2026-09-01T21:13:11.643+01:00,672566,1565986,200,200,True,True,0x02,"NO_IRQ,OK,NO_IRQ,NO_IRQ","NONE,DELTA,NONE,NONE",
14.457400,2026-09-01T21:13:11.648+01:00,672766,1565987,186,186,True,True,0x02,"NO_IRQ,OK,NO_IRQ,NO_IRQ","NONE,DELTA,NONE,NONE",
14.459878,2026-09-01T21:13:11.655+01:00,672952,1565988,174,174,True,True,0x02,"NO_IRQ,OK,NO_IRQ,NO_IRQ","NONE,DELTA,NONE,NONE",
14.464983,2026-09-01T21:13:11.657+01:00,673126,1565989,176,176,True,True,0x02,"NO_IRQ,OK,NO_IRQ,NO_IRQ","NONE,DELTA,NONE,NONE",
14.469868,2026-09-01T21:13:11.662+01:00,673302,1565990,192,192,True,True,0x02,"NO_IRQ,OK,NO_IRQ,NO_IRQ","NONE,DELTA,NONE,NONE",
14.475090,2026-09-01T21:13:11.667+01:00,673494,1565991,168,168,True,True,0x02,"NO_IRQ,OK,NO_IRQ,NO_IRQ","NONE,DELTA,NONE,NONE",
14.480175,2026-09-01T21:13:11.673+01:00,673662,1565992,190,190,True,True,0x02,"NO_IRQ,OK,NO_IRQ,NO_IRQ","NONE,DELTA,NONE,NONE",
14.485136,2026-09-01T21:13:11.678+01:00,673852,1565993,184,184,True,True,0x02,"NO_IRQ,OK,NO_IRQ,NO_IRQ","NONE,DELTA,NONE,NONE",
14.490918,2026-09-01T21:13:11.683+01:00,674036,1565994,176,176,True,True,0x02,"NO_IRQ,OK,NO_IRQ,NO_IRQ","NONE,DELTA,NONE,NONE",
14.495368,2026-09-01T21:13:11.688+01:00,674212,1565995,162,162,True,True,0x02,"NO_IRQ,OK,NO_IRQ,NO_IRQ","NONE,DELTA,NONE,NONE",
14.499894,2026-09-01T21:13:11.693+01:00,674374,1565996,200,200,True,True,0x02,"NO_IRQ,OK,NO_IRQ,NO_IRQ","NONE,DELTA,NONE,NONE",
14.511665,2026-09-01T21:13:11.697+01:00,674574,1565997,206,206,True,True,0x02,"NO_IRQ,OK,NO_IRQ,NO_IRQ","NONE,DELTA,NONE,NONE",
14.512032,2026-09-01T21:13:11.709+01:00,674780,1565998,174,174,True,True,0x02,"NO_IRQ,OK,NO_IRQ,NO_IRQ","NONE,DELTA,NONE,NONE",
14.525137,2026-09-01T21:13:11.709+01:00,674954,1565999,180,180,True,True,0x02,"NO_IRQ,OK,NO_IRQ,NO_IRQ","NONE,DELTA,NONE,NONE",
14.525786,2026-09-01T21:13:11.723+01:00,675134,1566000,202,202,True,True,0x02,"NO_IRQ,OK,NO_IRQ,NO_IRQ","NONE,DELTA,NONE,NONE",
14.526402,2026-09-01T21:13:11.723+01:00,675336,1566001,166,166,True,True,0x02,"NO_IRQ,OK,NO_IRQ,NO_IRQ","NONE,DELTA,NONE,NONE",
14.530196,2026-09-01T21:13:11.724+01:00,675502,1566002,192,192,True,True,0x02,"NO_IRQ,OK,NO_IRQ,NO_IRQ","NONE,DELTA,NONE,NONE",
14.534960,2026-09-01T21:13:11.728+01:00,675694,1566003,182,182,True,True,0x02,"NO_IRQ,OK,NO_IRQ,NO_IRQ","NONE,DELTA,NONE,NONE",
14.542901,2026-09-01T21:13:11.733+01:00,675876,1566004,212,212,True,True,0x02,"NO_IRQ,OK,NO_IRQ,NO_IRQ","NONE,DELTA,NONE,NONE",
14.544940,2026-09-01T21:13:11.741+01:00,676088,1566005,202,202,True,True,0x02,"NO_IRQ,OK,NO_IRQ,NO_IRQ","NONE,DELTA,NONE,NONE",
14.550106,2026-09-01T21:13:11.742+01:00,676290,1566006,194,194,True,True,0x02,"NO_IRQ,OK,NO_IRQ,NO_IRQ","NONE,DELTA,NONE,NONE",
14.558502,2026-09-01T21:13:11.748+01:00,676484,1566007,198,198,True,True,0x02,"NO_IRQ,OK,NO_IRQ,NO_IRQ","NONE,DELTA,NONE,NONE",
14.559992,2026-09-01T21:13:11.756+01:00,676682,1566008,168,168,True,True,0x02,"NO_IRQ,OK,NO_IRQ,NO_IRQ","NONE,DELTA,NONE,NONE",
14.565035,2026-09-01T21:13:11.757+01:00,676850,1566009,194,194,True,True,0x02,"NO_IRQ,OK,NO_IRQ,NO_IRQ","NONE,DELTA,NONE,NONE",
14.574693,2026-09-01T21:13:11.763+01:00,677044,1566010,174,174,True,True,0x02,"NO_IRQ,OK,NO_IRQ,NO_IRQ","NONE,DELTA,NONE,NONE",
14.575381,2026-09-01T21:13:11.772+01:00,677218,1566011,158,158,True,True,0x02,"NO_IRQ,OK,NO_IRQ,NO_IRQ","NONE,DELTA,NONE,NONE",
14.580029,2026-09-01T21:13:11.773+01:00,677376,1566012,166,166,True,True,0x02,"NO_IRQ,OK,NO_IRQ,NO_IRQ","NONE,DELTA,NONE,NONE",
14.584657,2026-09-01T21:13:11.779+01:00,677542,1566013,180,180,True,True,0x02,"NO_IRQ,OK,NO_IRQ,NO_IRQ","NONE,DELTA,NONE,NONE",
14.591045,2026-09-01T21:13:11.782+01:00,677722,1566014,206,206,True,True,0x02,"NO_IRQ,OK,NO_IRQ,NO_IRQ","NONE,DELTA,NONE,NONE",
14.595047,2026-09-01T21:13:11.788+01:00,677928,1566015,188,188,True,True,0x02,"NO_IRQ,OK,NO_IRQ,NO_IRQ","NONE,DELTA,NONE,NONE",
14.599931,2026-09-01T21:13:11.793+01:00,678116,1566016,174,174,True,True,0x02,"NO_IRQ,OK,NO_IRQ,NO_IRQ","NONE,DELTA,NONE,NONE",
14.608201,2026-09-01T21:13:11.797+01:00,678290,1566017,184,184,True,True,0x02,"NO_IRQ,OK,NO_IRQ,NO_IRQ","NONE,DELTA,NONE,NONE",
14.609756,2026-09-01T21:13:11.806+01:00,678474,1566018,166,166,True,True,0x02,"NO_IRQ,OK,NO_IRQ,NO_IRQ","NONE,DELTA,NONE,NONE",
14.615127,2026-09-01T21:13:11.807+01:00,678640,1566019,202,202,True,True,0x02,"NO_IRQ,OK,NO_IRQ,NO_IRQ","NONE,DELTA,NONE,NONE",
14.625386,2026-09-01T21:13:11.813+01:00,678842,1566020,188,188,True,True,0x02,"NO_IRQ,OK,NO_IRQ,NO_IRQ","NONE,DELTA,NONE,NONE",
14.626364,2026-09-01T21:13:11.823+01:00,679030,1566021,204,204,True,True,0x02,"NO_IRQ,OK,NO_IRQ,NO_IRQ","NONE,DELTA,NONE,NONE",
14.629797,2026-09-01T21:13:11.824+01:00,679234,1566022,160,160,True,True,0x02,"NO_IRQ,OK,NO_IRQ,NO_IRQ","NONE,DELTA,NONE,NONE",
14.634995,2026-09-01T21:13:11.827+01:00,679394,1566023,194,194,True,True,0x02,"NO_IRQ,OK,NO_IRQ,NO_IRQ","NONE,DELTA,NONE,NONE",
14.641373,2026-09-01T21:13:11.832+01:00,679588,1566024,186,186,True,True,0x02,"NO_IRQ,OK,NO_IRQ,NO_IRQ","NONE,DELTA,NONE,NONE",
14.644815,2026-09-01T21:13:11.839+01:00,679774,1566025,172,172,True,True,0x02,"NO_IRQ,OK,NO_IRQ,NO_IRQ","NONE,DELTA,NONE,NONE",
14.649549,2026-09-01T21:13:11.842+01:00,679946,1566026,140,140,True,True,0x02,"NO_IRQ,OK,NO_IRQ,NO_IRQ","NONE,DELTA,NONE,NONE",
14.655007,2026-09-01T21:13:11.847+01:00,680086,1566027,182,182,True,True,0x02,"NO_IRQ,OK,NO_IRQ,NO_IRQ","NONE,DELTA,NONE,NONE",
14.661038,2026-09-01T21:13:11.852+01:00,680268,1566028,160,160,True,True,0x02,"NO_IRQ,OK,NO_IRQ,NO_IRQ","NONE,DELTA,NONE,NONE",
14.664551,2026-09-01T21:13:11.859+01:00,680428,1566029,198,198,True,True,0x02,"NO_IRQ,OK,NO_IRQ,NO_IRQ","NONE,DELTA,NONE,NONE",
14.669501,2026-09-01T21:13:11.862+01:00,680626,1566030,160,160,True,True,0x02,"NO_IRQ,OK,NO_IRQ,NO_IRQ","NONE,DELTA,NONE,NONE",
14.684802,2026-09-01T21:13:11.867+01:00,680786,1566031,186,186,True,True,0x02,"NO_IRQ,OK,NO_IRQ,NO_IRQ","NONE,DELTA,NONE,NONE",
14.685538,2026-09-01T21:13:11.882+01:00,680972,1566032,188,188,True,True,0x02,"NO_IRQ,OK,NO_IRQ,NO_IRQ","NONE,DELTA,NONE,NONE",
14.686216,2026-09-01T21:13:11.883+01:00,681160,1566033,162,162,True,True,0x02,"NO_IRQ,OK,NO_IRQ,NO_IRQ","NONE,DELTA,NONE,NONE",
14.689700,2026-09-01T21:13:11.884+01:00,681322,1566034,194,194,True,True,0x02,"NO_IRQ,OK,NO_IRQ,NO_IRQ","NONE,DELTA,NONE,NONE",
14.694656,2026-09-01T21:13:11.887+01:00,681516,1566035,186,186,True,True,0x02,"NO_IRQ,OK,NO_IRQ,NO_IRQ","NONE,DELTA,NONE,NONE",
14.701426,2026-09-01T21:13:11.892+01:00,681702,1566036,194,194,True,True,0x02,"NO_IRQ,OK,NO_IRQ,NO_IRQ","NONE,DELTA,NONE,NONE",
14.704628,2026-09-01T21:13:11.899+01:00,681896,1566037,188,188,True,True,0x02,"NO_IRQ,OK,NO_IRQ,NO_IRQ","NONE,DELTA,NONE,NONE",
14.709593,2026-09-01T21:13:11.902+01:00,682084,1566038,188,188,True,True,0x02,"NO_IRQ,OK,NO_IRQ,NO_IRQ","NONE,DELTA,NONE,NONE",
14.716612,2026-09-01T21:13:11.907+01:00,682272,1566039,158,158,True,True,0x02,"NO_IRQ,OK,NO_IRQ,NO_IRQ","NONE,DELTA,NONE,NONE",
14.719740,2026-09-01T21:13:11.914+01:00,682430,1566040,178,178,True,True,0x02,"NO_IRQ,OK,NO_IRQ,NO_IRQ","NONE,DELTA,NONE,NONE",
14.724826,2026-09-01T21:13:11.917+01:00,682608,1566041,154,154,True,True,0x02,"NO_IRQ,OK,NO_IRQ,NO_IRQ","NONE,DELTA,NONE,NONE",
14.732606,2026-09-01T21:13:11.922+01:00,682762,1566042,174,174,True,True,0x02,"NO_IRQ,OK,NO_IRQ,NO_IRQ","NONE,DELTA,NONE,NONE",
14.734324,2026-09-01T21:13:11.930+01:00,682936,1566043,178,178,True,True,0x02,"NO_IRQ,OK,NO_IRQ,NO_IRQ","NONE,DELTA,NONE,NONE",
14.739586,2026-09-01T21:13:11.932+01:00,683114,1566044,162,162,True,True,0x02,"NO_IRQ,OK,NO_IRQ,NO_IRQ","NONE,DELTA,NONE,NONE",
14.749222,2026-09-01T21:13:11.937+01:00,683276,1566045,154,154,True,True,0x02,"NO_IRQ,OK,NO_IRQ,NO_IRQ","NONE,DELTA,NONE,NONE",
14.749949,2026-09-01T21:13:11.947+01:00,683430,1566046,184,184,True,True,0x02,"NO_IRQ,OK,NO_IRQ,NO_IRQ","NONE,DELTA,NONE,NONE",
14.754248,2026-09-01T21:13:11.948+01:00,683614,1566047,178,178,True,True,0x02,"NO_IRQ,OK,NO_IRQ,NO_IRQ","NONE,DELTA,NONE,NONE",
14.765474,2026-09-01T21:13:11.952+01:00,683792,1566048,186,186,True,True,0x02,"NO_IRQ,OK,NO_IRQ,NO_IRQ","NONE,DELTA,NONE,NONE",
14.766159,2026-09-01T21:13:11.963+01:00,683978,1566049,176,176,True,True,0x02,"NO_IRQ,OK,NO_IRQ,NO_IRQ","NONE,DELTA,NONE,NONE",
14.769353,2026-09-01T21:13:11.964+01:00,684154,1566050,176,176,True,True,0x02,"NO_IRQ,OK,NO_IRQ,NO_IRQ","NONE,DELTA,NONE,NONE",
14.774464,2026-09-01T21:13:11.967+01:00,684330,1566051,186,186,True,True,0x02,"NO_IRQ,OK,NO_IRQ,NO_IRQ","NONE,DELTA,NONE,NONE",
14.781785,2026-09-01T21:13:11.972+01:00,684516,1566052,178,178,True,True,0x02,"NO_IRQ,OK,NO_IRQ,NO_IRQ","NONE,DELTA,NONE,NONE",
14.784646,2026-09-01T21:13:11.979+01:00,684694,1566053,178,178,True,True,0x02,"NO_IRQ,OK,NO_IRQ,NO_IRQ","NONE,DELTA,NONE,NONE",
14.789522,2026-09-01T21:13:11.982+01:00,684872,1566054,174,174,True,True,0x02,"NO_IRQ,OK,NO_IRQ,NO_IRQ","NONE,DELTA,NONE,NONE",
14.797630,2026-09-01T21:13:11.987+01:00,685046,1566055,192,192,True,True,0x02,"NO_IRQ,OK,NO_IRQ,NO_IRQ","NONE,DELTA,NONE,NONE",
14.799505,2026-09-01T21:13:11.995+01:00,685238,1566056,190,190,True,True,0x02,"NO_IRQ,OK,NO_IRQ,NO_IRQ","NONE,DELTA,NONE,NONE",
14.804369,2026-09-01T21:13:11.997+01:00,685428,1566057,194,194,True,True,0x02,"NO_IRQ,OK,NO_IRQ,NO_IRQ","NONE,DELTA,NONE,NONE",
14.809639,2026-09-01T21:13:12.002+01:00,685622,1566058,170,170,True,True,0x02,"NO_IRQ,OK,NO_IRQ,NO_IRQ","NONE,DELTA,NONE,NONE",
14.815918,2026-09-01T21:13:12.007+01:00,685792,1566059,170,170,True,True,0x02,"NO_IRQ,OK,NO_IRQ,NO_IRQ","NONE,DELTA,NONE,NONE",
14.819162,2026-09-01T21:13:12.013+01:00,685962,1566060,196,196,True,True,0x02,"NO_IRQ,OK,NO_IRQ,NO_IRQ","NONE,DELTA,NONE,NONE",
14.824101,2026-09-01T21:13:12.017+01:00,686158,1566061,150,150,True,True,0x02,"NO_IRQ,OK,NO_IRQ,NO_IRQ","NONE,DELTA,NONE,NONE",
14.833979,2026-09-01T21:13:12.022+01:00,686308,1566062,176,176,True,True,0x02,"NO_IRQ,OK,NO_IRQ,NO_IRQ","NONE,DELTA,NONE,NONE",
14.834351,2026-09-01T21:13:12.032+01:00,686484,1566063,170,170,True,True,0x02,"NO_IRQ,OK,NO_IRQ,NO_IRQ","NONE,DELTA,NONE,NONE",
14.847546,2026-09-01T21:13:12.032+01:00,686654,1566064,208,208,True,True,0x02,"NO_IRQ,OK,NO_IRQ,NO_IRQ","NONE,DELTA,NONE,NONE",
14.847896,2026-09-01T21:13:12.045+01:00,686862,1566065,172,172,True,True,0x02,"NO_IRQ,OK,NO_IRQ,NO_IRQ","NONE,DELTA,NONE,NONE",
14.849490,2026-09-01T21:13:12.045+01:00,687034,1566066,190,190,True,True,0x02,"NO_IRQ,OK,NO_IRQ,NO_IRQ","NONE,DELTA,NONE,NONE",
14.854240,2026-09-01T21:13:12.047+01:00,687224,1566067,186,186,True,True,0x02,"NO_IRQ,OK,NO_IRQ,NO_IRQ","NONE,DELTA,NONE,NONE",
14.864190,2026-09-01T21:13:12.052+01:00,687410,1566068,190,190,True,True,0x02,"NO_IRQ,OK,NO_IRQ,NO_IRQ","NONE,DELTA,NONE,NONE",
14.865309,2026-09-01T21:13:12.062+01:00,687600,1566069,190,190,True,True,0x02,"NO_IRQ,OK,NO_IRQ,NO_IRQ","NONE,DELTA,NONE,NONE",
14.869864,2026-09-01T21:13:12.063+01:00,687790,1566070,1084,1084,True,True,0x02,"NO_IRQ,OK,NO_IRQ,NO_IRQ","NONE,DELTA_SYNC,NONE,NONE",
14.874176,2026-09-01T21:13:12.068+01:00,688874,1566071,236,236,True,True,0x02,"NO_IRQ,OK,NO_IRQ,NO_IRQ","NONE,DELTA,NONE,NONE",
14.881574,2026-09-01T21:13:12.072+01:00,689110,1566072,230,230,True,True,0x02,"NO_IRQ,OK,NO_IRQ,NO_IRQ","NONE,DELTA,NONE,NONE",
14.884200,2026-09-01T21:13:12.079+01:00,689340,1566073,192,192,True,True,0x02,"NO_IRQ,OK,NO_IRQ,NO_IRQ","NONE,DELTA,NONE,NONE",
14.889033,2026-09-01T21:13:12.082+01:00,689532,1566074,182,182,True,True,0x02,"NO_IRQ,OK,NO_IRQ,NO_IRQ","NONE,DELTA,NONE,NONE",
14.897606,2026-09-01T21:13:12.087+01:00,689714,1566075,190,190,True,True,0x02,"NO_IRQ,OK,NO_IRQ,NO_IRQ","NONE,DELTA,NONE,NONE",
14.899556,2026-09-01T21:13:12.095+01:00,689904,1566076,158,158,True,True,0x02,"NO_IRQ,OK,NO_IRQ,NO_IRQ","NONE,DELTA,NONE,NONE",
14.904317,2026-09-01T21:13:12.097+01:00,690062,1566077,180,180,True,True,0x02,"NO_IRQ,OK,NO_IRQ,NO_IRQ","NONE,DELTA,NONE,NONE",
14.913107,2026-09-01T21:13:12.102+01:00,690242,1566078,170,170,True,True,0x02,"NO_IRQ,OK,NO_IRQ,NO_IRQ","NONE,DELTA,NONE,NONE",
14.914742,2026-09-01T21:13:12.111+01:00,690412,1566079,142,142,True,True,0x02,"NO_IRQ,OK,NO_IRQ,NO_IRQ","NONE,DELTA,NONE,NONE",
14.919337,2026-09-01T21:13:12.112+01:00,690554,1566080,200,200,True,True,0x02,"NO_IRQ,OK,NO_IRQ,NO_IRQ","NONE,DELTA,NONE,NONE",
14.929419,2026-09-01T21:13:12.117+01:00,690754,1566081,194,194,True,True,0x02,"NO_IRQ,OK,NO_IRQ,NO_IRQ","NONE,DELTA,NONE,NONE",
14.930016,2026-09-01T21:13:12.127+01:00,690948,1566082,188,188,True,True,0x02,"NO_IRQ,OK,NO_IRQ,NO_IRQ","NONE,DELTA,NONE,NONE",
14.934182,2026-09-01T21:13:12.127+01:00,691136,1566083,194,194,True,True,0x02,"NO_IRQ,OK,NO_IRQ,NO_IRQ","NONE,DELTA,NONE,NONE",
14.939109,2026-09-01T21:13:12.132+01:00,691330,1566084,210,210,True,True,0x02,"NO_IRQ,OK,NO_IRQ,NO_IRQ","NONE,DELTA,NONE,NONE",
14.945827,2026-09-01T21:13:12.137+01:00,691540,1566085,216,216,True,True,0x02,"NO_IRQ,OK,NO_IRQ,NO_IRQ","NONE,DELTA,NONE,NONE",
14.949554,2026-09-01T21:13:12.143+01:00,691756,1566086,182,182,True,True,0x02,"NO_IRQ,OK,NO_IRQ,NO_IRQ","NONE,DELTA,NONE,NONE",
14.954270,2026-09-01T21:13:12.147+01:00,691938,1566087,194,194,True,True,0x02,"NO_IRQ,OK,NO_IRQ,NO_IRQ","NONE,DELTA,NONE,NONE",
14.962371,2026-09-01T21:13:12.152+01:00,692132,1566088,186,186,True,True,0x02,"NO_IRQ,OK,NO_IRQ,NO_IRQ","NONE,DELTA,NONE,NONE",
14.964940,2026-09-01T21:13:12.160+01:00,692318,1566089,192,192,True,True,0x02,"NO_IRQ,OK,NO_IRQ,NO_IRQ","NONE,DELTA,NONE,NONE",
14.969578,2026-09-01T21:13:12.162+01:00,692510,1566090,192,192,True,True,0x02,"NO_IRQ,OK,NO_IRQ,NO_IRQ","NONE,DELTA,NONE,NONE",
14.975035,2026-09-01T21:13:12.167+01:00,692702,1566091,186,186,True,True,0x02,"NO_IRQ,OK,NO_IRQ,NO_IRQ","NONE,DELTA,NONE,NONE",
14.979502,2026-09-01T21:13:12.172+01:00,692888,1566092,186,186,True,True,0x02,"NO_IRQ,OK,NO_IRQ,NO_IRQ","NONE,DELTA,NONE,NONE",
14.984624,2026-09-01T21:13:12.177+01:00,693074,1566093,224,224,True,True,0x02,"NO_IRQ,OK,NO_IRQ,NO_IRQ","NONE,DELTA,NONE,NONE",
14.989203,2026-09-01T21:13:12.182+01:00,693298,1566094,206,206,True,True,0x02,"NO_IRQ,OK,NO_IRQ,NO_IRQ","NONE,DELTA,NONE,NONE",
14.995222,2026-09-01T21:13:12.187+01:00,693504,1566095,170,170,True,True,0x02,"NO_IRQ,OK,NO_IRQ,NO_IRQ","NONE,DELTA,NONE,NONE",
15.004352,2026-09-01T21:13:12.193+01:00,693674,1566096,208,208,True,True,0x02,"NO_IRQ,OK,NO_IRQ,NO_IRQ","NONE,DELTA,NONE,NONE",
15.004996,2026-09-01T21:13:12.202+01:00,693882,1566097,194,194,True,True,0x02,"NO_IRQ,OK,NO_IRQ,NO_IRQ","NONE,DELTA,NONE,NONE",
15.009231,2026-09-01T21:13:12.202+01:00,694076,1566098,202,202,True,True,0x02,"NO_IRQ,OK,NO_IRQ,NO_IRQ","NONE,DELTA,NONE,NONE",
15.019781,2026-09-01T21:13:12.207+01:00,694278,1566099,188,188,True,True,0x02,"NO_IRQ,OK,NO_IRQ,NO_IRQ","NONE,DELTA,NONE,NONE",
15.020394,2026-09-01T21:13:12.217+01:00,694466,1566100,200,200,True,True,0x02,"NO_IRQ,OK,NO_IRQ,NO_IRQ","NONE,DELTA,NONE,NONE",
15.024216,2026-09-01T21:13:12.218+01:00,694666,1566101,224,224,True,True,0x02,"NO_IRQ,OK,NO_IRQ,NO_IRQ","NONE,DELTA,NONE,NONE",
15.028862,2026-09-01T21:13:12.222+01:00,694890,1566102,190,190,True,True,0x02,"NO_IRQ,OK,NO_IRQ,NO_IRQ","NONE,DELTA,NONE,NONE",
15.035232,2026-09-01T21:13:12.226+01:00,695080,1566103,178,178,True,True,0x02,"NO_IRQ,OK,NO_IRQ,NO_IRQ","NONE,DELTA,NONE,NONE",
15.039228,2026-09-01T21:13:12.233+01:00,695258,1566104,204,204,True,True,0x02,"NO_IRQ,OK,NO_IRQ,NO_IRQ","NONE,DELTA,NONE,NONE",
15.044002,2026-09-01T21:13:12.237+01:00,695462,1566105,194,194,True,True,0x02,"NO_IRQ,OK,NO_IRQ,NO_IRQ","NONE,DELTA,NONE,NONE",
15.051818,2026-09-01T21:13:12.241+01:00,695656,1566106,200,200,True,True,0x02,"NO_IRQ,OK,NO_IRQ,NO_IRQ","NONE,DELTA,NONE,NONE",
15.053727,2026-09-01T21:13:12.250+01:00,695856,1566107,168,168,True,True,0x02,"NO_IRQ,OK,NO_IRQ,NO_IRQ","NONE,DELTA,NONE,NONE",
15.058990,2026-09-01T21:13:12.251+01:00,696024,1566108,194,194,True,True,0x02,"NO_IRQ,OK,NO_IRQ,NO_IRQ","NONE,DELTA,NONE,NONE",
15.064630,2026-09-01T21:13:12.256+01:00,696218,1566109,188,188,True,True,0x02,"NO_IRQ,OK,NO_IRQ,NO_IRQ","NONE,DELTA,NONE,NONE",
15.068828,2026-09-01T21:13:12.265+01:00,696406,1566110,174,174,True,True,0x02,"NO_IRQ,OK,NO_IRQ,NO_IRQ","NONE,DELTA,NONE,NONE",
15.073997,2026-09-01T21:13:12.267+01:00,696580,1566111,200,200,True,True,0x02,"NO_IRQ,OK,NO_IRQ,NO_IRQ","NONE,DELTA,NONE,NONE",
15.083942,2026-09-01T21:13:12.272+01:00,696780,1566112,204,204,True,True,0x02,"NO_IRQ,OK,NO_IRQ,NO_IRQ","NONE,DELTA,NONE,NONE",
15.084823,2026-09-01T21:13:12.281+01:00,696984,1566113,208,208,True,True,0x02,"NO_IRQ,OK,NO_IRQ,NO_IRQ","NONE,DELTA,NONE,NONE",
15.089103,2026-09-01T21:13:12.282+01:00,697192,1566114,210,210,True,True,0x02,"NO_IRQ,OK,NO_IRQ,NO_IRQ","NONE,DELTA,NONE,NONE",
15.098936,2026-09-01T21:13:12.287+01:00,697402,1566115,202,202,True,True,0x02,"NO_IRQ,OK,NO_IRQ,NO_IRQ","NONE,DELTA,NONE,NONE",
15.099870,2026-09-01T21:13:12.296+01:00,697604,1566116,178,178,True,True,0x02,"NO_IRQ,OK,NO_IRQ,NO_IRQ","NONE,DELTA,NONE,NONE",
15.103982,2026-09-01T21:13:12.297+01:00,697782,1566117,188,188,True,True,0x02,"NO_IRQ,OK,NO_IRQ,NO_IRQ","NONE,DELTA,NONE,NONE",
15.114974,2026-09-01T21:13:12.301+01:00,697970,1566118,182,182,True,True,0x02,"NO_IRQ,OK,NO_IRQ,NO_IRQ","NONE,DELTA,NONE,NONE",
15.115653,2026-09-01T21:13:12.312+01:00,698152,1566119,186,186,True,True,0x02,"NO_IRQ,OK,NO_IRQ,NO_IRQ","NONE,DELTA,NONE,NONE",
15.118902,2026-09-01T21:13:12.313+01:00,698338,1566120,174,174,True,True,0x02,"NO_IRQ,OK,NO_IRQ,NO_IRQ","NONE,DELTA,NONE,NONE",
15.123881,2026-09-01T21:13:12.316+01:00,698512,1566121,170,170,True,True,0x02,"NO_IRQ,OK,NO_IRQ,NO_IRQ","NONE,DELTA,NONE,NONE",
15.128888,2026-09-01T21:13:12.321+01:00,698682,1566122,196,196,True,True,0x02,"NO_IRQ,OK,NO_IRQ,NO_IRQ","NONE,DELTA,NONE,NONE",
15.133943,2026-09-01T21:13:12.326+01:00,698878,1566123,186,186,True,True,0x02,"NO_IRQ,OK,NO_IRQ,NO_IRQ","NONE,DELTA,NONE,NONE",
15.138606,2026-09-01T21:13:12.331+01:00,699064,1566124,204,204,True,True,0x02,"NO_IRQ,OK,NO_IRQ,NO_IRQ","NONE,DELTA,NONE,NONE",
15.143537,2026-09-01T21:13:12.336+01:00,699268,1566125,182,182,True,True,0x02,"NO_IRQ,OK,NO_IRQ,NO_IRQ","NONE,DELTA,NONE,NONE",
15.153372,2026-09-01T21:13:12.341+01:00,699450,1566126,190,190,True,True,0x02,"NO_IRQ,OK,NO_IRQ,NO_IRQ","NONE,DELTA,NONE,NONE",
15.153744,2026-09-01T21:13:12.351+01:00,699640,1566127,214,214,True,True,0x02,"NO_IRQ,OK,NO_IRQ,NO_IRQ","NONE,DELTA,NONE,NONE",
15.166248,2026-09-01T21:13:12.351+01:00,699854,1566128,218,218,True,True,0x02,"NO_IRQ,OK,NO_IRQ,NO_IRQ","NONE,DELTA,NONE,NONE",
15.166988,2026-09-01T21:13:12.364+01:00,700072,1566129,188,188,True,True,0x02,"NO_IRQ,OK,NO_IRQ,NO_IRQ","NONE,DELTA,NONE,NONE",
15.168936,2026-09-01T21:13:12.365+01:00,700260,1566130,182,182,True,True,0x02,"NO_IRQ,OK,NO_IRQ,NO_IRQ","NONE,DELTA,NONE,NONE",
15.173805,2026-09-01T21:13:12.367+01:00,700442,1566131,182,182,True,True,0x02,"NO_IRQ,OK,NO_IRQ,NO_IRQ","NONE,DELTA,NONE,NONE",
15.182790,2026-09-01T21:13:12.371+01:00,700624,1566132,176,176,True,True,0x02,"NO_IRQ,OK,NO_IRQ,NO_IRQ","NONE,DELTA,NONE,NONE",
15.183879,2026-09-01T21:13:12.380+01:00,700800,1566133,150,150,True,True,0x02,"NO_IRQ,OK,NO_IRQ,NO_IRQ","NONE,DELTA,NONE,NONE",
15.188494,2026-09-01T21:13:12.382+01:00,700950,1566134,188,188,True,True,0x02,"NO_IRQ,OK,NO_IRQ,NO_IRQ","NONE,DELTA,NONE,NONE",
15.199535,2026-09-01T21:13:12.386+01:00,701138,1566135,180,180,True,True,0x02,"NO_IRQ,OK,NO_IRQ,NO_IRQ","NONE,DELTA,NONE,NONE",
15.199869,2026-09-01T21:13:12.397+01:00,701318,1566136,172,172,True,True,0x02,"NO_IRQ,OK,NO_IRQ,NO_IRQ","NONE,DELTA,NONE,NONE",
15.203573,2026-09-01T21:13:12.397+01:00,701490,1566137,172,172,True,True,0x02,"NO_IRQ,OK,NO_IRQ,NO_IRQ","NONE,DELTA,NONE,NONE",
15.208456,2026-09-01T21:13:12.401+01:00,701662,1566138,188,188,True,True,0x02,"NO_IRQ,OK,NO_IRQ,NO_IRQ","NONE,DELTA,NONE,NONE",
15.216135,2026-09-01T21:13:12.406+01:00,701850,1566139,182,182,True,True,0x02,"NO_IRQ,OK,NO_IRQ,NO_IRQ","NONE,DELTA,NONE,NONE",
15.218765,2026-09-01T21:13:12.414+01:00,702032,1566140,172,172,True,True,0x02,"NO_IRQ,OK,NO_IRQ,NO_IRQ","NONE,DELTA,NONE,NONE",
15.223790,2026-09-01T21:13:12.416+01:00,702204,1566141,192,192,True,True,0x02,"NO_IRQ,OK,NO_IRQ,NO_IRQ","NONE,DELTA,NONE,NONE",
15.232376,2026-09-01T21:13:12.421+01:00,702396,1566142,184,184,True,True,0x02,"NO_IRQ,OK,NO_IRQ,NO_IRQ","NONE,DELTA,NONE,NONE",
15.233613,2026-09-01T21:13:12.430+01:00,702580,1566143,164,164,True,True,0x02,"NO_IRQ,OK,NO_IRQ,NO_IRQ","NONE,DELTA,NONE,NONE",
15.238689,2026-09-01T21:13:12.431+01:00,702744,1566144,206,206,True,True,0x02,"NO_IRQ,OK,NO_IRQ,NO_IRQ","NONE,DELTA,NONE,NONE",
15.244663,2026-09-01T21:13:12.436+01:00,702950,1566145,188,188,True,True,0x02,"NO_IRQ,OK,NO_IRQ,NO_IRQ","NONE,DELTA,NONE,NONE",
15.249550,2026-09-01T21:13:12.442+01:00,703138,1566146,176,176,True,True,0x02,"NO_IRQ,OK,NO_IRQ,NO_IRQ","NONE,DELTA,NONE,NONE",
15.253675,2026-09-01T21:13:12.447+01:00,703314,1566147,172,172,True,True,0x02,"NO_IRQ,OK,NO_IRQ,NO_IRQ","NONE,DELTA,NONE,NONE",
15.264864,2026-09-01T21:13:12.451+01:00,703486,1566148,170,170,True,True,0x02,"NO_IRQ,OK,NO_IRQ,NO_IRQ","NONE,DELTA,NONE,NONE",
15.265762,2026-09-01T21:13:12.462+01:00,703656,1566149,172,172,True,True,0x02,"NO_IRQ,OK,NO_IRQ,NO_IRQ","NONE,DELTA,NONE,NONE",
15.268770,2026-09-01T21:13:12.463+01:00,703828,1566150,198,198,True,True,0x02,"NO_IRQ,OK,NO_IRQ,NO_IRQ","NONE,DELTA,NONE,NONE",
15.273575,2026-09-01T21:13:12.466+01:00,704026,1566151,168,168,True,True,0x02,"NO_IRQ,OK,NO_IRQ,NO_IRQ","NONE,DELTA,NONE,NONE",
15.281077,2026-09-01T21:13:12.471+01:00,704194,1566152,166,166,True,True,0x02,"NO_IRQ,OK,NO_IRQ,NO_IRQ","NONE,DELTA,NONE,NONE",
15.283653,2026-09-01T21:13:12.479+01:00,704360,1566153,156,156,True,True,0x02,"NO_IRQ,OK,NO_IRQ,NO_IRQ","NONE,DELTA,NONE,NONE",
15.288424,2026-09-01T21:13:12.481+01:00,704516,1566154,186,186,True,True,0x02,"NO_IRQ,OK,NO_IRQ,NO_IRQ","NONE,DELTA,NONE,NONE",
15.293407,2026-09-01T21:13:12.486+01:00,704702,1566155,180,180,True,True,0x02,"NO_IRQ,OK,NO_IRQ,NO_IRQ","NONE,DELTA,NONE,NONE",
15.298306,2026-09-01T21:13:12.491+01:00,704882,1566156,172,172,True,True,0x02,"NO_IRQ,OK,NO_IRQ,NO_IRQ","NONE,DELTA,NONE,NONE",
15.303202,2026-09-01T21:13:12.496+01:00,705054,1566157,152,152,True,True,0x02,"NO_IRQ,OK,NO_IRQ,NO_IRQ","NONE,DELTA,NONE,NONE",
15.308230,2026-09-01T21:13:12.501+01:00,705206,1566158,188,188,True,True,0x02,"NO_IRQ,OK,NO_IRQ,NO_IRQ","NONE,DELTA,NONE,NONE",
15.321892,2026-09-01T21:13:12.506+01:00,705394,1566159,180,180,True,True,0x02,"NO_IRQ,OK,NO_IRQ,NO_IRQ","NONE,DELTA,NONE,NONE",
15.322612,2026-09-01T21:13:12.519+01:00,705574,1566160,184,184,True,True,0x02,"NO_IRQ,OK,NO_IRQ,NO_IRQ","NONE,DELTA,NONE,NONE",
15.323476,2026-09-01T21:13:12.520+01:00,705758,1566161,174,174,True,True,0x02,"NO_IRQ,OK,NO_IRQ,NO_IRQ","NONE,DELTA,NONE,NONE",
15.328653,2026-09-01T21:13:12.521+01:00,705932,1566162,170,170,True,True,0x02,"NO_IRQ,OK,NO_IRQ,NO_IRQ","NONE,DELTA,NONE,NONE",
15.338725,2026-09-01T21:13:12.526+01:00,706102,1566163,182,182,True,True,0x02,"NO_IRQ,OK,NO_IRQ,NO_IRQ","NONE,DELTA,NONE,NONE",
15.339308,2026-09-01T21:13:12.536+01:00,706284,1566164,160,160,True,True,0x02,"NO_IRQ,OK,NO_IRQ,NO_IRQ","NONE,DELTA,NONE,NONE",
15.343491,2026-09-01T21:13:12.537+01:00,706444,1566165,194,194,True,True,0x02,"NO_IRQ,OK,NO_IRQ,NO_IRQ","NONE,DELTA,NONE,NONE",
15.348589,2026-09-01T21:13:12.541+01:00,706638,1566166,174,174,True,True,0x02,"NO_IRQ,OK,NO_IRQ,NO_IRQ","NONE,DELTA,NONE,NONE",
15.355523,2026-09-01T21:13:12.546+01:00,706812,1566167,164,164,True,True,0x02,"NO_IRQ,OK,NO_IRQ,NO_IRQ","NONE,DELTA,NONE,NONE",
15.358425,2026-09-01T21:13:12.553+01:00,706976,1566168,158,158,True,True,0x02,"NO_IRQ,OK,NO_IRQ,NO_IRQ","NONE,DELTA,NONE,NONE",
15.363323,2026-09-01T21:13:12.556+01:00,707134,1566169,142,142,True,True,0x02,"NO_IRQ,OK,NO_IRQ,NO_IRQ","NONE,DELTA,NONE,NONE",
15.371924,2026-09-01T21:13:12.561+01:00,707276,1566170,164,164,True,True,0x02,"NO_IRQ,OK,NO_IRQ,NO_IRQ","NONE,DELTA,NONE,NONE",
15.373318,2026-09-01T21:13:12.569+01:00,707440,1566171,186,186,True,True,0x02,"NO_IRQ,OK,NO_IRQ,NO_IRQ","NONE,DELTA,NONE,NONE",
15.378384,2026-09-01T21:13:12.571+01:00,707626,1566172,160,160,True,True,0x02,"NO_IRQ,OK,NO_IRQ,NO_IRQ","NONE,DELTA,NONE,NONE",
15.387942,2026-09-01T21:13:12.576+01:00,707786,1566173,176,176,True,True,0x02,"NO_IRQ,OK,NO_IRQ,NO_IRQ","NONE,DELTA,NONE,NONE",
15.388765,2026-09-01T21:13:12.586+01:00,707962,1566174,210,210,True,True,0x02,"NO_IRQ,OK,NO_IRQ,NO_IRQ","NONE,DELTA,NONE,NONE",
15.393362,2026-09-01T21:13:12.586+01:00,708172,1566175,206,206,True,True,0x02,"NO_IRQ,OK,NO_IRQ,NO_IRQ","NONE,DELTA,NONE,NONE",
15.403534,2026-09-01T21:13:12.591+01:00,708378,1566176,178,178,True,True,0x02,"NO_IRQ,OK,NO_IRQ,NO_IRQ","NONE,DELTA,NONE,NONE",
15.404151,2026-09-01T21:13:12.601+01:00,708556,1566177,184,184,True,True,0x02,"NO_IRQ,OK,NO_IRQ,NO_IRQ","NONE,DELTA,NONE,NONE",
15.408326,2026-09-01T21:13:12.602+01:00,708740,1566178,170,170,True,True,0x02,"NO_IRQ,OK,NO_IRQ,NO_IRQ","NONE,DELTA,NONE,NONE",
15.418796,2026-09-01T21:13:12.606+01:00,708910,1566179,190,190,True,True,0x02,"NO_IRQ,OK,NO_IRQ,NO_IRQ","NONE,DELTA,NONE,NONE",
15.419423,2026-09-01T21:13:12.616+01:00,709100,1566180,206,206,True,True,0x02,"NO_IRQ,OK,NO_IRQ,NO_IRQ","NONE,DELTA,NONE,NONE",
15.423320,2026-09-01T21:13:12.617+01:00,709306,1566181,208,208,True,True,0x02,"NO_IRQ,OK,NO_IRQ,NO_IRQ","NONE,DELTA,NONE,NONE",
15.432714,2026-09-01T21:13:12.621+01:00,709514,1566182,206,206,True,True,0x02,"NO_IRQ,OK,NO_IRQ,NO_IRQ","NONE,DELTA,NONE,NONE",
15.435993,2026-09-01T21:13:12.633+01:00,709720,1566183,180,180,True,True,0x02,"NO_IRQ,OK,NO_IRQ,NO_IRQ","NONE,DELTA,NONE,NONE",
15.438324,2026-09-01T21:13:12.633+01:00,709900,1566184,194,194,True,True,0x02,"NO_IRQ,OK,NO_IRQ,NO_IRQ","NONE,DELTA,NONE,NONE",
15.443066,2026-09-01T21:13:12.636+01:00,710094,1566185,196,196,True,True,0x02,"NO_IRQ,OK,NO_IRQ,NO_IRQ","NONE,DELTA,NONE,NONE",
15.448214,2026-09-01T21:13:12.641+01:00,710290,1566186,188,188,True,True,0x02,"NO_IRQ,OK,NO_IRQ,NO_IRQ","NONE,DELTA,NONE,NONE",
15.453072,2026-09-01T21:13:12.646+01:00,710478,1566187,186,186,True,True,0x02,"NO_IRQ,OK,NO_IRQ,NO_IRQ","NONE,DELTA,NONE,NONE",
15.457981,2026-09-01T21:13:12.651+01:00,710664,1566188,208,208,True,True,0x02,"NO_IRQ,OK,NO_IRQ,NO_IRQ","NONE,DELTA,NONE,NONE",
15.462932,2026-09-01T21:13:12.655+01:00,710872,1566189,156,156,True,True,0x02,"NO_IRQ,OK,NO_IRQ,NO_IRQ","NONE,DELTA,NONE,NONE",
15.471977,2026-09-01T21:13:12.660+01:00,711028,1566190,202,202,True,True,0x02,"NO_IRQ,OK,NO_IRQ,NO_IRQ","NONE,DELTA,NONE,NONE",
15.472892,2026-09-01T21:13:12.670+01:00,711230,1566191,176,176,True,True,0x02,"NO_IRQ,OK,NO_IRQ,NO_IRQ","NONE,DELTA,NONE,NONE",
15.485800,2026-09-01T21:13:12.670+01:00,711406,1566192,192,192,True,True,0x02,"NO_IRQ,OK,NO_IRQ,NO_IRQ","NONE,DELTA,NONE,NONE",
15.486458,2026-09-01T21:13:12.683+01:00,711598,1566193,180,180,True,True,0x02,"NO_IRQ,OK,NO_IRQ,NO_IRQ","NONE,DELTA,NONE,NONE",
15.488264,2026-09-01T21:13:12.684+01:00,711778,1566194,198,198,True,True,0x02,"NO_IRQ,OK,NO_IRQ,NO_IRQ","NONE,DELTA,NONE,NONE",
15.492996,2026-09-01T21:13:12.686+01:00,711976,1566195,204,204,True,True,0x02,"NO_IRQ,OK,NO_IRQ,NO_IRQ","NONE,DELTA,NONE,NONE",
15.502367,2026-09-01T21:13:12.691+01:00,712180,1566196,198,198,True,True,0x02,"NO_IRQ,OK,NO_IRQ,NO_IRQ","NONE,DELTA,NONE,NONE",
15.503322,2026-09-01T21:13:12.700+01:00,712378,1566197,192,192,True,True,0x02,"NO_IRQ,OK,NO_IRQ,NO_IRQ","NONE,DELTA,NONE,NONE",
15.507929,2026-09-01T21:13:12.701+01:00,712570,1566198,188,188,True,True,0x02,"NO_IRQ,OK,NO_IRQ,NO_IRQ","NONE,DELTA,NONE,NONE",
15.518809,2026-09-01T21:13:12.706+01:00,712758,1566199,174,174,True,True,0x02,"NO_IRQ,OK,NO_IRQ,NO_IRQ","NONE,DELTA,NONE,NONE",
15.519707,2026-09-01T21:13:12.716+01:00,712932,1566200,188,188,True,True,0x02,"NO_IRQ,OK,NO_IRQ,NO_IRQ","NONE,DELTA,NONE,NONE",
15.523077,2026-09-01T21:13:12.717+01:00,713120,1566201,190,190,True,True,0x02,"NO_IRQ,OK,NO_IRQ,NO_IRQ","NONE,DELTA,NONE,NONE",
15.528000,2026-09-01T21:13:12.721+01:00,713310,1566202,174,174,True,True,0x02,"NO_IRQ,OK,NO_IRQ,NO_IRQ","NONE,DELTA,NONE,NONE",
15.535706,2026-09-01T21:13:12.726+01:00,713484,1566203,170,170,True,True,0x02,"NO_IRQ,OK,NO_IRQ,NO_IRQ","NONE,DELTA,NONE,NONE",
15.538100,2026-09-01T21:13:12.733+01:00,713654,1566204,194,194,True,True,0x02,"NO_IRQ,OK,NO_IRQ,NO_IRQ","NONE,DELTA,NONE,NONE",
15.542973,2026-09-01T21:13:12.736+01:00,713848,1566205,190,190,True,True,0x02,"NO_IRQ,OK,NO_IRQ,NO_IRQ","NONE,DELTA,NONE,NONE",
15.552075,2026-09-01T21:13:12.740+01:00,714038,1566206,172,172,True,True,0x02,"NO_IRQ,OK,NO_IRQ,NO_IRQ","NONE,DELTA,NONE,NONE",
15.553018,2026-09-01T21:13:12.750+01:00,714210,1566207,174,174,True,True,0x02,"NO_IRQ,OK,NO_IRQ,NO_IRQ","NONE,DELTA,NONE,NONE",
15.558743,2026-09-01T21:13:12.750+01:00,714384,1566208,184,184,True,True,0x02,"NO_IRQ,OK,NO_IRQ,NO_IRQ","NONE,DELTA,NONE,NONE",
15.563827,2026-09-01T21:13:12.757+01:00,714568,1566209,210,210,True,True,0x02,"NO_IRQ,OK,NO_IRQ,NO_IRQ","NONE,DELTA,NONE,NONE",
15.568934,2026-09-01T21:13:12.762+01:00,714778,1566210,194,194,True,True,0x02,"NO_IRQ,OK,NO_IRQ,NO_IRQ","NONE,DELTA,NONE,NONE",
15.572904,2026-09-01T21:13:12.766+01:00,714972,1566211,190,190,True,True,0x02,"NO_IRQ,OK,NO_IRQ,NO_IRQ","NONE,DELTA,NONE,NONE",
15.577736,2026-09-01T21:13:12.771+01:00,715162,1566212,186,186,True,True,0x02,"NO_IRQ,OK,NO_IRQ,NO_IRQ","NONE,DELTA,NONE,NONE",
15.584416,2026-09-01T21:13:12.775+01:00,715348,1566213,160,160,True,True,0x02,"NO_IRQ,OK,NO_IRQ,NO_IRQ","NONE,DELTA,NONE,NONE",
15.588189,2026-09-01T21:13:12.782+01:00,715508,1566214,158,158,True,True,0x02,"NO_IRQ,OK,NO_IRQ,NO_IRQ","NONE,DELTA,NONE,NONE",
15.593000,2026-09-01T21:13:12.786+01:00,715666,1566215,174,174,True,True,0x02,"NO_IRQ,OK,NO_IRQ,NO_IRQ","NONE,DELTA,NONE,NONE",
15.597952,2026-09-01T21:13:12.791+01:00,715840,1566216,178,178,True,True,0x02,"NO_IRQ,OK,NO_IRQ,NO_IRQ","NONE,DELTA,NONE,NONE",
15.603118,2026-09-01T21:13:12.795+01:00,716018,1566217,196,196,True,True,0x02,"NO_IRQ,OK,NO_IRQ,NO_IRQ","NONE,DELTA,NONE,NONE",
15.607867,2026-09-01T21:13:12.801+01:00,716214,1566218,188,188,True,True,0x02,"NO_IRQ,OK,NO_IRQ,NO_IRQ","NONE,DELTA,NONE,NONE",
15.614098,2026-09-01T21:13:12.806+01:00,716402,1566219,164,164,True,True,0x02,"NO_IRQ,OK,NO_IRQ,NO_IRQ","NONE,DELTA,NONE,NONE",
15.618623,2026-09-01T21:13:12.813+01:00,716566,1566220,186,186,True,True,0x02,"NO_IRQ,OK,NO_IRQ,NO_IRQ","NONE,DELTA,NONE,NONE",
15.622779,2026-09-01T21:13:12.816+01:00,716752,1566221,198,198,True,True,0x02,"NO_IRQ,OK,NO_IRQ,NO_IRQ","NONE,DELTA,NONE,NONE",
15.627643,2026-09-01T21:13:12.820+01:00,716950,1566222,198,198,True,True,0x02,"NO_IRQ,OK,NO_IRQ,NO_IRQ","NONE,DELTA,NONE,NONE",
15.642513,2026-09-01T21:13:12.825+01:00,717148,1566223,174,174,True,True,0x02,"NO_IRQ,OK,NO_IRQ,NO_IRQ","NONE,DELTA,NONE,NONE",
15.643177,2026-09-01T21:13:12.840+01:00,717322,1566224,208,208,True,True,0x02,"NO_IRQ,OK,NO_IRQ,NO_IRQ","NONE,DELTA,NONE,NONE",
15.643721,2026-09-01T21:13:12.841+01:00,717530,1566225,186,186,True,True,0x02,"NO_IRQ,OK,NO_IRQ,NO_IRQ","NONE,DELTA,NONE,NONE",
15.648883,2026-09-01T21:13:12.841+01:00,717716,1566226,180,180,True,True,0x02,"NO_IRQ,OK,NO_IRQ,NO_IRQ","NONE,DELTA,NONE,NONE",
15.652849,2026-09-01T21:13:12.847+01:00,717896,1566227,170,170,True,True,0x02,"NO_IRQ,OK,NO_IRQ,NO_IRQ","NONE,DELTA,NONE,NONE",
15.661526,2026-09-01T21:13:12.851+01:00,718066,1566228,160,160,True,True,0x02,"NO_IRQ,OK,NO_IRQ,NO_IRQ","NONE,DELTA,NONE,NONE",
15.663148,2026-09-01T21:13:12.859+01:00,718226,1566229,204,204,True,True,0x02,"NO_IRQ,OK,NO_IRQ,NO_IRQ","NONE,DELTA,NONE,NONE",
15.668189,2026-09-01T21:13:12.861+01:00,718430,1566230,190,190,True,True,0x02,"NO_IRQ,OK,NO_IRQ,NO_IRQ","NONE,DELTA,NONE,NONE",
15.672605,2026-09-01T21:13:12.866+01:00,718620,1566231,192,192,True,True,0x02,"NO_IRQ,OK,NO_IRQ,NO_IRQ","NONE,DELTA,NONE,NONE",
15.679361,2026-09-01T21:13:12.870+01:00,718812,1566232,180,180,True,True,0x02,"NO_IRQ,OK,NO_IRQ,NO_IRQ","NONE,DELTA,NONE,NONE",
15.682620,2026-09-01T21:13:12.877+01:00,718992,1566233,174,174,True,True,0x02,"NO_IRQ,OK,NO_IRQ,NO_IRQ","NONE,DELTA,NONE,NONE",
15.687739,2026-09-01T21:13:12.880+01:00,719166,1566234,196,196,True,True,0x02,"NO_IRQ,OK,NO_IRQ,NO_IRQ","NONE,DELTA,NONE,NONE",
15.694803,2026-09-01T21:13:12.885+01:00,719362,1566235,216,216,True,True,0x02,"NO_IRQ,OK,NO_IRQ,NO_IRQ","NONE,DELTA,NONE,NONE",
15.698397,2026-09-01T21:13:12.892+01:00,719578,1566236,184,184,True,True,0x02,"NO_IRQ,OK,NO_IRQ,NO_IRQ","NONE,DELTA,NONE,NONE",
15.703118,2026-09-01T21:13:12.896+01:00,719762,1566237,388,388,True,True,0x02,"NO_IRQ,OK,NO_IRQ,NO_IRQ","NONE,DELTA,NONE,NONE",
15.710986,2026-09-01T21:13:12.901+01:00,720150,1566238,418,418,True,True,0x02,"NO_IRQ,OK,NO_IRQ,NO_IRQ","NONE,DELTA,NONE,NONE",
15.713030,2026-09-01T21:13:12.909+01:00,720568,1566239,432,432,True,True,0x02,"NO_IRQ,OK,NO_IRQ,NO_IRQ","NONE,DELTA,NONE,NONE",
15.718049,2026-09-01T21:13:12.911+01:00,721000,1566240,420,420,True,True,0x02,"NO_IRQ,OK,NO_IRQ,NO_IRQ","NONE,DELTA,NONE,NONE",
15.727514,2026-09-01T21:13:12.916+01:00,721420,1566241,446,446,True,True,0x02,"NO_IRQ,OK,NO_IRQ,NO_IRQ","NONE,DELTA,NONE,NONE",
15.727871,2026-09-01T21:13:12.925+01:00,721866,1566242,394,394,True,True,0x02,"NO_IRQ,OK,NO_IRQ,NO_IRQ","NONE,DELTA,NONE,NONE",
15.733392,2026-09-01T21:13:12.925+01:00,722260,1566243,382,382,True,True,0x02,"NO_IRQ,OK,NO_IRQ,NO_IRQ","NONE,DELTA,NONE,NONE",
15.737932,2026-09-01T21:13:12.931+01:00,722642,1566244,384,384,True,True,0x02,"NO_IRQ,OK,NO_IRQ,NO_IRQ","NONE,DELTA,NONE,NONE",
15.743388,2026-09-01T21:13:12.936+01:00,723026,1566245,410,410,True,True,0x02,"NO_IRQ,OK,NO_IRQ,NO_IRQ","NONE,DELTA,NONE,NONE",
15.748661,2026-09-01T21:13:12.941+01:00,723436,1566246,498,498,True,True,0x02,"NO_IRQ,OK,NO_IRQ,NO_IRQ","NONE,DELTA,NONE,NONE",
15.752962,2026-09-01T21:13:12.946+01:00,723934,1566247,516,516,True,True,0x02,"NO_IRQ,OK,NO_IRQ,NO_IRQ","NONE,DELTA,NONE,NONE",
15.760517,2026-09-01T21:13:12.951+01:00,724450,1566248,490,490,True,True,0x02,"NO_IRQ,OK,NO_IRQ,NO_IRQ","NONE,DELTA,NONE,NONE",
15.763394,2026-09-01T21:13:12.958+01:00,724940,1566249,526,526,True,True,0x02,"NO_IRQ,OK,NO_IRQ,NO_IRQ","NONE,DELTA,NONE,NONE",
15.768439,2026-09-01T21:13:12.961+01:00,725466,1566250,586,586,True,True,0x02,"NO_IRQ,OK,NO_IRQ,NO_IRQ","NONE,DELTA,NONE,NONE",
15.773636,2026-09-01T21:13:12.966+01:00,726052,1566251,538,538,True,True,0x02,"NO_IRQ,OK,NO_IRQ,NO_IRQ","NONE,DELTA,NONE,NONE",
15.778481,2026-09-01T21:13:12.971+01:00,726590,1566252,570,570,True,True,0x02,"NO_IRQ,OK,NO_IRQ,NO_IRQ","NONE,DELTA,NONE,NONE",
15.783075,2026-09-01T21:13:12.976+01:00,727160,1566253,524,524,True,True,0x02,"NO_IRQ,OK,NO_IRQ,NO_IRQ","NONE,DELTA,NONE,NONE",
15.788006,2026-09-01T21:13:12.981+01:00,727684,1566254,604,604,True,True,0x02,"NO_IRQ,OK,NO_IRQ,NO_IRQ","NONE,DELTA,NONE,NONE",
15.798066,2026-09-01T21:13:12.985+01:00,728288,1566255,554,554,True,True,0x02,"NO_IRQ,OK,NO_IRQ,NO_IRQ","NONE,DELTA,NONE,NONE",
15.799213,2026-09-01T21:13:12.996+01:00,728842,1566256,580,580,True,True,0x02,"NO_IRQ,OK,NO_IRQ,NO_IRQ","NONE,DELTA,NONE,NONE",
15.811847,2026-09-01T21:13:12.997+01:00,729422,1566257,500,500,True,True,0x02,"NO_IRQ,OK,NO_IRQ,NO_IRQ","NONE,DELTA,NONE,NONE",
15.814219,2026-09-01T21:13:13.010+01:00,729922,1566258,552,552,True,True,0x02,"NO_IRQ,OK,NO_IRQ,NO_IRQ","NONE,DELTA,NONE,NONE",
15.815031,2026-09-01T21:13:13.012+01:00,730474,1566259,514,514,True,True,0x02,"NO_IRQ,OK,NO_IRQ,NO_IRQ","NONE,DELTA,NONE,NONE",
15.818332,2026-09-01T21:13:13.013+01:00,730988,1566260,552,552,True,True,0x02,"NO_IRQ,OK,NO_IRQ,NO_IRQ","NONE,DELTA,NONE,NONE",
15.823350,2026-09-01T21:13:13.016+01:00,731540,1566261,506,506,True,True,0x02,"NO_IRQ,OK,NO_IRQ,NO_IRQ","NONE,DELTA,NONE,NONE",
15.830110,2026-09-01T21:13:13.021+01:00,732046,1566262,438,438,True,True,0x02,"NO_IRQ,OK,NO_IRQ,NO_IRQ","NONE,DELTA,NONE,NONE",
15.833006,2026-09-01T21:13:13.028+01:00,732484,1566263,412,412,True,True,0x02,"NO_IRQ,OK,NO_IRQ,NO_IRQ","NONE,DELTA,NONE,NONE",
15.837954,2026-09-01T21:13:13.030+01:00,732896,1566264,402,402,True,True,0x02,"NO_IRQ,OK,NO_IRQ,NO_IRQ","NONE,DELTA,NONE,NONE",
15.846855,2026-09-01T21:13:13.035+01:00,733298,1566265,430,430,True,True,0x02,"NO_IRQ,OK,NO_IRQ,NO_IRQ","NONE,DELTA,NONE,NONE",
15.848034,2026-09-01T21:13:13.044+01:00,733728,1566266,398,398,True,True,0x02,"NO_IRQ,OK,NO_IRQ,NO_IRQ","NONE,DELTA,NONE,NONE",
15.852964,2026-09-01T21:13:13.046+01:00,734126,1566267,468,468,True,True,0x02,"NO_IRQ,OK,NO_IRQ,NO_IRQ","NONE,DELTA,NONE,NONE",
15.862626,2026-09-01T21:13:13.050+01:00,734594,1566268,408,408,True,True,0x02,"NO_IRQ,OK,NO_IRQ,NO_IRQ","NONE,DELTA,NONE,NONE",
15.863329,2026-09-01T21:13:13.060+01:00,735002,1566269,450,450,True,True,0x02,"NO_IRQ,OK,NO_IRQ,NO_IRQ","NONE,DELTA,NONE,NONE",
15.868023,2026-09-01T21:13:13.061+01:00,735452,1566270,1084,1084,True,True,0x02,"NO_IRQ,OK,NO_IRQ,NO_IRQ","NONE,DELTA_SYNC,NONE,NONE",
15.872767,2026-09-01T21:13:13.066+01:00,736536,1566271,446,446,True,True,0x02,"NO_IRQ,OK,NO_IRQ,NO_IRQ","NONE,DELTA,NONE,NONE",
15.881135,2026-09-01T21:13:13.070+01:00,736982,1566272,366,366,True,True,0x02,"NO_IRQ,OK,NO_IRQ,NO_IRQ","NONE,DELTA,NONE,NONE",
15.882523,2026-09-01T21:13:13.079+01:00,737348,1566273,336,336,True,True,0x02,"NO_IRQ,OK,NO_IRQ,NO_IRQ","NONE,DELTA,NONE,NONE",
15.887660,2026-09-01T21:13:13.080+01:00,737684,1566274,318,318,True,True,0x02,"NO_IRQ,OK,NO_IRQ,NO_IRQ","NONE,DELTA,NONE,NONE",
15.896837,2026-09-01T21:13:13.085+01:00,738002,1566275,410,410,True,True,0x02,"NO_IRQ,OK,NO_IRQ,NO_IRQ","NONE,DELTA,NONE,NONE",
15.898327,2026-09-01T21:13:13.094+01:00,738412,1566276,334,334,True,True,0x02,"NO_IRQ,OK,NO_IRQ,NO_IRQ","NONE,DELTA,NONE,NONE",
15.902638,2026-09-01T21:13:13.096+01:00,738746,1566277,366,366,True,True,0x02,"NO_IRQ,OK,NO_IRQ,NO_IRQ","NONE,DELTA,NONE,NONE",
15.907307,2026-09-01T21:13:13.100+01:00,739112,1566278,310,310,True,True,0x02,"NO_IRQ,OK,NO_IRQ,NO_IRQ","NONE,DELTA,NONE,NONE",
15.914477,2026-09-01T21:13:13.105+01:00,739422,1566279,322,322,True,True,0x02,"NO_IRQ,OK,NO_IRQ,NO_IRQ","NONE,DELTA,NONE,NONE",
15.917496,2026-09-01T21:13:13.112+01:00,739744,1566280,294,294,True,True,0x02,"NO_IRQ,OK,NO_IRQ,NO_IRQ","NONE,DELTA,NONE,NONE",
15.922379,2026-09-01T21:13:13.115+01:00,740038,1566281,304,304,True,True,0x02,"NO_IRQ,OK,NO_IRQ,NO_IRQ","NONE,DELTA,NONE,NONE",
15.929973,2026-09-01T21:13:13.120+01:00,740342,1566282,258,258,True,True,0x02,"NO_IRQ,OK,NO_IRQ,NO_IRQ","NONE,DELTA,NONE,NONE",
15.932422,2026-09-01T21:13:13.127+01:00,740600,1566283,266,266,True,True,0x02,"NO_IRQ,OK,NO_IRQ,NO_IRQ","NONE,DELTA,NONE,NONE",
15.937499,2026-09-01T21:13:13.130+01:00,740866,1566284,270,270,True,True,0x02,"NO_IRQ,OK,NO_IRQ,NO_IRQ","NONE,DELTA,NONE,NONE",
15.943425,2026-09-01T21:13:13.135+01:00,741136,1566285,340,340,True,True,0x02,"NO_IRQ,OK,NO_IRQ,NO_IRQ","NONE,DELTA,NONE,NONE",
15.948235,2026-09-01T21:13:13.141+01:00,741476,1566286,300,300,True,True,0x02,"NO_IRQ,OK,NO_IRQ,NO_IRQ","NONE,DELTA,NONE,NONE",
15.952329,2026-09-01T21:13:13.146+01:00,741776,1566287,356,356,True,True,0x02,"NO_IRQ,OK,NO_IRQ,NO_IRQ","NONE,DELTA,NONE,NONE",
15.957340,2026-09-01T21:13:13.150+01:00,742132,1566288,376,376,True,True,0x02,"NO_IRQ,OK,NO_IRQ,NO_IRQ","NONE,DELTA,NONE,NONE",
15.971690,2026-09-01T21:13:13.155+01:00,742508,1566289,362,362,True,True,0x02,"NO_IRQ,OK,NO_IRQ,NO_IRQ","NONE,DELTA,NONE,NONE",
15.972432,2026-09-01T21:13:13.169+01:00,742870,1566290,424,424,True,True,0x02,"NO_IRQ,OK,NO_IRQ,NO_IRQ","NONE,DELTA,NONE,NONE",
15.973207,2026-09-01T21:13:13.170+01:00,743294,1566291,400,400,True,True,0x02,"NO_IRQ,OK,NO_IRQ,NO_IRQ","NONE,DELTA,NONE,NONE",
15.977538,2026-09-01T21:13:13.171+01:00,743694,1566292,368,368,True,True,0x02,"NO_IRQ,OK,NO_IRQ,NO_IRQ","NONE,DELTA,NONE,NONE",
15.988072,2026-09-01T21:13:13.175+01:00,744062,1566293,346,346,True,True,0x02,"NO_IRQ,OK,NO_IRQ,NO_IRQ","NONE,DELTA,NONE,NONE",
15.989087,2026-09-01T21:13:13.186+01:00,744408,1566294,334,334,True,True,0x02,"NO_IRQ,OK,NO_IRQ,NO_IRQ","NONE,DELTA,NONE,NONE",
15.992453,2026-09-01T21:13:13.187+01:00,744742,1566295,286,286,True,True,0x02,"NO_IRQ,OK,NO_IRQ,NO_IRQ","NONE,DELTA,NONE,NONE",
16.003726,2026-09-01T21:13:13.190+01:00,745028,1566296,322,322,True,True,0x02,"NO_IRQ,OK,NO_IRQ,NO_IRQ","NONE,DELTA,NONE,NONE",
16.004379,2026-09-01T21:13:13.201+01:00,745350,1566297,248,248,True,True,0x02,"NO_IRQ,OK,NO_IRQ,NO_IRQ","NONE,DELTA,NONE,NONE",
16.007316,2026-09-01T21:13:13.202+01:00,745598,1566298,296,296,True,True,0x02,"NO_IRQ,OK,NO_IRQ,NO_IRQ","NONE,DELTA,NONE,NONE",
16.012112,2026-09-01T21:13:13.205+01:00,745894,1566299,274,274,True,True,0x02,"NO_IRQ,OK,NO_IRQ,NO_IRQ","NONE,DELTA,NONE,NONE",
16.020744,2026-09-01T21:13:13.210+01:00,746168,1566300,236,236,True,True,0x02,"NO_IRQ,OK,NO_IRQ,NO_IRQ","NONE,DELTA,NONE,NONE",
16.022276,2026-09-01T21:13:13.218+01:00,746404,1566301,314,314,True,True,0x02,"NO_IRQ,OK,NO_IRQ,NO_IRQ","NONE,DELTA,NONE,NONE",
16.027413,2026-09-01T21:13:13.220+01:00,746718,1566302,270,270,True,True,0x02,"NO_IRQ,OK,NO_IRQ,NO_IRQ","NONE,DELTA,NONE,NONE",
16.036481,2026-09-01T21:13:13.225+01:00,746988,1566303,236,236,True,True,0x02,"NO_IRQ,OK,NO_IRQ,NO_IRQ","NONE,DELTA,NONE,NONE",
16.037310,2026-09-01T21:13:13.234+01:00,747224,1566304,208,208,True,True,0x02,"NO_IRQ,OK,NO_IRQ,NO_IRQ","NONE,DELTA,NONE,NONE",
16.042380,2026-09-01T21:13:13.235+01:00,747432,1566305,286,286,True,True,0x02,"NO_IRQ,OK,NO_IRQ,NO_IRQ","NONE,DELTA,NONE,NONE",
16.052237,2026-09-01T21:13:13.240+01:00,747718,1566306,288,288,True,True,0x02,"NO_IRQ,OK,NO_IRQ,NO_IRQ","NONE,DELTA,NONE,NONE",
16.052935,2026-09-01T21:13:13.250+01:00,748006,1566307,268,268,True,True,0x02,"NO_IRQ,OK,NO_IRQ,NO_IRQ","NONE,DELTA,NONE,NONE",
16.056888,2026-09-01T21:13:13.250+01:00,748274,1566308,242,242,True,True,0x02,"NO_IRQ,OK,NO_IRQ,NO_IRQ","NONE,DELTA,NONE,NONE",
16.069063,2026-09-01T21:13:13.255+01:00,748516,1566309,314,314,True,True,0x02,"NO_IRQ,OK,NO_IRQ,NO_IRQ","NONE,DELTA,NONE,NONE",
16.069978,2026-09-01T21:13:13.267+01:00,748830,1566310,376,376,True,True,0x02,"NO_IRQ,OK,NO_IRQ,NO_IRQ","NONE,DELTA,NONE,NONE",
16.072422,2026-09-01T21:13:13.268+01:00,749206,1566311,344,344,True,True,0x02,"NO_IRQ,OK,NO_IRQ,NO_IRQ","NONE,DELTA,NONE,NONE",
16.077664,2026-09-01T21:13:13.270+01:00,749550,1566312,420,420,True,True,0x02,"NO_IRQ,OK,NO_IRQ,NO_IRQ","NONE,DELTA,NONE,NONE",
16.086048,2026-09-01T21:13:13.275+01:00,749970,1566313,384,384,True,True,0x02,"NO_IRQ,OK,NO_IRQ,NO_IRQ","NONE,DELTA,NONE,NONE",
16.087347,2026-09-01T21:13:13.284+01:00,750354,1566314,414,414,True,True,0x02,"NO_IRQ,OK,NO_IRQ,NO_IRQ","NONE,DELTA,NONE,NONE",
16.092506,2026-09-01T21:13:13.285+01:00,750768,1566315,432,432,True,True,0x02,"NO_IRQ,OK,NO_IRQ,NO_IRQ","NONE,DELTA,NONE,NONE",
16.097359,2026-09-01T21:13:13.290+01:00,751200,1566316,420,420,True,True,0x02,"NO_IRQ,OK,NO_IRQ,NO_IRQ","NONE,DELTA,NONE,NONE",
16.102255,2026-09-01T21:13:13.295+01:00,751620,1566317,430,430,True,True,0x02,"NO_IRQ,OK,NO_IRQ,NO_IRQ","NONE,DELTA,NONE,NONE",
16.107197,2026-09-01T21:13:13.300+01:00,752050,1566318,458,458,True,True,0x02,"NO_IRQ,OK,NO_IRQ,NO_IRQ","NONE,DELTA,NONE,NONE",
16.112074,2026-09-01T21:13:13.305+01:00,752508,1566319,438,438,True,True,0x02,"NO_IRQ,OK,NO_IRQ,NO_IRQ","NONE,DELTA,NONE,NONE",
16.124561,2026-09-01T21:13:13.310+01:00,752946,1566320,486,486,True,True,0x02,"NO_IRQ,OK,NO_IRQ,NO_IRQ","NONE,DELTA,NONE,NONE",
16.125047,2026-09-01T21:13:13.322+01:00,753432,1566321,524,524,True,True,0x02,"NO_IRQ,OK,NO_IRQ,NO_IRQ","NONE,DELTA,NONE,NONE",
16.138037,2026-09-01T21:13:13.323+01:00,753956,1566322,538,538,True,True,0x02,"NO_IRQ,OK,NO_IRQ,NO_IRQ","NONE,DELTA,NONE,NONE",
16.138862,2026-09-01T21:13:13.336+01:00,754494,1566323,490,490,True,True,0x02,"NO_IRQ,OK,NO_IRQ,NO_IRQ","NONE,DELTA,NONE,NONE",
16.139811,2026-09-01T21:13:13.337+01:00,754984,1566324,502,502,True,True,0x02,"NO_IRQ,OK,NO_IRQ,NO_IRQ","NONE,DELTA,NONE,NONE",
16.142363,2026-09-01T21:13:13.337+01:00,755486,1566325,468,468,True,True,0x02,"NO_IRQ,OK,NO_IRQ,NO_IRQ","NONE,DELTA,NONE,NONE",
16.147740,2026-09-01T21:13:13.340+01:00,755954,1566326,502,502,True,True,0x02,"NO_IRQ,OK,NO_IRQ,NO_IRQ","NONE,DELTA,NONE,NONE",
16.155516,2026-09-01T21:13:13.345+01:00,756456,1566327,534,534,True,True,0x02,"NO_IRQ,OK,NO_IRQ,NO_IRQ","NONE,DELTA,NONE,NONE",
16.157370,2026-09-01T21:13:13.353+01:00,756990,1566328,580,580,True,True,0x02,"NO_IRQ,OK,NO_IRQ,NO_IRQ","NONE,DELTA,NONE,NONE",
16.162382,2026-09-01T21:13:13.355+01:00,757570,1566329,538,538,True,True,0x02,"NO_IRQ,OK,NO_IRQ,NO_IRQ","NONE,DELTA,NONE,NONE",
16.171646,2026-09-01T21:13:13.360+01:00,758108,1566330,530,530,True,True,0x02,"NO_IRQ,OK,NO_IRQ,NO_IRQ","NONE,DELTA,NONE,NONE",
16.172422,2026-09-01T21:13:13.369+01:00,758638,1566331,484,484,True,True,0x02,"NO_IRQ,OK,NO_IRQ,NO_IRQ","NONE,DELTA,NONE,NONE",
16.177303,2026-09-01T21:13:13.370+01:00,759122,1566332,452,452,True,True,0x02,"NO_IRQ,OK,NO_IRQ,NO_IRQ","NONE,DELTA,NONE,NONE",
16.187764,2026-09-01T21:13:13.375+01:00,759574,1566333,482,482,True,True,0x02,"NO_IRQ,OK,NO_IRQ,NO_IRQ","NONE,DELTA,NONE,NONE",
16.188483,2026-09-01T21:13:13.385+01:00,760056,1566334,462,462,True,True,0x02,"NO_IRQ,OK,NO_IRQ,NO_IRQ","NONE,DELTA,NONE,NONE",
16.192355,2026-09-01T21:13:13.386+01:00,760518,1566335,450,450,True,True,0x02,"NO_IRQ,OK,NO_IRQ,NO_IRQ","NONE,DELTA,NONE,NONE",
16.197667,2026-09-01T21:13:13.390+01:00,760968,1566336,436,436,True,True,0x02,"NO_IRQ,OK,NO_IRQ,NO_IRQ","NONE,DELTA,NONE,NONE",
16.204453,2026-09-01T21:13:13.395+01:00,761404,1566337,466,466,True,True,0x02,"NO_IRQ,OK,NO_IRQ,NO_IRQ","NONE,DELTA,NONE,NONE",
16.207117,2026-09-01T21:13:13.402+01:00,761870,1566338,414,414,True,True,0x02,"NO_IRQ,OK,NO_IRQ,NO_IRQ","NONE,DELTA,NONE,NONE",
16.211896,2026-09-01T21:13:13.405+01:00,762284,1566339,356,356,True,True,0x02,"NO_IRQ,OK,NO_IRQ,NO_IRQ","NONE,DELTA,NONE,NONE",
16.220250,2026-09-01T21:13:13.409+01:00,762640,1566340,408,408,True,True,0x02,"NO_IRQ,OK,NO_IRQ,NO_IRQ","NONE,DELTA,NONE,NONE",
16.222085,2026-09-01T21:13:13.418+01:00,763048,1566341,372,372,True,True,0x02,"NO_IRQ,OK,NO_IRQ,NO_IRQ","NONE,DELTA,NONE,NONE",
16.226897,2026-09-01T21:13:13.420+01:00,763420,1566342,326,326,True,True,0x02,"NO_IRQ,OK,NO_IRQ,NO_IRQ","NONE,DELTA,NONE,NONE",
16.236018,2026-09-01T21:13:13.425+01:00,763746,1566343,326,326,True,True,0x02,"NO_IRQ,OK,NO_IRQ,NO_IRQ","NONE,DELTA,NONE,NONE",
16.236793,2026-09-01T21:13:13.434+01:00,764072,1566344,282,282,True,True,0x02,"NO_IRQ,OK,NO_IRQ,NO_IRQ","NONE,DELTA,NONE,NONE",
16.241962,2026-09-01T21:13:13.434+01:00,764354,1566345,292,292,True,True,0x02,"NO_IRQ,OK,NO_IRQ,NO_IRQ","NONE,DELTA,NONE,NONE",
16.251731,2026-09-01T21:13:13.439+01:00,764646,1566346,300,300,True,True,0x02,"NO_IRQ,OK,NO_IRQ,NO_IRQ","NONE,DELTA,NONE,NONE",
16.252419,2026-09-01T21:13:13.449+01:00,764946,1566347,290,290,True,True,0x02,"NO_IRQ,OK,NO_IRQ,NO_IRQ","NONE,DELTA,NONE,NONE",
16.256877,2026-09-01T21:13:13.450+01:00,765236,1566348,286,286,True,True,0x02,"NO_IRQ,OK,NO_IRQ,NO_IRQ","NONE,DELTA,NONE,NONE",
16.261576,2026-09-01T21:13:13.454+01:00,765522,1566349,266,266,True,True,0x02,"NO_IRQ,OK,NO_IRQ,NO_IRQ","NONE,DELTA,NONE,NONE",
16.267868,2026-09-01T21:13:13.459+01:00,765788,1566350,252,252,True,True,0x02,"NO_IRQ,OK,NO_IRQ,NO_IRQ","NONE,DELTA,NONE,NONE",
16.271767,2026-09-01T21:13:13.465+01:00,766040,1566351,278,278,True,True,0x02,"NO_IRQ,OK,NO_IRQ,NO_IRQ","NONE,DELTA,NONE,NONE",
16.276616,2026-09-01T21:13:13.469+01:00,766318,1566352,296,296,True,True,0x02,"NO_IRQ,OK,NO_IRQ,NO_IRQ","NONE,DELTA,NONE,NONE",
16.289558,2026-09-01T21:13:13.474+01:00,766614,1566353,276,276,True,True,0x02,"NO_IRQ,OK,NO_IRQ,NO_IRQ","NONE,DELTA,NONE,NONE",
16.293495,2026-09-01T21:13:13.490+01:00,766890,1566354,256,256,True,True,0x02,"NO_IRQ,OK,NO_IRQ,NO_IRQ","NONE,DELTA,NONE,NONE",
16.294185,2026-09-01T21:13:13.491+01:00,767146,1566355,234,234,True,True,0x02,"NO_IRQ,OK,NO_IRQ,NO_IRQ","NONE,DELTA,NONE,NONE",
16.296795,2026-09-01T21:13:13.492+01:00,767380,1566356,228,228,True,True,0x02,"NO_IRQ,OK,NO_IRQ,NO_IRQ","NONE,DELTA,NONE,NONE",
16.301752,2026-09-01T21:13:13.494+01:00,767608,1566357,196,196,True,True,0x02,"NO_IRQ,OK,NO_IRQ,NO_IRQ","NONE,DELTA,NONE,NONE",
16.310353,2026-09-01T21:13:13.499+01:00,767804,1566358,266,266,True,True,0x02,"NO_IRQ,OK,NO_IRQ,NO_IRQ","NONE,DELTA,NONE,NONE",
16.311535,2026-09-01T21:13:13.508+01:00,768070,1566359,202,202,True,True,0x02,"NO_IRQ,OK,NO_IRQ,NO_IRQ","NONE,DELTA,NONE,NONE",
16.316630,2026-09-01T21:13:13.509+01:00,768272,1566360,192,192,True,True,0x02,"NO_IRQ,OK,NO_IRQ,NO_IRQ","NONE,DELTA,NONE,NONE",
16.326507,2026-09-01T21:13:13.514+01:00,768464,1566361,254,254,True,True,0x02,"NO_IRQ,OK,NO_IRQ,NO_IRQ","NONE,DELTA,NONE,NONE",
16.327396,2026-09-01T21:13:13.524+01:00,768718,1566362,244,244,True,True,0x02,"NO_IRQ,OK,NO_IRQ,NO_IRQ","NONE,DELTA,NONE,NONE",
16.331742,2026-09-01T21:13:13.525+01:00,768962,1566363,260,260,True,True,0x02,"NO_IRQ,OK,NO_IRQ,NO_IRQ","NONE,DELTA,NONE,NONE",
16.336302,2026-09-01T21:13:13.529+01:00,769222,1566364,236,236,True,True,0x02,"NO_IRQ,OK,NO_IRQ,NO_IRQ","NONE,DELTA,NONE,NONE",
16.342946,2026-09-01T21:13:13.534+01:00,769458,1566365,198,198,True,True,0x02,"NO_IRQ,OK,NO_IRQ,NO_IRQ","NONE,DELTA,NONE,NONE",
16.346611,2026-09-01T21:13:13.540+01:00,769656,1566366,244,244,True,True,0x02,"NO_IRQ,OK,NO_IRQ,NO_IRQ","NONE,DELTA,NONE,NONE",
16.351983,2026-09-01T21:13:13.544+01:00,769900,1566367,212,212,True,True,0x02,"NO_IRQ,OK,NO_IRQ,NO_IRQ","NONE,DELTA,NONE,NONE",
16.361059,2026-09-01T21:13:13.550+01:00,770112,1566368,250,250,True,True,0x02,"NO_IRQ,OK,NO_IRQ,NO_IRQ","NONE,DELTA,NONE,NONE",
16.361889,2026-09-01T21:13:13.559+01:00,770362,1566369,196,196,True,True,0x02,"NO_IRQ,OK,NO_IRQ,NO_IRQ","NONE,DELTA,NONE,NONE",
16.366865,2026-09-01T21:13:13.559+01:00,770558,1566370,242,242,True,True,0x02,"NO_IRQ,OK,NO_IRQ,NO_IRQ","NONE,DELTA,NONE,NONE",
16.377330,2026-09-01T21:13:13.564+01:00,770800,1566371,218,218,True,True,0x02,"NO_IRQ,OK,NO_IRQ,NO_IRQ","NONE,DELTA,NONE,NONE",
16.377940,2026-09-01T21:13:13.575+01:00,771018,1566372,210,210,True,True,0x02,"NO_IRQ,OK,NO_IRQ,NO_IRQ","NONE,DELTA,NONE,NONE",
16.382183,2026-09-01T21:13:13.575+01:00,771228,1566373,240,240,True,True,0x02,"NO_IRQ,OK,NO_IRQ,NO_IRQ","NONE,DELTA,NONE,NONE",
16.386430,2026-09-01T21:13:13.580+01:00,771468,1566374,232,232,True,True,0x02,"NO_IRQ,OK,NO_IRQ,NO_IRQ","NONE,DELTA,NONE,NONE",
16.393617,2026-09-01T21:13:13.584+01:00,771700,1566375,248,248,True,True,0x02,"NO_IRQ,OK,NO_IRQ,NO_IRQ","NONE,DELTA,NONE,NONE",
16.396558,2026-09-01T21:13:13.591+01:00,771948,1566376,236,236,True,True,0x02,"NO_IRQ,OK,NO_IRQ,NO_IRQ","NONE,DELTA,NONE,NONE",
16.401585,2026-09-01T21:13:13.594+01:00,772184,1566377,212,212,True,True,0x02,"NO_IRQ,OK,NO_IRQ,NO_IRQ","NONE,DELTA,NONE,NONE",
16.409638,2026-09-01T21:13:13.599+01:00,772396,1566378,202,202,True,True,0x02,"NO_IRQ,OK,NO_IRQ,NO_IRQ","NONE,DELTA,NONE,NONE",
16.411372,2026-09-01T21:13:13.607+01:00,772598,1566379,188,188,True,True,0x02,"NO_IRQ,OK,NO_IRQ,NO_IRQ","NONE,DELTA,NONE,NONE",
16.416380,2026-09-01T21:13:13.609+01:00,772786,1566380,184,184,True,True,0x02,"NO_IRQ,OK,NO_IRQ,NO_IRQ","NONE,DELTA,NONE,NONE",
16.422150,2026-09-01T21:13:13.614+01:00,772970,1566381,212,212,True,True,0x02,"NO_IRQ,OK,NO_IRQ,NO_IRQ","NONE,DELTA,NONE,NONE",
16.426526,2026-09-01T21:13:13.620+01:00,773182,1566382,178,178,True,True,0x02,"NO_IRQ,OK,NO_IRQ,NO_IRQ","NONE,DELTA,NONE,NONE",
16.431536,2026-09-01T21:13:13.624+01:00,773360,1566383,200,200,True,True,0x02,"NO_IRQ,OK,NO_IRQ,NO_IRQ","NONE,DELTA,NONE,NONE",
16.436204,2026-09-01T21:13:13.629+01:00,773560,1566384,212,212,True,True,0x02,"NO_IRQ,OK,NO_IRQ,NO_IRQ","NONE,DELTA,NONE,NONE",
16.447008,2026-09-01T21:13:13.634+01:00,773772,1566385,188,188,True,True,0x02,"NO_IRQ,OK,NO_IRQ,NO_IRQ","NONE,DELTA,NONE,NONE",
16.447445,2026-09-01T21:13:13.645+01:00,773960,1566386,214,214,True,True,0x02,"NO_IRQ,OK,NO_IRQ,NO_IRQ","NONE,DELTA,NONE,NONE",
16.460107,2026-09-01T21:13:13.645+01:00,774174,1566387,192,192,True,True,0x02,"NO_IRQ,OK,NO_IRQ,NO_IRQ","NONE,DELTA,NONE,NONE",
16.460822,2026-09-01T21:13:13.658+01:00,774366,1566388,204,204,True,True,0x02,"NO_IRQ,OK,NO_IRQ,NO_IRQ","NONE,DELTA,NONE,NONE",
16.461456,2026-09-01T21:13:13.658+01:00,774570,1566389,172,172,True,True,0x02,"NO_IRQ,OK,NO_IRQ,NO_IRQ","NONE,DELTA,NONE,NONE",
16.466548,2026-09-01T21:13:13.659+01:00,774742,1566390,220,220,True,True,0x02,"NO_IRQ,OK,NO_IRQ,NO_IRQ","NONE,DELTA,NONE,NONE",
16.476941,2026-09-01T21:13:13.664+01:00,774962,1566391,214,214,True,True,0x02,"NO_IRQ,OK,NO_IRQ,NO_IRQ","NONE,DELTA,NONE,NONE",
16.477602,2026-09-01T21:13:13.674+01:00,775176,1566392,226,226,True,True,0x02,"NO_IRQ,OK,NO_IRQ,NO_IRQ","NONE,DELTA,NONE,NONE",
16.481303,2026-09-01T21:13:13.675+01:00,775402,1566393,216,216,True,True,0x02,"NO_IRQ,OK,NO_IRQ,NO_IRQ","NONE,DELTA,NONE,NONE",
16.486139,2026-09-01T21:13:13.679+01:00,775618,1566394,204,204,True,True,0x02,"NO_IRQ,OK,NO_IRQ,NO_IRQ","NONE,DELTA,NONE,NONE",
16.492374,2026-09-01T21:13:13.684+01:00,775822,1566395,210,210,True,True,0x02,"NO_IRQ,OK,NO_IRQ,NO_IRQ","NONE,DELTA,NONE,NONE",
16.496296,2026-09-01T21:13:13.690+01:00,776032,1566396,202,202,True,True,0x02,"NO_IRQ,OK,NO_IRQ,NO_IRQ","NONE,DELTA,NONE,NONE",
16.501157,2026-09-01T21:13:13.694+01:00,776234,1566397,194,194,True,True,0x02,"NO_IRQ,OK,NO_IRQ,NO_IRQ","NONE,DELTA,NONE,NONE",
16.507932,2026-09-01T21:13:13.699+01:00,776428,1566398,208,208,True,True,0x02,"NO_IRQ,OK,NO_IRQ,NO_IRQ","NONE,DELTA,NONE,NONE",
16.511215,2026-09-01T21:13:13.705+01:00,776636,1566399,196,196,True,True,0x02,"NO_IRQ,OK,NO_IRQ,NO_IRQ","NONE,DELTA,NONE,NONE",
16.516244,2026-09-01T21:13:13.709+01:00,776832,1566400,180,180,True,True,0x02,"NO_IRQ,OK,NO_IRQ,NO_IRQ","NONE,DELTA,NONE,NONE",
16.523568,2026-09-01T21:13:13.714+01:00,777012,1566401,214,214,True,True,0x02,"NO_IRQ,OK,NO_IRQ,NO_IRQ","NONE,DELTA,NONE,NONE",
16.526187,2026-09-01T21:13:13.721+01:00,777226,1566402,198,198,True,True,0x02,"NO_IRQ,OK,NO_IRQ,NO_IRQ","NONE,DELTA,NONE,NONE",
16.532023,2026-09-01T21:13:13.724+01:00,777424,1566403,210,210,True,True,0x02,"NO_IRQ,OK,NO_IRQ,NO_IRQ","NONE,DELTA,NONE,NONE",
16.540211,2026-09-01T21:13:13.730+01:00,777634,1566404,208,208,True,True,0x02,"NO_IRQ,OK,NO_IRQ,NO_IRQ","NONE,DELTA,NONE,NONE",
16.541415,2026-09-01T21:13:13.738+01:00,777842,1566405,216,216,True,True,0x02,"NO_IRQ,OK,NO_IRQ,NO_IRQ","NONE,DELTA,NONE,NONE",
16.546090,2026-09-01T21:13:13.739+01:00,778058,1566406,200,200,True,True,0x02,"NO_IRQ,OK,NO_IRQ,NO_IRQ","NONE,DELTA,NONE,NONE",
16.550893,2026-09-01T21:13:13.744+01:00,778258,1566407,158,158,True,True,0x02,"NO_IRQ,OK,NO_IRQ,NO_IRQ","NONE,DELTA,NONE,NONE",
16.557223,2026-09-01T21:13:13.749+01:00,778416,1566408,186,186,True,True,0x02,"NO_IRQ,OK,NO_IRQ,NO_IRQ","NONE,DELTA,NONE,NONE",
16.561383,2026-09-01T21:13:13.755+01:00,778602,1566409,190,190,True,True,0x02,"NO_IRQ,OK,NO_IRQ,NO_IRQ","NONE,DELTA,NONE,NONE",
16.566528,2026-09-01T21:13:13.759+01:00,778792,1566410,194,194,True,True,0x02,"NO_IRQ,OK,NO_IRQ,NO_IRQ","NONE,DELTA,NONE,NONE",
16.573803,2026-09-01T21:13:13.764+01:00,778986,1566411,202,202,True,True,0x02,"NO_IRQ,OK,NO_IRQ,NO_IRQ","NONE,DELTA,NONE,NONE",
16.575879,2026-09-01T21:13:13.771+01:00,779188,1566412,206,206,True,True,0x02,"NO_IRQ,OK,NO_IRQ,NO_IRQ","NONE,DELTA,NONE,NONE",
16.581247,2026-09-01T21:13:13.773+01:00,779394,1566413,174,174,True,True,0x02,"NO_IRQ,OK,NO_IRQ,NO_IRQ","NONE,DELTA,NONE,NONE",
16.586617,2026-09-01T21:13:13.779+01:00,779568,1566414,212,212,True,True,0x02,"NO_IRQ,OK,NO_IRQ,NO_IRQ","NONE,DELTA,NONE,NONE",
16.591309,2026-09-01T21:13:13.784+01:00,779780,1566415,200,200,True,True,0x02,"NO_IRQ,OK,NO_IRQ,NO_IRQ","NONE,DELTA,NONE,NONE",
16.595927,2026-09-01T21:13:13.789+01:00,779980,1566416,200,200,True,True,0x02,"NO_IRQ,OK,NO_IRQ,NO_IRQ","NONE,DELTA,NONE,NONE",
16.601088,2026-09-01T21:13:13.793+01:00,780180,1566417,194,194,True,True,0x02,"NO_IRQ,OK,NO_IRQ,NO_IRQ","NONE,DELTA,NONE,NONE",
16.614227,2026-09-01T21:13:13.799+01:00,780374,1566418,204,204,True,True,0x02,"NO_IRQ,OK,NO_IRQ,NO_IRQ","NONE,DELTA,NONE,NONE",
16.615507,2026-09-01T21:13:13.812+01:00,780578,1566419,196,196,True,True,0x02,"NO_IRQ,OK,NO_IRQ,NO_IRQ","NONE,DELTA,NONE,NONE",
16.616227,2026-09-01T21:13:13.813+01:00,780774,1566420,228,228,True,True,0x02,"NO_IRQ,OK,NO_IRQ,NO_IRQ","NONE,DELTA,NONE,NONE",
16.621122,2026-09-01T21:13:13.814+01:00,781002,1566421,194,194,True,True,0x02,"NO_IRQ,OK,NO_IRQ,NO_IRQ","NONE,DELTA,NONE,NONE",
16.631022,2026-09-01T21:13:13.819+01:00,781196,1566422,188,188,True,True,0x02,"NO_IRQ,OK,NO_IRQ,NO_IRQ","NONE,DELTA,NONE,NONE",
16.631847,2026-09-01T21:13:13.829+01:00,781384,1566423,192,192,True,True,0x02,"NO_IRQ,OK,NO_IRQ,NO_IRQ","NONE,DELTA,NONE,NONE",
16.636057,2026-09-01T21:13:13.830+01:00,781576,1566424,188,188,True,True,0x02,"NO_IRQ,OK,NO_IRQ,NO_IRQ","NONE,DELTA,NONE,NONE",
16.646578,2026-09-01T21:13:13.834+01:00,781764,1566425,192,192,True,True,0x02,"NO_IRQ,OK,NO_IRQ,NO_IRQ","NONE,DELTA,NONE,NONE",
16.647390,2026-09-01T21:13:13.845+01:00,781956,1566426,222,222,True,True,0x02,"NO_IRQ,OK,NO_IRQ,NO_IRQ","NONE,DELTA,NONE,NONE",
16.651027,2026-09-01T21:13:13.845+01:00,782178,1566427,180,180,True,True,0x02,"NO_IRQ,OK,NO_IRQ,NO_IRQ","NONE,DELTA,NONE,NONE",
16.662844,2026-09-01T21:13:13.855+01:00,782358,1566428,210,210,True,True,0x02,"NO_IRQ,OK,NO_IRQ,NO_IRQ","NONE,DELTA,NONE,NONE",
16.663427,2026-09-01T21:13:13.860+01:00,782568,1566429,202,202,True,True,0x02,"NO_IRQ,OK,NO_IRQ,NO_IRQ","NONE,DELTA,NONE,NONE",
16.665730,2026-09-01T21:13:13.861+01:00,782770,1566430,200,200,True,True,0x02,"NO_IRQ,OK,NO_IRQ,NO_IRQ","NONE,DELTA,NONE,NONE",
16.670810,2026-09-01T21:13:13.863+01:00,782970,1566431,186,186,True,True,0x02,"NO_IRQ,OK,NO_IRQ,NO_IRQ","NONE,DELTA,NONE,NONE",
16.679267,2026-09-01T21:13:13.868+01:00,783156,1566432,182,182,True,True,0x02,"NO_IRQ,OK,NO_IRQ,NO_IRQ","NONE,DELTA,NONE,NONE",
16.681939,2026-09-01T21:13:13.877+01:00,783338,1566433,206,206,True,True,0x02,"NO_IRQ,OK,NO_IRQ,NO_IRQ","NONE,DELTA,NONE,NONE",
16.685919,2026-09-01T21:13:13.879+01:00,783544,1566434,188,188,True,True,0x02,"NO_IRQ,OK,NO_IRQ,NO_IRQ","NONE,DELTA,NONE,NONE",
16.693359,2026-09-01T21:13:13.883+01:00,783732,1566435,200,200,True,True,0x02,"NO_IRQ,OK,NO_IRQ,NO_IRQ","NONE,DELTA,NONE,NONE",
16.697442,2026-09-01T21:13:13.891+01:00,783932,1566436,178,178,True,True,0x02,"NO_IRQ,OK,NO_IRQ,NO_IRQ","NONE,DELTA,NONE,NONE",
16.700928,2026-09-01T21:13:13.895+01:00,784110,1566437,188,188,True,True,0x02,"NO_IRQ,OK,NO_IRQ,NO_IRQ","NONE,DELTA,NONE,NONE",
16.705816,2026-09-01T21:13:13.899+01:00,784298,1566438,194,194,True,True,0x02,"NO_IRQ,OK,NO_IRQ,NO_IRQ","NONE,DELTA,NONE,NONE",
16.713963,2026-09-01T21:13:13.903+01:00,784492,1566439,198,198,True,True,0x02,"NO_IRQ,OK,NO_IRQ,NO_IRQ","NONE,DELTA,NONE,NONE",
16.715816,2026-09-01T21:13:13.912+01:00,784690,1566440,170,170,True,True,0x02,"NO_IRQ,OK,NO_IRQ,NO_IRQ","NONE,DELTA,NONE,NONE",
16.720796,2026-09-01T21:13:13.913+01:00,784860,1566441,216,216,True,True,0x02,"NO_IRQ,OK,NO_IRQ,NO_IRQ","NONE,DELTA,NONE,NONE",
16.729348,2026-09-01T21:13:13.918+01:00,785076,1566442,188,188,True,True,0x02,"NO_IRQ,OK,NO_IRQ,NO_IRQ","NONE,DELTA,NONE,NONE",
16.731001,2026-09-01T21:13:13.927+01:00,785264,1566443,190,190,True,True,0x02,"NO_IRQ,OK,NO_IRQ,NO_IRQ","NONE,DELTA,NONE,NONE",
16.736105,2026-09-01T21:13:13.928+01:00,785454,1566444,168,168,True,True,0x02,"NO_IRQ,OK,NO_IRQ,NO_IRQ","NONE,DELTA,NONE,NONE",
16.740855,2026-09-01T21:13:13.934+01:00,785622,1566445,176,176,True,True,0x02,"NO_IRQ,OK,NO_IRQ,NO_IRQ","NONE,DELTA,NONE,NONE",
16.746773,2026-09-01T21:13:13.938+01:00,785798,1566446,200,200,True,True,0x02,"NO_IRQ,OK,NO_IRQ,NO_IRQ","NONE,DELTA,NONE,NONE",
16.750756,2026-09-01T21:13:13.944+01:00,785998,1566447,198,198,True,True,0x02,"NO_IRQ,OK,NO_IRQ,NO_IRQ","NONE,DELTA,NONE,NONE",
16.755634,2026-09-01T21:13:13.948+01:00,786196,1566448,196,196,True,True,0x02,"NO_IRQ,OK,NO_IRQ,NO_IRQ","NONE,DELTA,NONE,NONE",
16.767952,2026-09-01T21:13:13.953+01:00,786392,1566449,198,198,True,True,0x02,"NO_IRQ,OK,NO_IRQ,NO_IRQ","NONE,DELTA,NONE,NONE",
16.768375,2026-09-01T21:13:13.966+01:00,786590,1566450,184,184,True,True,0x02,"NO_IRQ,OK,NO_IRQ,NO_IRQ","NONE,DELTA,NONE,NONE",
16.781944,2026-09-01T21:13:13.966+01:00,786774,1566451,184,184,True,True,0x02,"NO_IRQ,OK,NO_IRQ,NO_IRQ","NONE,DELTA,NONE,NONE",
16.782806,2026-09-01T21:13:13.979+01:00,786958,1566452,214,214,True,True,0x02,"NO_IRQ,OK,NO_IRQ,NO_IRQ","NONE,DELTA,NONE,NONE",
16.783582,2026-09-01T21:13:13.980+01:00,787172,1566453,190,190,True,True,0x02,"NO_IRQ,OK,NO_IRQ,NO_IRQ","NONE,DELTA,NONE,NONE",
16.785818,2026-09-01T21:13:13.981+01:00,787362,1566454,194,194,True,True,0x02,"NO_IRQ,OK,NO_IRQ,NO_IRQ","NONE,DELTA,NONE,NONE",
16.790907,2026-09-01T21:13:13.983+01:00,787556,1566455,210,210,True,True,0x02,"NO_IRQ,OK,NO_IRQ,NO_IRQ","NONE,DELTA,NONE,NONE",
16.798481,2026-09-01T21:13:13.988+01:00,787766,1566456,198,198,True,True,0x02,"NO_IRQ,OK,NO_IRQ,NO_IRQ","NONE,DELTA,NONE,NONE",
16.800655,2026-09-01T21:13:13.996+01:00,787964,1566457,202,202,True,True,0x02,"NO_IRQ,OK,NO_IRQ,NO_IRQ","NONE,DELTA,NONE,NONE",
16.805935,2026-09-01T21:13:13.998+01:00,788166,1566458,176,176,True,True,0x02,"NO_IRQ,OK,NO_IRQ,NO_IRQ","NONE,DELTA,NONE,NONE",
16.814959,2026-09-01T21:13:14.003+01:00,788342,1566459,166,166,True,True,0x02,"NO_IRQ,OK,NO_IRQ,NO_IRQ","NONE,DELTA,NONE,NONE",
16.815953,2026-09-01T21:13:14.013+01:00,788508,1566460,178,178,True,True,0x02,"NO_IRQ,OK,NO_IRQ,NO_IRQ","NONE,DELTA,NONE,NONE",
16.820668,2026-09-01T21:13:14.013+01:00,788686,1566461,204,204,True,True,0x02,"NO_IRQ,OK,NO_IRQ,NO_IRQ","NONE,DELTA,NONE,NONE",
16.831123,2026-09-01T21:13:14.018+01:00,788890,1566462,198,198,True,True,0x02,"NO_IRQ,OK,NO_IRQ,NO_IRQ","NONE,DELTA,NONE,NONE",
16.832162,2026-09-01T21:13:14.029+01:00,789088,1566463,168,168,True,True,0x02,"NO_IRQ,OK,NO_IRQ,NO_IRQ","NONE,DELTA,NONE,NONE",
16.835537,2026-09-01T21:13:14.030+01:00,789256,1566464,176,176,True,True,0x02,"NO_IRQ,OK,NO_IRQ,NO_IRQ","NONE,DELTA,NONE,NONE",
16.840341,2026-09-01T21:13:14.033+01:00,789432,1566465,168,168,True,True,0x02,"NO_IRQ,OK,NO_IRQ,NO_IRQ","NONE,DELTA,NONE,NONE",
16.848648,2026-09-01T21:13:14.038+01:00,789600,1566466,188,188,True,True,0x02,"NO_IRQ,OK,NO_IRQ,NO_IRQ","NONE,DELTA,NONE,NONE",
16.850403,2026-09-01T21:13:14.046+01:00,789788,1566467,198,198,True,True,0x02,"NO_IRQ,OK,NO_IRQ,NO_IRQ","NONE,DELTA,NONE,NONE",
16.855557,2026-09-01T21:13:14.048+01:00,789986,1566468,196,196,True,True,0x02,"NO_IRQ,OK,NO_IRQ,NO_IRQ","NONE,DELTA,NONE,NONE",
16.864767,2026-09-01T21:13:14.053+01:00,790182,1566469,170,170,True,True,0x02,"NO_IRQ,OK,NO_IRQ,NO_IRQ","NONE,DELTA,NONE,NONE",
16.866039,2026-09-01T21:13:14.063+01:00,790352,1566470,1084,1084,True,True,0x02,"NO_IRQ,OK,NO_IRQ,NO_IRQ","NONE,DELTA_SYNC,NONE,NONE",
16.870702,2026-09-01T21:13:14.064+01:00,791436,1566471,254,254,True,True,0x02,"NO_IRQ,OK,NO_IRQ,NO_IRQ","NONE,DELTA,NONE,NONE",
16.880710,2026-09-01T21:13:14.068+01:00,791690,1566472,258,258,True,True,0x02,"NO_IRQ,OK,NO_IRQ,NO_IRQ","NONE,DELTA,NONE,NONE",
16.882065,2026-09-01T21:13:14.079+01:00,791948,1566473,152,152,True,True,0x02,"NO_IRQ,OK,NO_IRQ,NO_IRQ","NONE,DELTA,NONE,NONE",
16.885568,2026-09-01T21:13:14.080+01:00,792100,1566474,180,180,True,True,0x02,"NO_IRQ,OK,NO_IRQ,NO_IRQ","NONE,DELTA,NONE,NONE",
16.890190,2026-09-01T21:13:14.083+01:00,792280,1566475,184,184,True,True,0x02,"NO_IRQ,OK,NO_IRQ,NO_IRQ","NONE,DELTA,NONE,NONE",
16.896435,2026-09-01T21:13:14.088+01:00,792464,1566476,198,198,True,True,0x02,"NO_IRQ,OK,NO_IRQ,NO_IRQ","NONE,DELTA,NONE,NONE",
16.900535,2026-09-01T21:13:14.094+01:00,792662,1566477,174,174,True,True,0x02,"NO_IRQ,OK,NO_IRQ,NO_IRQ","NONE,DELTA,NONE,NONE",
16.905581,2026-09-01T21:13:14.098+01:00,792836,1566478,180,180,True,True,0x02,"NO_IRQ,OK,NO_IRQ,NO_IRQ","NONE,DELTA,NONE,NONE",
16.911464,2026-09-01T21:13:14.103+01:00,793016,1566479,180,180,True,True,0x02,"NO_IRQ,OK,NO_IRQ,NO_IRQ","NONE,DELTA,NONE,NONE",
16.915705,2026-09-01T21:13:14.109+01:00,793196,1566480,180,180,True,True,0x02,"NO_IRQ,OK,NO_IRQ,NO_IRQ","NONE,DELTA,NONE,NONE",
16.920182,2026-09-01T21:13:14.113+01:00,793376,1566481,194,194,True,True,0x02,"NO_IRQ,OK,NO_IRQ,NO_IRQ","NONE,DELTA,NONE,NONE",
16.928558,2026-09-01T21:13:14.118+01:00,793570,1566482,188,188,True,True,0x02,"NO_IRQ,OK,NO_IRQ,NO_IRQ","NONE,DELTA,NONE,NONE",
16.937471,2026-09-01T21:13:14.129+01:00,793758,1566483,172,172,True,True,0x02,"NO_IRQ,OK,NO_IRQ,NO_IRQ","NONE,DELTA,NONE,NONE",
16.938118,2026-09-01T21:13:14.135+01:00,793930,1566484,200,200,True,True,0x02,"NO_IRQ,OK,NO_IRQ,NO_IRQ","NONE,DELTA,NONE,NONE",
16.940484,2026-09-01T21:13:14.136+01:00,794130,1566485,196,196,True,True,0x02,"NO_IRQ,OK,NO_IRQ,NO_IRQ","NONE,DELTA,NONE,NONE",
16.945096,2026-09-01T21:13:14.138+01:00,794326,1566486,176,176,True,True,0x02,"NO_IRQ,OK,NO_IRQ,NO_IRQ","NONE,DELTA,NONE,NONE",
16.953851,2026-09-01T21:13:14.143+01:00,794502,1566487,158,158,True,True,0x02,"NO_IRQ,OK,NO_IRQ,NO_IRQ","NONE,DELTA,NONE,NONE",
16.955312,2026-09-01T21:13:14.152+01:00,794660,1566488,182,182,True,True,0x02,"NO_IRQ,OK,NO_IRQ,NO_IRQ","NONE,DELTA,NONE,NONE",
16.960493,2026-09-01T21:13:14.153+01:00,794842,1566489,190,190,True,True,0x02,"NO_IRQ,OK,NO_IRQ,NO_IRQ","NONE,DELTA,NONE,NONE",
16.970278,2026-09-01T21:13:14.158+01:00,795032,1566490,196,196,True,True,0x02,"NO_IRQ,OK,NO_IRQ,NO_IRQ","NONE,DELTA,NONE,NONE",
16.971077,2026-09-01T21:13:14.168+01:00,795228,1566491,186,186,True,True,0x02,"NO_IRQ,OK,NO_IRQ,NO_IRQ","NONE,DELTA,NONE,NONE",
16.975314,2026-09-01T21:13:14.169+01:00,795414,1566492,138,138,True,True,0x02,"NO_IRQ,OK,NO_IRQ,NO_IRQ","NONE,DELTA,NONE,NONE",
16.986175,2026-09-01T21:13:14.173+01:00,795552,1566493,174,174,True,True,0x02,"NO_IRQ,OK,NO_IRQ,NO_IRQ","NONE,DELTA,NONE,NONE",
16.986811,2026-09-01T21:13:14.184+01:00,795726,1566494,190,190,True,True,0x02,"NO_IRQ,OK,NO_IRQ,NO_IRQ","NONE,DELTA,NONE,NONE",
16.990359,2026-09-01T21:13:14.184+01:00,795916,1566495,178,178,True,True,0x02,"NO_IRQ,OK,NO_IRQ,NO_IRQ","NONE,DELTA,NONE,NONE",
16.995245,2026-09-01T21:13:14.188+01:00,796094,1566496,194,194,True,True,0x02,"NO_IRQ,OK,NO_IRQ,NO_IRQ","NONE,DELTA,NONE,NONE",
17.001761,2026-09-01T21:13:14.193+01:00,796288,1566497,216,216,True,True,0x02,"NO_IRQ,OK,NO_IRQ,NO_IRQ","NONE,DELTA,NONE,NONE",
17.005227,2026-09-01T21:13:14.199+01:00,796504,1566498,192,192,True,True,0x02,"NO_IRQ,OK,NO_IRQ,NO_IRQ","NONE,DELTA,NONE,NONE",
17.010416,2026-09-01T21:13:14.203+01:00,796696,1566499,206,206,True,True,0x02,"NO_IRQ,OK,NO_IRQ,NO_IRQ","NONE,DELTA,NONE,NONE",
17.018543,2026-09-01T21:13:14.208+01:00,796902,1566500,174,174,True,True,0x02,"NO_IRQ,OK,NO_IRQ,NO_IRQ","NONE,DELTA,NONE,NONE",
17.020084,2026-09-01T21:13:14.216+01:00,797076,1566501,188,188,True,True,0x02,"NO_IRQ,OK,NO_IRQ,NO_IRQ","NONE,DELTA,NONE,NONE",
17.025373,2026-09-01T21:13:14.218+01:00,797264,1566502,182,182,True,True,0x02,"NO_IRQ,OK,NO_IRQ,NO_IRQ","NONE,DELTA,NONE,NONE",
17.034371,2026-09-01T21:13:14.223+01:00,797446,1566503,196,196,True,True,0x02,"NO_IRQ,OK,NO_IRQ,NO_IRQ","NONE,DELTA,NONE,NONE",
17.035110,2026-09-01T21:13:14.232+01:00,797642,1566504,194,194,True,True,0x02,"NO_IRQ,OK,NO_IRQ,NO_IRQ","NONE,DELTA,NONE,NONE",
17.040652,2026-09-01T21:13:14.233+01:00,797836,1566505,342,342,True,True,0x02,"NO_IRQ,OK,NO_IRQ,NO_IRQ","NONE,DELTA,NONE,NONE",
17.045988,2026-09-01T21:13:14.238+01:00,798178,1566506,514,514,True,True,0x02,"NO_IRQ,OK,NO_IRQ,NO_IRQ","NONE,DELTA,NONE,NONE",
17.052239,2026-09-01T21:13:14.243+01:00,798692,1566507,550,550,True,True,0x02,"NO_IRQ,OK,NO_IRQ,NO_IRQ","NONE,DELTA,NONE,NONE",
17.055664,2026-09-01T21:13:14.250+01:00,799242,1566508,524,524,True,True,0x02,"NO_IRQ,OK,NO_IRQ,NO_IRQ","NONE,DELTA,NONE,NONE",
17.060610,2026-09-01T21:13:14.253+01:00,799766,1566509,470,470,True,True,0x02,"NO_IRQ,OK,NO_IRQ,NO_IRQ","NONE,DELTA,NONE,NONE",
17.066666,2026-09-01T21:13:14.258+01:00,800236,1566510,506,506,True,True,0x02,"NO_IRQ,OK,NO_IRQ,NO_IRQ","NONE,DELTA,NONE,NONE",
17.071201,2026-09-01T21:13:14.264+01:00,800742,1566511,470,470,True,True,0x02,"NO_IRQ,OK,NO_IRQ,NO_IRQ","NONE,DELTA,NONE,NONE",
17.075376,2026-09-01T21:13:14.269+01:00,801212,1566512,482,482,True,True,0x02,"NO_IRQ,OK,NO_IRQ,NO_IRQ","NONE,DELTA,NONE,NONE",
17.080748,2026-09-01T21:13:14.273+01:00,801694,1566513,498,498,True,True,0x02,"NO_IRQ,OK,NO_IRQ,NO_IRQ","NONE,DELTA,NONE,NONE",
17.090198,2026-09-01T21:13:14.278+01:00,802192,1566514,464,464,True,True,0x02,"NO_IRQ,OK,NO_IRQ,NO_IRQ","NONE,DELTA,NONE,NONE",
17.090638,2026-09-01T21:13:14.288+01:00,802656,1566515,472,472,True,True,0x02,"NO_IRQ,OK,NO_IRQ,NO_IRQ","NONE,DELTA,NONE,NONE",
17.098106,2026-09-01T21:13:14.288+01:00,803128,1566516,454,454,True,True,0x02,"NO_IRQ,OK,NO_IRQ,NO_IRQ","NONE,DELTA,NONE,NONE",
17.103685,2026-09-01T21:13:14.298+01:00,803582,1566517,448,448,True,True,0x02,"NO_IRQ,OK,NO_IRQ,NO_IRQ","NONE,DELTA,NONE,NONE",
17.105459,2026-09-01T21:13:14.301+01:00,804030,1566518,462,462,True,True,0x02,"NO_IRQ,OK,NO_IRQ,NO_IRQ","NONE,DELTA,NONE,NONE",
17.110241,2026-09-01T21:13:14.303+01:00,804492,1566519,452,452,True,True,0x02,"NO_IRQ,OK,NO_IRQ,NO_IRQ","NONE,DELTA,NONE,NONE",
17.119100,2026-09-01T21:13:14.308+01:00,804944,1566520,472,472,True,True,0x02,"NO_IRQ,OK,NO_IRQ,NO_IRQ","NONE,DELTA,NONE,NONE",
17.122222,2026-09-01T21:13:14.317+01:00,805416,1566521,474,474,True,True,0x02,"NO_IRQ,OK,NO_IRQ,NO_IRQ","NONE,DELTA,NONE,NONE",
17.125573,2026-09-01T21:13:14.320+01:00,805890,1566522,484,484,True,True,0x02,"NO_IRQ,OK,NO_IRQ,NO_IRQ","NONE,DELTA,NONE,NONE",
17.130225,2026-09-01T21:13:14.323+01:00,806374,1566523,436,436,True,True,0x02,"NO_IRQ,OK,NO_IRQ,NO_IRQ","NONE,DELTA,NONE,NONE",
17.138899,2026-09-01T21:13:14.328+01:00,806810,1566524,448,448,True,True,0x02,"NO_IRQ,OK,NO_IRQ,NO_IRQ","NONE,DELTA,NONE,NONE",
17.140123,2026-09-01T21:13:14.337+01:00,807258,1566525,410,410,True,True,0x02,"NO_IRQ,OK,NO_IRQ,NO_IRQ","NONE,DELTA,NONE,NONE",
17.145155,2026-09-01T21:13:14.338+01:00,807668,1566526,428,428,True,True,0x02,"NO_IRQ,OK,NO_IRQ,NO_IRQ","NONE,DELTA,NONE,NONE",
17.150666,2026-09-01T21:13:14.343+01:00,808096,1566527,436,436,True,True,0x02,"NO_IRQ,OK,NO_IRQ,NO_IRQ","NONE,DELTA,NONE,NONE",
17.155787,2026-09-01T21:13:14.348+01:00,808532,1566528,480,480,True,True,0x02,"NO_IRQ,OK,NO_IRQ,NO_IRQ","NONE,DELTA,NONE,NONE",
17.160515,2026-09-01T21:13:14.353+01:00,809012,1566529,446,446,True,True,0x02,"NO_IRQ,OK,NO_IRQ,NO_IRQ","NONE,DELTA,NONE,NONE",
17.165389,2026-09-01T21:13:14.358+01:00,809458,1566530,462,462,True,True,0x02,"NO_IRQ,OK,NO_IRQ,NO_IRQ","NONE,DELTA,NONE,NONE",
17.172557,2026-09-01T21:13:14.363+01:00,809920,1566531,456,456,True,True,0x02,"NO_IRQ,OK,NO_IRQ,NO_IRQ","NONE,DELTA,NONE,NONE",
17.175291,2026-09-01T21:13:14.370+01:00,810376,1566532,402,402,True,True,0x02,"NO_IRQ,OK,NO_IRQ,NO_IRQ","NONE,DELTA,NONE,NONE",
17.180495,2026-09-01T21:13:14.373+01:00,810778,1566533,474,474,True,True,0x02,"NO_IRQ,OK,NO_IRQ,NO_IRQ","NONE,DELTA,NONE,NONE",
17.188780,2026-09-01T21:13:14.378+01:00,811252,1566534,470,470,True,True,0x02,"NO_IRQ,OK,NO_IRQ,NO_IRQ","NONE,DELTA,NONE,NONE",
17.190280,2026-09-01T21:13:14.386+01:00,811722,1566535,464,464,True,True,0x02,"NO_IRQ,OK,NO_IRQ,NO_IRQ","NONE,DELTA,NONE,NONE",
17.195270,2026-09-01T21:13:14.388+01:00,812186,1566536,410,410,True,True,0x02,"NO_IRQ,OK,NO_IRQ,NO_IRQ","NONE,DELTA,NONE,NONE",
17.204466,2026-09-01T21:13:14.393+01:00,812596,1566537,432,432,True,True,0x02,"NO_IRQ,OK,NO_IRQ,NO_IRQ","NONE,DELTA,NONE,NONE",
17.205385,2026-09-01T21:13:14.402+01:00,813028,1566538,376,376,True,True,0x02,"NO_IRQ,OK,NO_IRQ,NO_IRQ","NONE,DELTA,NONE,NONE",
17.210199,2026-09-01T21:13:14.403+01:00,813404,1566539,428,428,True,True,0x02,"NO_IRQ,OK,NO_IRQ,NO_IRQ","NONE,DELTA,NONE,NONE",
17.220830,2026-09-01T21:13:14.408+01:00,813832,1566540,394,394,True,True,0x02,"NO_IRQ,OK,NO_IRQ,NO_IRQ","NONE,DELTA,NONE,NONE",
17.221539,2026-09-01T21:13:14.418+01:00,814226,1566541,416,416,True,True,0x02,"NO_IRQ,OK,NO_IRQ,NO_IRQ","NONE,DELTA,NONE,NONE",
17.225240,2026-09-01T21:13:14.419+01:00,814642,1566542,464,464,True,True,0x02,"NO_IRQ,OK,NO_IRQ,NO_IRQ","NONE,DELTA,NONE,NONE",
17.230276,2026-09-01T21:13:14.423+01:00,815106,1566543,422,422,True,True,0x02,"NO_IRQ,OK,NO_IRQ,NO_IRQ","NONE,DELTA,NONE,NONE",
17.235116,2026-09-01T21:13:14.428+01:00,815528,1566544,416,416,True,True,0x02,"NO_IRQ,OK,NO_IRQ,NO_IRQ","NONE,DELTA,NONE,NONE",
17.240067,2026-09-01T21:13:14.433+01:00,815944,1566545,426,426,True,True,0x02,"NO_IRQ,OK,NO_IRQ,NO_IRQ","NONE,DELTA,NONE,NONE",
17.244884,2026-09-01T21:13:14.438+01:00,816370,1566546,366,366,True,True,0x02,"NO_IRQ,OK,NO_IRQ,NO_IRQ","NONE,DELTA,NONE,NONE",
17.250021,2026-09-01T21:13:14.442+01:00,816736,1566547,472,472,True,True,0x02,"NO_IRQ,OK,NO_IRQ,NO_IRQ","NONE,DELTA,NONE,NONE",
17.259550,2026-09-01T21:13:14.447+01:00,817208,1566548,440,440,True,True,0x02,"NO_IRQ,OK,NO_IRQ,NO_IRQ","NONE,DELTA,NONE,NONE",
17.263023,2026-09-01T21:13:14.460+01:00,817648,1566549,434,434,True,True,0x02,"NO_IRQ,OK,NO_IRQ,NO_IRQ","NONE,DELTA,NONE,NONE",
17.265176,2026-09-01T21:13:14.460+01:00,818082,1566550,452,452,True,True,0x02,"NO_IRQ,OK,NO_IRQ,NO_IRQ","NONE,DELTA,NONE,NONE",
17.270296,2026-09-01T21:13:14.463+01:00,818534,1566551,466,466,True,True,0x02,"NO_IRQ,OK,NO_IRQ,NO_IRQ","NONE,DELTA,NONE,NONE",
17.279808,2026-09-01T21:13:14.468+01:00,819000,1566552,440,440,True,True,0x02,"NO_IRQ,OK,NO_IRQ,NO_IRQ","NONE,DELTA,NONE,NONE",
17.280830,2026-09-01T21:13:14.477+01:00,819440,1566553,474,474,True,True,0x02,"NO_IRQ,OK,NO_IRQ,NO_IRQ","NONE,DELTA,NONE,NONE",
17.285194,2026-09-01T21:13:14.478+01:00,819914,1566554,448,448,True,True,0x02,"NO_IRQ,OK,NO_IRQ,NO_IRQ","NONE,DELTA,NONE,NONE",
17.289862,2026-09-01T21:13:14.483+01:00,820362,1566555,484,484,True,True,0x02,"NO_IRQ,OK,NO_IRQ,NO_IRQ","NONE,DELTA,NONE,NONE",
17.296393,2026-09-01T21:13:14.487+01:00,820846,1566556,456,456,True,True,0x02,"NO_IRQ,OK,NO_IRQ,NO_IRQ","NONE,DELTA,NONE,NONE",
17.300597,2026-09-01T21:13:14.494+01:00,821302,1566557,508,508,True,True,0x02,"NO_IRQ,OK,NO_IRQ,NO_IRQ","NONE,DELTA,NONE,NONE",
17.304994,2026-09-01T21:13:14.498+01:00,821810,1566558,520,520,True,True,0x02,"NO_IRQ,OK,NO_IRQ,NO_IRQ","NONE,DELTA,NONE,NONE",
17.312960,2026-09-01T21:13:14.502+01:00,822330,1566559,482,482,True,True,0x02,"NO_IRQ,OK,NO_IRQ,NO_IRQ","NONE,DELTA,NONE,NONE",
17.315349,2026-09-01T21:13:14.510+01:00,822812,1566560,450,450,True,True,0x02,"NO_IRQ,OK,NO_IRQ,NO_IRQ","NONE,DELTA,NONE,NONE",
17.319845,2026-09-01T21:13:14.513+01:00,823262,1566561,428,428,True,True,0x02,"NO_IRQ,OK,NO_IRQ,NO_IRQ","NONE,DELTA,NONE,NONE",
17.329816,2026-09-01T21:13:14.517+01:00,823690,1566562,422,422,True,True,0x02,"NO_IRQ,OK,NO_IRQ,NO_IRQ","NONE,DELTA,NONE,NONE",
17.331429,2026-09-01T21:13:14.527+01:00,824112,1566563,426,426,True,True,0x02,"NO_IRQ,OK,NO_IRQ,NO_IRQ","NONE,DELTA,NONE,NONE",
17.335110,2026-09-01T21:13:14.529+01:00,824538,1566564,496,496,True,True,0x02,"NO_IRQ,OK,NO_IRQ,NO_IRQ","NONE,DELTA,NONE,NONE",
17.339961,2026-09-01T21:13:14.533+01:00,825034,1566565,464,464,True,True,0x02,"NO_IRQ,OK,NO_IRQ,NO_IRQ","NONE,DELTA,NONE,NONE",
17.346439,2026-09-01T21:13:14.537+01:00,825498,1566566,524,524,True,True,0x02,"NO_IRQ,OK,NO_IRQ,NO_IRQ","NONE,DELTA,NONE,NONE",
17.350200,2026-09-01T21:13:14.544+01:00,826022,1566567,470,470,True,True,0x02,"NO_IRQ,OK,NO_IRQ,NO_IRQ","NONE,DELTA,NONE,NONE",
17.355163,2026-09-01T21:13:14.548+01:00,826492,1566568,530,530,True,True,0x02,"NO_IRQ,OK,NO_IRQ,NO_IRQ","NONE,DELTA,NONE,NONE",
17.362252,2026-09-01T21:13:14.553+01:00,827022,1566569,518,518,True,True,0x02,"NO_IRQ,OK,NO_IRQ,NO_IRQ","NONE,DELTA,NONE,NONE",
17.365635,2026-09-01T21:13:14.560+01:00,827540,1566570,482,482,True,True,0x02,"NO_IRQ,OK,NO_IRQ,NO_IRQ","NONE,DELTA,NONE,NONE",
17.370251,2026-09-01T21:13:14.563+01:00,828022,1566571,542,542,True,True,0x02,"NO_IRQ,OK,NO_IRQ,NO_IRQ","NONE,DELTA,NONE,NONE",
17.379773,2026-09-01T21:13:14.568+01:00,828564,1566572,504,504,True,True,0x02,"NO_IRQ,OK,NO_IRQ,NO_IRQ","NONE,DELTA,NONE,NONE",
17.380975,2026-09-01T21:13:14.577+01:00,829068,1566573,466,466,True,True,0x02,"NO_IRQ,OK,NO_IRQ,NO_IRQ","NONE,DELTA,NONE,NONE",
17.384902,2026-09-01T21:13:14.579+01:00,829534,1566574,420,420,True,True,0x02,"NO_IRQ,OK,NO_IRQ,NO_IRQ","NONE,DELTA,NONE,NONE",
17.389794,2026-09-01T21:13:14.582+01:00,829954,1566575,452,452,True,True,0x02,"NO_IRQ,OK,NO_IRQ,NO_IRQ","NONE,DELTA,NONE,NONE",
17.395780,2026-09-01T21:13:14.587+01:00,830406,1566576,398,398,True,True,0x02,"NO_IRQ,OK,NO_IRQ,NO_IRQ","NONE,DELTA,NONE,NONE",
17.399983,2026-09-01T21:13:14.593+01:00,830804,1566577,360,360,True,True,0x02,"NO_IRQ,OK,NO_IRQ,NO_IRQ","NONE,DELTA,NONE,NONE",
17.404873,2026-09-01T21:13:14.597+01:00,831164,1566578,368,368,True,True,0x02,"NO_IRQ,OK,NO_IRQ,NO_IRQ","NONE,DELTA,NONE,NONE",
17.409468,2026-09-01T21:13:14.602+01:00,831532,1566579,326,326,True,True,0x02,"NO_IRQ,OK,NO_IRQ,NO_IRQ","NONE,DELTA,NONE,NONE",
17.418598,2026-09-01T21:13:14.607+01:00,831858,1566580,330,330,True,True,0x02,"NO_IRQ,OK,NO_IRQ,NO_IRQ","NONE,DELTA,NONE,NONE",
17.419276,2026-09-01T21:13:14.616+01:00,832188,1566581,260,260,True,True,0x02,"NO_IRQ,OK,NO_IRQ,NO_IRQ","NONE,DELTA,NONE,NONE",
17.430274,2026-09-01T21:13:14.617+01:00,832448,1566582,336,336,True,True,0x02,"NO_IRQ,OK,NO_IRQ,NO_IRQ","NONE,DELTA,NONE,NONE",
17.433919,2026-09-01T21:13:14.628+01:00,832784,1566583,366,366,True,True,0x02,"NO_IRQ,OK,NO_IRQ,NO_IRQ","NONE,DELTA,NONE,NONE",
17.435096,2026-09-01T21:13:14.632+01:00,833150,1566584,392,392,True,True,0x02,"NO_IRQ,OK,NO_IRQ,NO_IRQ","NONE,DELTA,NONE,NONE",
17.439958,2026-09-01T21:13:14.633+01:00,833542,1566585,408,408,True,True,0x02,"NO_IRQ,OK,NO_IRQ,NO_IRQ","NONE,DELTA,NONE,NONE",
17.451182,2026-09-01T21:13:14.637+01:00,833950,1566586,466,466,True,True,0x02,"NO_IRQ,OK,NO_IRQ,NO_IRQ","NONE,DELTA,NONE,NONE",
17.452048,2026-09-01T21:13:14.649+01:00,834416,1566587,396,396,True,True,0x02,"NO_IRQ,OK,NO_IRQ,NO_IRQ","NONE,DELTA,NONE,NONE",
17.454750,2026-09-01T21:13:14.650+01:00,834812,1566588,420,420,True,True,0x02,"NO_IRQ,OK,NO_IRQ,NO_IRQ","NONE,DELTA,NONE,NONE",
17.459933,2026-09-01T21:13:14.652+01:00,835232,1566589,384,384,True,True,0x02,"NO_IRQ,OK,NO_IRQ,NO_IRQ","NONE,DELTA,NONE,NONE",
17.468420,2026-09-01T21:13:14.657+01:00,835616,1566590,418,418,True,True,0x02,"NO_IRQ,OK,NO_IRQ,NO_IRQ","NONE,DELTA,NONE,NONE",
17.469543,2026-09-01T21:13:14.666+01:00,836034,1566591,366,366,True,True,0x02,"NO_IRQ,OK,NO_IRQ,NO_IRQ","NONE,DELTA,NONE,NONE",
17.474719,2026-09-01T21:13:14.667+01:00,836400,1566592,314,314,True,True,0x02,"NO_IRQ,OK,NO_IRQ,NO_IRQ","NONE,DELTA,NONE,NONE",
17.485364,2026-09-01T21:13:14.672+01:00,836714,1566593,348,348,True,True,0x02,"NO_IRQ,OK,NO_IRQ,NO_IRQ","NONE,DELTA,NONE,NONE",
17.486137,2026-09-01T21:13:14.683+01:00,837062,1566594,330,330,True,True,0x02,"NO_IRQ,OK,NO_IRQ,NO_IRQ","NONE,DELTA,NONE,NONE",
17.489452,2026-09-01T21:13:14.684+01:00,837392,1566595,310,310,True,True,0x02,"NO_IRQ,OK,NO_IRQ,NO_IRQ","NONE,DELTA,NONE,NONE",
17.494730,2026-09-01T21:13:14.687+01:00,837702,1566596,302,302,True,True,0x02,"NO_IRQ,OK,NO_IRQ,NO_IRQ","NONE,DELTA,NONE,NONE",
17.502574,2026-09-01T21:13:14.692+01:00,838004,1566597,374,374,True,True,0x02,"NO_IRQ,OK,NO_IRQ,NO_IRQ","NONE,DELTA,NONE,NONE",
17.504539,2026-09-01T21:13:14.700+01:00,838378,1566598,388,388,True,True,0x02,"NO_IRQ,OK,NO_IRQ,NO_IRQ","NONE,DELTA,NONE,NONE",
17.509833,2026-09-01T21:13:14.702+01:00,838766,1566599,386,386,True,True,0x02,"NO_IRQ,OK,NO_IRQ,NO_IRQ","NONE,DELTA,NONE,NONE",
17.519782,2026-09-01T21:13:14.707+01:00,839152,1566600,368,368,True,True,0x02,"NO_IRQ,OK,NO_IRQ,NO_IRQ","NONE,DELTA,NONE,NONE",
17.520535,2026-09-01T21:13:14.717+01:00,839520,1566601,430,430,True,True,0x02,"NO_IRQ,OK,NO_IRQ,NO_IRQ","NONE,DELTA,NONE,NONE",
17.524461,2026-09-01T21:13:14.718+01:00,839950,1566602,432,432,True,True,0x02,"NO_IRQ,OK,NO_IRQ,NO_IRQ","NONE,DELTA,NONE,NONE",
17.529704,2026-09-01T21:13:14.722+01:00,840382,1566603,432,432,True,True,0x02,"NO_IRQ,OK,NO_IRQ,NO_IRQ","NONE,DELTA,NONE,NONE",
17.537011,2026-09-01T21:13:14.727+01:00,840814,1566604,410,410,True,True,0x02,"NO_IRQ,OK,NO_IRQ,NO_IRQ","NONE,DELTA,NONE,NONE",
17.539235,2026-09-01T21:13:14.735+01:00,841224,1566605,392,392,True,True,0x02,"NO_IRQ,OK,NO_IRQ,NO_IRQ","NONE,DELTA,NONE,NONE",
17.544479,2026-09-01T21:13:14.737+01:00,841616,1566606,388,388,True,True,0x02,"NO_IRQ,OK,NO_IRQ,NO_IRQ","NONE,DELTA,NONE,NONE",
17.554007,2026-09-01T21:13:14.742+01:00,842004,1566607,458,458,True,True,0x02,"NO_IRQ,OK,NO_IRQ,NO_IRQ","NONE,DELTA,NONE,NONE",
17.554818,2026-09-01T21:13:14.752+01:00,842462,1566608,446,446,True,True,0x02,"NO_IRQ,OK,NO_IRQ,NO_IRQ","NONE,DELTA,NONE,NONE",
17.559549,2026-09-01T21:13:14.752+01:00,842908,1566609,436,436,True,True,0x02,"NO_IRQ,OK,NO_IRQ,NO_IRQ","NONE,DELTA,NONE,NONE",
17.565431,2026-09-01T21:13:14.757+01:00,843344,1566610,476,476,True,True,0x02,"NO_IRQ,OK,NO_IRQ,NO_IRQ","NONE,DELTA,NONE,NONE",
17.569791,2026-09-01T21:13:14.763+01:00,843820,1566611,512,512,True,True,0x02,"NO_IRQ,OK,NO_IRQ,NO_IRQ","NONE,DELTA,NONE,NONE",
17.574462,2026-09-01T21:13:14.767+01:00,844332,1566612,540,540,True,True,0x02,"NO_IRQ,OK,NO_IRQ,NO_IRQ","NONE,DELTA,NONE,NONE",
17.579547,2026-09-01T21:13:14.772+01:00,844872,1566613,542,542,True,True,0x02,"NO_IRQ,OK,NO_IRQ,NO_IRQ","NONE,DELTA,NONE,NONE",
17.595381,2026-09-01T21:13:14.777+01:00,845414,1566614,500,500,True,True,0x02,"NO_IRQ,OK,NO_IRQ,NO_IRQ","NONE,DELTA,NONE,NONE",
17.596185,2026-09-01T21:13:14.793+01:00,845914,1566615,552,552,True,True,0x02,"NO_IRQ,OK,NO_IRQ,NO_IRQ","NONE,DELTA,NONE,NONE",
17.596899,2026-09-01T21:13:14.794+01:00,846466,1566616,530,530,True,True,0x02,"NO_IRQ,OK,NO_IRQ,NO_IRQ","NONE,DELTA,NONE,NONE",
17.599952,2026-09-01T21:13:14.795+01:00,846996,1566617,552,552,True,True,0x02,"NO_IRQ,OK,NO_IRQ,NO_IRQ","NONE,DELTA,NONE,NONE",
17.604639,2026-09-01T21:13:14.797+01:00,847548,1566618,528,528,True,True,0x02,"NO_IRQ,OK,NO_IRQ,NO_IRQ","NONE,DELTA,NONE,NONE",
17.613560,2026-09-01T21:13:14.802+01:00,848076,1566619,490,490,True,True,0x02,"NO_IRQ,OK,NO_IRQ,NO_IRQ","NONE,DELTA,NONE,NONE",
17.614415,2026-09-01T21:13:14.811+01:00,848566,1566620,540,540,True,True,0x02,"NO_IRQ,OK,NO_IRQ,NO_IRQ","NONE,DELTA,NONE,NONE",
17.619705,2026-09-01T21:13:14.812+01:00,849106,1566621,522,522,True,True,0x02,"NO_IRQ,OK,NO_IRQ,NO_IRQ","NONE,DELTA,NONE,NONE",
17.630153,2026-09-01T21:13:14.817+01:00,849628,1566622,484,484,True,True,0x02,"NO_IRQ,OK,NO_IRQ,NO_IRQ","NONE,DELTA,NONE,NONE",
17.631046,2026-09-01T21:13:14.828+01:00,850112,1566623,474,474,True,True,0x02,"NO_IRQ,OK,NO_IRQ,NO_IRQ","NONE,DELTA,NONE,NONE",
17.634593,2026-09-01T21:13:14.829+01:00,850586,1566624,446,446,True,True,0x02,"NO_IRQ,OK,NO_IRQ,NO_IRQ","NONE,DELTA,NONE,NONE",
17.639362,2026-09-01T21:13:14.832+01:00,851032,1566625,454,454,True,True,0x02,"NO_IRQ,OK,NO_IRQ,NO_IRQ","NONE,DELTA,NONE,NONE",
17.647454,2026-09-01T21:13:14.837+01:00,851486,1566626,370,370,True,True,0x02,"NO_IRQ,OK,NO_IRQ,NO_IRQ","NONE,DELTA,NONE,NONE",
17.649364,2026-09-01T21:13:14.845+01:00,851856,1566627,414,414,True,True,0x02,"NO_IRQ,OK,NO_IRQ,NO_IRQ","NONE,DELTA,NONE,NONE",
17.654481,2026-09-01T21:13:14.847+01:00,852270,1566628,374,374,True,True,0x02,"NO_IRQ,OK,NO_IRQ,NO_IRQ","NONE,DELTA,NONE,NONE",
17.664335,2026-09-01T21:13:14.852+01:00,852644,1566629,376,376,True,True,0x02,"NO_IRQ,OK,NO_IRQ,NO_IRQ","NONE,DELTA,NONE,NONE",
17.665101,2026-09-01T21:13:14.862+01:00,853020,1566630,380,380,True,True,0x02,"NO_IRQ,OK,NO_IRQ,NO_IRQ","NONE,DELTA,NONE,NONE",
17.669376,2026-09-01T21:13:14.863+01:00,853400,1566631,384,384,True,True,0x02,"NO_IRQ,OK,NO_IRQ,NO_IRQ","NONE,DELTA,NONE,NONE",
17.673965,2026-09-01T21:13:14.867+01:00,853784,1566632,344,344,True,True,0x02,"NO_IRQ,OK,NO_IRQ,NO_IRQ","NONE,DELTA,NONE,NONE",
17.681036,2026-09-01T21:13:14.871+01:00,854128,1566633,312,312,True,True,0x02,"NO_IRQ,OK,NO_IRQ,NO_IRQ","NONE,DELTA,NONE,NONE",
17.684230,2026-09-01T21:13:14.879+01:00,854440,1566634,358,358,True,True,0x02,"NO_IRQ,OK,NO_IRQ,NO_IRQ","NONE,DELTA,NONE,NONE",
17.689081,2026-09-01T21:13:14.882+01:00,854798,1566635,342,342,True,True,0x02,"NO_IRQ,OK,NO_IRQ,NO_IRQ","NONE,DELTA,NONE,NONE",
17.697921,2026-09-01T21:13:14.887+01:00,855140,1566636,310,310,True,True,0x02,"NO_IRQ,OK,NO_IRQ,NO_IRQ","NONE,DELTA,NONE,NONE",
17.698837,2026-09-01T21:13:14.895+01:00,855450,1566637,360,360,True,True,0x02,"NO_IRQ,OK,NO_IRQ,NO_IRQ","NONE,DELTA,NONE,NONE",
17.704274,2026-09-01T21:13:14.897+01:00,855810,1566638,320,320,True,True,0x02,"NO_IRQ,OK,NO_IRQ,NO_IRQ","NONE,DELTA,NONE,NONE",
17.713847,2026-09-01T21:13:14.902+01:00,856130,1566639,306,306,True,True,0x02,"NO_IRQ,OK,NO_IRQ,NO_IRQ","NONE,DELTA,NONE,NONE",
17.714870,2026-09-01T21:13:14.911+01:00,856436,1566640,308,308,True,True,0x02,"NO_IRQ,OK,NO_IRQ,NO_IRQ","NONE,DELTA,NONE,NONE",
17.718884,2026-09-01T21:13:14.912+01:00,856744,1566641,256,256,True,True,0x02,"NO_IRQ,OK,NO_IRQ,NO_IRQ","NONE,DELTA,NONE,NONE",
17.723997,2026-09-01T21:13:14.917+01:00,857000,1566642,284,284,True,True,0x02,"NO_IRQ,OK,NO_IRQ,NO_IRQ","NONE,DELTA,NONE,NONE",
17.729842,2026-09-01T21:13:14.921+01:00,857284,1566643,280,280,True,True,0x02,"NO_IRQ,OK,NO_IRQ,NO_IRQ","NONE,DELTA,NONE,NONE",
17.733731,2026-09-01T21:13:14.927+01:00,857564,1566644,242,242,True,True,0x02,"NO_IRQ,OK,NO_IRQ,NO_IRQ","NONE,DELTA,NONE,NONE",
17.738596,2026-09-01T21:13:14.931+01:00,857806,1566645,226,226,True,True,0x02,"NO_IRQ,OK,NO_IRQ,NO_IRQ","NONE,DELTA,NONE,NONE",
17.751055,2026-09-01T21:13:14.936+01:00,858032,1566646,224,224,True,True,0x02,"NO_IRQ,OK,NO_IRQ,NO_IRQ","NONE,DELTA,NONE,NONE",
17.751439,2026-09-01T21:13:14.949+01:00,858256,1566647,230,230,True,True,0x02,"NO_IRQ,OK,NO_IRQ,NO_IRQ","NONE,DELTA,NONE,NONE",
17.764577,2026-09-01T21:13:14.949+01:00,858486,1566648,224,224,True,True,0x02,"NO_IRQ,OK,NO_IRQ,NO_IRQ","NONE,DELTA,NONE,NONE",
17.765467,2026-09-01T21:13:14.962+01:00,858710,1566649,218,218,True,True,0x02,"NO_IRQ,OK,NO_IRQ,NO_IRQ","NONE,DELTA,NONE,NONE",
17.766437,2026-09-01T21:13:14.963+01:00,858928,1566650,218,218,True,True,0x02,"NO_IRQ,OK,NO_IRQ,NO_IRQ","NONE,DELTA,NONE,NONE",
17.769018,2026-09-01T21:13:14.964+01:00,859146,1566651,260,260,True,True,0x02,"NO_IRQ,OK,NO_IRQ,NO_IRQ","NONE,DELTA,NONE,NONE",
17.773622,2026-09-01T21:13:14.967+01:00,859406,1566652,246,246,True,True,0x02,"NO_IRQ,OK,NO_IRQ,NO_IRQ","NONE,DELTA,NONE,NONE",
17.782130,2026-09-01T21:13:14.971+01:00,859652,1566653,240,240,True,True,0x02,"NO_IRQ,OK,NO_IRQ,NO_IRQ","NONE,DELTA,NONE,NONE",
17.783758,2026-09-01T21:13:14.980+01:00,859892,1566654,242,242,True,True,0x02,"NO_IRQ,OK,NO_IRQ,NO_IRQ","NONE,DELTA,NONE,NONE",
17.788764,2026-09-01T21:13:14.981+01:00,860134,1566655,248,248,True,True,0x02,"NO_IRQ,OK,NO_IRQ,NO_IRQ","NONE,DELTA,NONE,NONE",
17.798722,2026-09-01T21:13:14.986+01:00,860382,1566656,236,236,True,True,0x02,"NO_IRQ,OK,NO_IRQ,NO_IRQ","NONE,DELTA,NONE,NONE",
17.799422,2026-09-01T21:13:14.996+01:00,860618,1566657,250,250,True,True,0x02,"NO_IRQ,OK,NO_IRQ,NO_IRQ","NONE,DELTA,NONE,NONE",
17.803673,2026-09-01T21:13:14.997+01:00,860868,1566658,188,188,True,True,0x02,"NO_IRQ,OK,NO_IRQ,NO_IRQ","NONE,DELTA,NONE,NONE",
17.815298,2026-09-01T21:13:15.001+01:00,861056,1566659,224,224,True,True,0x02,"NO_IRQ,OK,NO_IRQ,NO_IRQ","NONE,DELTA,NONE,NONE",
17.815994,2026-09-01T21:13:15.013+01:00,861280,1566660,242,242,True,True,0x02,"NO_IRQ,OK,NO_IRQ,NO_IRQ","NONE,DELTA,NONE,NONE",
17.818833,2026-09-01T21:13:15.013+01:00,861522,1566661,240,240,True,True,0x02,"NO_IRQ,OK,NO_IRQ,NO_IRQ","NONE,DELTA,NONE,NONE",
17.823782,2026-09-01T21:13:15.016+01:00,861762,1566662,234,234,True,True,0x02,"NO_IRQ,OK,NO_IRQ,NO_IRQ","NONE,DELTA,NONE,NONE",
17.831408,2026-09-01T21:13:15.021+01:00,861996,1566663,230,230,True,True,0x02,"NO_IRQ,OK,NO_IRQ,NO_IRQ","NONE,DELTA,NONE,NONE",
17.833481,2026-09-01T21:13:15.029+01:00,862226,1566664,234,234,True,True,0x02,"NO_IRQ,OK,NO_IRQ,NO_IRQ","NONE,DELTA,NONE,NONE",
17.838631,2026-09-01T21:13:15.031+01:00,862460,1566665,244,244,True,True,0x02,"NO_IRQ,OK,NO_IRQ,NO_IRQ","NONE,DELTA,NONE,NONE",
17.847290,2026-09-01T21:13:15.036+01:00,862704,1566666,238,238,True,True,0x02,"NO_IRQ,OK,NO_IRQ,NO_IRQ","NONE,DELTA,NONE,NONE",
17.848814,2026-09-01T21:13:15.045+01:00,862942,1566667,224,224,True,True,0x02,"NO_IRQ,OK,NO_IRQ,NO_IRQ","NONE,DELTA,NONE,NONE",
17.853864,2026-09-01T21:13:15.046+01:00,863166,1566668,266,266,True,True,0x02,"NO_IRQ,OK,NO_IRQ,NO_IRQ","NONE,DELTA,NONE,NONE",
17.862872,2026-09-01T21:13:15.051+01:00,863432,1566669,240,240,True,True,0x02,"NO_IRQ,OK,NO_IRQ,NO_IRQ","NONE,DELTA,NONE,NONE",
17.864331,2026-09-01T21:13:15.061+01:00,863672,1566670,1084,1084,True,True,0x02,"NO_IRQ,OK,NO_IRQ,NO_IRQ","NONE,DELTA_SYNC,NONE,NONE",
17.868783,2026-09-01T21:13:15.062+01:00,864756,1566671,250,250,True,True,0x02,"NO_IRQ,OK,NO_IRQ,NO_IRQ","NONE,DELTA,NONE,NONE",
17.878836,2026-09-01T21:13:15.066+01:00,865006,1566672,268,268,True,True,0x02,"NO_IRQ,OK,NO_IRQ,NO_IRQ","NONE,DELTA,NONE,NONE",
17.879852,2026-09-01T21:13:15.076+01:00,865274,1566673,216,216,True,True,0x02,"NO_IRQ,OK,NO_IRQ,NO_IRQ","NONE,DELTA,NONE,NONE",
17.883518,2026-09-01T21:13:15.077+01:00,865490,1566674,218,218,True,True,0x02,"NO_IRQ,OK,NO_IRQ,NO_IRQ","NONE,DELTA,NONE,NONE",
17.888285,2026-09-01T21:13:15.081+01:00,865708,1566675,216,216,True,True,0x02,"NO_IRQ,OK,NO_IRQ,NO_IRQ","NONE,DELTA,NONE,NONE",
17.893914,2026-09-01T21:13:15.086+01:00,865924,1566676,222,222,True,True,0x02,"NO_IRQ,OK,NO_IRQ,NO_IRQ","NONE,DELTA,NONE,NONE",
17.898491,2026-09-01T21:13:15.091+01:00,866146,1566677,222,222,True,True,0x02,"NO_IRQ,OK,NO_IRQ,NO_IRQ","NONE,DELTA,NONE,NONE",
17.903254,2026-09-01T21:13:15.096+01:00,866368,1566678,210,210,True,True,0x02,"NO_IRQ,OK,NO_IRQ,NO_IRQ","NONE,DELTA,NONE,NONE",
17.918825,2026-09-01T21:13:15.101+01:00,866578,1566679,212,212,True,True,0x02,"NO_IRQ,OK,NO_IRQ,NO_IRQ","NONE,DELTA,NONE,NONE",
17.919534,2026-09-01T21:13:15.116+01:00,866790,1566680,224,224,True,True,0x02,"NO_IRQ,OK,NO_IRQ,NO_IRQ","NONE,DELTA,NONE,NONE",
17.920307,2026-09-01T21:13:15.117+01:00,867014,1566681,228,228,True,True,0x02,"NO_IRQ,OK,NO_IRQ,NO_IRQ","NONE,DELTA,NONE,NONE",
17.923558,2026-09-01T21:13:15.118+01:00,867242,1566682,254,254,True,True,0x02,"NO_IRQ,OK,NO_IRQ,NO_IRQ","NONE,DELTA,NONE,NONE",
17.928780,2026-09-01T21:13:15.121+01:00,867496,1566683,234,234,True,True,0x02,"NO_IRQ,OK,NO_IRQ,NO_IRQ","NONE,DELTA,NONE,NONE",
17.935578,2026-09-01T21:13:15.126+01:00,867730,1566684,220,220,True,True,0x02,"NO_IRQ,OK,NO_IRQ,NO_IRQ","NONE,DELTA,NONE,NONE",
17.938466,2026-09-01T21:13:15.133+01:00,867950,1566685,208,208,True,True,0x02,"NO_IRQ,OK,NO_IRQ,NO_IRQ","NONE,DELTA,NONE,NONE",
17.943371,2026-09-01T21:13:15.136+01:00,868158,1566686,196,196,True,True,0x02,"NO_IRQ,OK,NO_IRQ,NO_IRQ","NONE,DELTA,NONE,NONE",
17.951609,2026-09-01T21:13:15.141+01:00,868354,1566687,206,206,True,True,0x02,"NO_IRQ,OK,NO_IRQ,NO_IRQ","NONE,DELTA,NONE,NONE",
17.953314,2026-09-01T21:13:15.149+01:00,868560,1566688,200,200,True,True,0x02,"NO_IRQ,OK,NO_IRQ,NO_IRQ","NONE,DELTA,NONE,NONE",
17.958424,2026-09-01T21:13:15.151+01:00,868760,1566689,202,202,True,True,0x02,"NO_IRQ,OK,NO_IRQ,NO_IRQ","NONE,DELTA,NONE,NONE",
17.966830,2026-09-01T21:13:15.156+01:00,868962,1566690,208,208,True,True,0x02,"NO_IRQ,OK,NO_IRQ,NO_IRQ","NONE,DELTA,NONE,NONE",
17.968112,2026-09-01T21:13:15.164+01:00,869170,1566691,176,176,True,True,0x02,"NO_IRQ,OK,NO_IRQ,NO_IRQ","NONE,DELTA,NONE,NONE",
17.973530,2026-09-01T21:13:15.166+01:00,869346,1566692,194,194,True,True,0x02,"NO_IRQ,OK,NO_IRQ,NO_IRQ","NONE,DELTA,NONE,NONE",
17.983285,2026-09-01T21:13:15.171+01:00,869540,1566693,214,214,True,True,0x02,"NO_IRQ,OK,NO_IRQ,NO_IRQ","NONE,DELTA,NONE,NONE",
17.983991,2026-09-01T21:13:15.181+01:00,869754,1566694,216,216,True,True,0x02,"NO_IRQ,OK,NO_IRQ,NO_IRQ","NONE,DELTA,NONE,NONE",
17.988490,2026-09-01T21:13:15.181+01:00,869970,1566695,180,180,True,True,0x02,"NO_IRQ,OK,NO_IRQ,NO_IRQ","NONE,DELTA,NONE,NONE",
17.993254,2026-09-01T21:13:15.186+01:00,870150,1566696,208,208,True,True,0x02,"NO_IRQ,OK,NO_IRQ,NO_IRQ","NONE,DELTA,NONE,NONE",
18.000653,2026-09-01T21:13:15.191+01:00,870358,1566697,202,202,True,True,0x02,"NO_IRQ,OK,NO_IRQ,NO_IRQ","NONE,DELTA,NONE,NONE",
18.003328,2026-09-01T21:13:15.198+01:00,870560,1566698,218,218,True,True,0x02,"NO_IRQ,OK,NO_IRQ,NO_IRQ","NONE,DELTA,NONE,NONE",
18.008459,2026-09-01T21:13:15.201+01:00,870778,1566699,198,198,True,True,0x02,"NO_IRQ,OK,NO_IRQ,NO_IRQ","NONE,DELTA,NONE,NONE",
18.016406,2026-09-01T21:13:15.207+01:00,870976,1566700,212,212,True,True,0x02,"NO_IRQ,OK,NO_IRQ,NO_IRQ","NONE,DELTA,NONE,NONE",
18.018175,2026-09-01T21:13:15.214+01:00,871188,1566701,200,200,True,True,0x02,"NO_IRQ,OK,NO_IRQ,NO_IRQ","NONE,DELTA,NONE,NONE",
18.023394,2026-09-01T21:13:15.216+01:00,871388,1566702,190,190,True,True,0x02,"NO_IRQ,OK,NO_IRQ,NO_IRQ","NONE,DELTA,NONE,NONE",
18.032174,2026-09-01T21:13:15.221+01:00,871578,1566703,182,182,True,True,0x02,"NO_IRQ,OK,NO_IRQ,NO_IRQ","NONE,DELTA,NONE,NONE",
18.033365,2026-09-01T21:13:15.230+01:00,871760,1566704,184,184,True,True,0x02,"NO_IRQ,OK,NO_IRQ,NO_IRQ","NONE,DELTA,NONE,NONE",
18.038413,2026-09-01T21:13:15.231+01:00,871944,1566705,218,218,True,True,0x02,"NO_IRQ,OK,NO_IRQ,NO_IRQ","NONE,DELTA,NONE,NONE",
18.043173,2026-09-01T21:13:15.236+01:00,872162,1566706,188,188,True,True,0x02,"NO_IRQ,OK,NO_IRQ,NO_IRQ","NONE,DELTA,NONE,NONE",
18.049476,2026-09-01T21:13:15.241+01:00,872350,1566707,200,200,True,True,0x02,"NO_IRQ,OK,NO_IRQ,NO_IRQ","NONE,DELTA,NONE,NONE",
18.052923,2026-09-01T21:13:15.247+01:00,872550,1566708,188,188,True,True,0x02,"NO_IRQ,OK,NO_IRQ,NO_IRQ","NONE,DELTA,NONE,NONE",
18.058019,2026-09-01T21:13:15.250+01:00,872738,1566709,218,218,True,True,0x02,"NO_IRQ,OK,NO_IRQ,NO_IRQ","NONE,DELTA,NONE,NONE",
18.069282,2026-09-01T21:13:15.256+01:00,872956,1566710,208,208,True,True,0x02,"NO_IRQ,OK,NO_IRQ,NO_IRQ","NONE,DELTA,NONE,NONE",
18.069646,2026-09-01T21:13:15.267+01:00,873164,1566711,206,206,True,True,0x02,"NO_IRQ,OK,NO_IRQ,NO_IRQ","NONE,DELTA,NONE,NONE",
18.082436,2026-09-01T21:13:15.267+01:00,873370,1566712,202,202,True,True,0x02,"NO_IRQ,OK,NO_IRQ,NO_IRQ","NONE,DELTA,NONE,NONE",
18.083200,2026-09-01T21:13:15.280+01:00,873572,1566713,184,184,True,True,0x02,"NO_IRQ,OK,NO_IRQ,NO_IRQ","NONE,DELTA,NONE,NONE",
18.084193,2026-09-01T21:13:15.281+01:00,873756,1566714,198,198,True,True,0x02,"NO_IRQ,OK,NO_IRQ,NO_IRQ","NONE,DELTA,NONE,NONE",
18.089286,2026-09-01T21:13:15.282+01:00,873954,1566715,208,208,True,True,0x02,"NO_IRQ,OK,NO_IRQ,NO_IRQ","NONE,DELTA,NONE,NONE",
18.093375,2026-09-01T21:13:15.287+01:00,874162,1566716,136,136,True,True,0x02,"NO_IRQ,OK,NO_IRQ,NO_IRQ","NONE,DELTA,NONE,NONE",
18.100032,2026-09-01T21:13:15.291+01:00,874298,1566717,216,216,True,True,0x02,"NO_IRQ,OK,NO_IRQ,NO_IRQ","NONE,DELTA,NONE,NONE",
18.103790,2026-09-01T21:13:15.298+01:00,874514,1566718,190,190,True,True,0x02,"NO_IRQ,OK,NO_IRQ,NO_IRQ","NONE,DELTA,NONE,NONE",
18.108312,2026-09-01T21:13:15.302+01:00,874704,1566719,222,222,True,True,0x02,"NO_IRQ,OK,NO_IRQ,NO_IRQ","NONE,DELTA,NONE,NONE",
18.115940,2026-09-01T21:13:15.306+01:00,874926,1566720,216,216,True,True,0x02,"NO_IRQ,OK,NO_IRQ,NO_IRQ","NONE,DELTA,NONE,NONE",
18.117927,2026-09-01T21:13:15.314+01:00,875142,1566721,210,210,True,True,0x02,"NO_IRQ,OK,NO_IRQ,NO_IRQ","NONE,DELTA,NONE,NONE",
18.123104,2026-09-01T21:13:15.316+01:00,875352,1566722,218,218,True,True,0x02,"NO_IRQ,OK,NO_IRQ,NO_IRQ","NONE,DELTA,NONE,NONE",
18.131894,2026-09-01T21:13:15.321+01:00,875570,1566723,174,174,True,True,0x02,"NO_IRQ,OK,NO_IRQ,NO_IRQ","NONE,DELTA,NONE,NONE",
18.133265,2026-09-01T21:13:15.329+01:00,875744,1566724,200,200,True,True,0x02,"NO_IRQ,OK,NO_IRQ,NO_IRQ","NONE,DELTA,NONE,NONE",
18.138467,2026-09-01T21:13:15.331+01:00,875944,1566725,206,206,True,True,0x02,"NO_IRQ,OK,NO_IRQ,NO_IRQ","NONE,DELTA,NONE,NONE",
18.148841,2026-09-01T21:13:15.336+01:00,876150,1566726,176,176,True,True,0x02,"NO_IRQ,OK,NO_IRQ,NO_IRQ","NONE,DELTA,NONE,NONE",
18.149708,2026-09-01T21:13:15.346+01:00,876326,1566727,188,188,True,True,0x02,"NO_IRQ,OK,NO_IRQ,NO_IRQ","NONE,DELTA,NONE,NONE",
18.153191,2026-09-01T21:13:15.347+01:00,876514,1566728,204,204,True,True,0x02,"NO_IRQ,OK,NO_IRQ,NO_IRQ","NONE,DELTA,NONE,NONE",
18.158095,2026-09-01T21:13:15.351+01:00,876718,1566729,212,212,True,True,0x02,"NO_IRQ,OK,NO_IRQ,NO_IRQ","NONE,DELTA,NONE,NONE",
18.165413,2026-09-01T21:13:15.356+01:00,876930,1566730,216,216,True,True,0x02,"NO_IRQ,OK,NO_IRQ,NO_IRQ","NONE,DELTA,NONE,NONE",
18.168001,2026-09-01T21:13:15.363+01:00,877146,1566731,194,194,True,True,0x02,"NO_IRQ,OK,NO_IRQ,NO_IRQ","NONE,DELTA,NONE,NONE",
18.172953,2026-09-01T21:13:15.365+01:00,877340,1566732,230,230,True,True,0x02,"NO_IRQ,OK,NO_IRQ,NO_IRQ","NONE,DELTA,NONE,NONE",
18.181539,2026-09-01T21:13:15.370+01:00,877570,1566733,216,216,True,True,0x02,"NO_IRQ,OK,NO_IRQ,NO_IRQ","NONE,DELTA,NONE,NONE",
18.182772,2026-09-01T21:13:15.379+01:00,877786,1566734,204,204,True,True,0x02,"NO_IRQ,OK,NO_IRQ,NO_IRQ","NONE,DELTA,NONE,NONE",
18.188008,2026-09-01T21:13:15.380+01:00,877990,1566735,208,208,True,True,0x02,"NO_IRQ,OK,NO_IRQ,NO_IRQ","NONE,DELTA,NONE,NONE",
18.197213,2026-09-01T21:13:15.386+01:00,878198,1566736,208,208,True,True,0x02,"NO_IRQ,OK,NO_IRQ,NO_IRQ","NONE,DELTA,NONE,NONE",
18.198147,2026-09-01T21:13:15.395+01:00,878406,1566737,216,216,True,True,0x02,"NO_IRQ,OK,NO_IRQ,NO_IRQ","NONE,DELTA,NONE,NONE",
18.203155,2026-09-01T21:13:15.396+01:00,878622,1566738,200,200,True,True,0x02,"NO_IRQ,OK,NO_IRQ,NO_IRQ","NONE,DELTA,NONE,NONE",
18.208689,2026-09-01T21:13:15.401+01:00,878822,1566739,186,186,True,True,0x02,"NO_IRQ,OK,NO_IRQ,NO_IRQ","NONE,DELTA,NONE,NONE",
18.213042,2026-09-01T21:13:15.406+01:00,879008,1566740,216,216,True,True,0x02,"NO_IRQ,OK,NO_IRQ,NO_IRQ","NONE,DELTA,NONE,NONE",
18.217846,2026-09-01T21:13:15.411+01:00,879224,1566741,212,212,True,True,0x02,"NO_IRQ,OK,NO_IRQ,NO_IRQ","NONE,DELTA,NONE,NONE",
18.222590,2026-09-01T21:13:15.415+01:00,879436,1566742,170,170,True,True,0x02,"NO_IRQ,OK,NO_IRQ,NO_IRQ","NONE,DELTA,NONE,NONE",
18.237981,2026-09-01T21:13:15.420+01:00,879606,1566743,192,192,True,True,0x02,"NO_IRQ,OK,NO_IRQ,NO_IRQ","NONE,DELTA,NONE,NONE",
18.238673,2026-09-01T21:13:15.436+01:00,879798,1566744,194,194,True,True,0x02,"NO_IRQ,OK,NO_IRQ,NO_IRQ","NONE,DELTA,NONE,NONE",
18.239438,2026-09-01T21:13:15.436+01:00,879992,1566745,188,188,True,True,0x02,"NO_IRQ,OK,NO_IRQ,NO_IRQ","NONE,DELTA,NONE,NONE",
18.242932,2026-09-01T21:13:15.437+01:00,880180,1566746,198,198,True,True,0x02,"NO_IRQ,OK,NO_IRQ,NO_IRQ","NONE,DELTA,NONE,NONE",
18.248358,2026-09-01T21:13:15.441+01:00,880378,1566747,198,198,True,True,0x02,"NO_IRQ,OK,NO_IRQ,NO_IRQ","NONE,DELTA,NONE,NONE",
18.256097,2026-09-01T21:13:15.446+01:00,880576,1566748,198,198,True,True,0x02,"NO_IRQ,OK,NO_IRQ,NO_IRQ","NONE,DELTA,NONE,NONE",
18.257743,2026-09-01T21:13:15.454+01:00,880774,1566749,184,184,True,True,0x02,"NO_IRQ,OK,NO_IRQ,NO_IRQ","NONE,DELTA,NONE,NONE",
18.262839,2026-09-01T21:13:15.455+01:00,880958,1566750,214,214,True,True,0x02,"NO_IRQ,OK,NO_IRQ,NO_IRQ","NONE,DELTA,NONE,NONE",
18.272719,2026-09-01T21:13:15.461+01:00,881172,1566751,178,178,True,True,0x02,"NO_IRQ,OK,NO_IRQ,NO_IRQ","NONE,DELTA,NONE,NONE",
18.273337,2026-09-01T21:13:15.470+01:00,881350,1566752,222,222,True,True,0x02,"NO_IRQ,OK,NO_IRQ,NO_IRQ","NONE,DELTA,NONE,NONE",
18.277935,2026-09-01T21:13:15.471+01:00,881572,1566753,196,196,True,True,0x02,"NO_IRQ,OK,NO_IRQ,NO_IRQ","NONE,DELTA,NONE,NONE",
18.288674,2026-09-01T21:13:15.475+01:00,881768,1566754,188,188,True,True,0x02,"NO_IRQ,OK,NO_IRQ,NO_IRQ","NONE,DELTA,NONE,NONE",
18.289933,2026-09-01T21:13:15.486+01:00,881956,1566755,180,180,True,True,0x02,"NO_IRQ,OK,NO_IRQ,NO_IRQ","NONE,DELTA,NONE,NONE",
18.292983,2026-09-01T21:13:15.487+01:00,882136,1566756,194,194,True,True,0x02,"NO_IRQ,OK,NO_IRQ,NO_IRQ","NONE,DELTA,NONE,NONE",
18.297675,2026-09-01T21:13:15.490+01:00,882330,1566757,182,182,True,True,0x02,"NO_IRQ,OK,NO_IRQ,NO_IRQ","NONE,DELTA,NONE,NONE",
18.305416,2026-09-01T21:13:15.495+01:00,882512,1566758,188,188,True,True,0x02,"NO_IRQ,OK,NO_IRQ,NO_IRQ","NONE,DELTA,NONE,NONE",
18.307620,2026-09-01T21:13:15.503+01:00,882700,1566759,188,188,True,True,0x02,"NO_IRQ,OK,NO_IRQ,NO_IRQ","NONE,DELTA,NONE,NONE",
18.312678,2026-09-01T21:13:15.505+01:00,882888,1566760,198,198,True,True,0x02,"NO_IRQ,OK,NO_IRQ,NO_IRQ","NONE,DELTA,NONE,NONE",
18.321769,2026-09-01T21:13:15.510+01:00,883086,1566761,182,182,True,True,0x02,"NO_IRQ,OK,NO_IRQ,NO_IRQ","NONE,DELTA,NONE,NONE",
18.322719,2026-09-01T21:13:15.519+01:00,883268,1566762,204,204,True,True,0x02,"NO_IRQ,OK,NO_IRQ,NO_IRQ","NONE,DELTA,NONE,NONE",
18.327870,2026-09-01T21:13:15.520+01:00,883472,1566763,178,178,True,True,0x02,"NO_IRQ,OK,NO_IRQ,NO_IRQ","NONE,DELTA,NONE,NONE",
18.337655,2026-09-01T21:13:15.525+01:00,883650,1566764,200,200,True,True,0x02,"NO_IRQ,OK,NO_IRQ,NO_IRQ","NONE,DELTA,NONE,NONE",
18.338341,2026-09-01T21:13:15.535+01:00,883850,1566765,204,204,True,True,0x02,"NO_IRQ,OK,NO_IRQ,NO_IRQ","NONE,DELTA,NONE,NONE",
18.342799,2026-09-01T21:13:15.536+01:00,884054,1566766,206,206,True,True,0x02,"NO_IRQ,OK,NO_IRQ,NO_IRQ","NONE,DELTA,NONE,NONE",
18.347511,2026-09-01T21:13:15.540+01:00,884260,1566767,226,226,True,True,0x02,"NO_IRQ,OK,NO_IRQ,NO_IRQ","NONE,DELTA,NONE,NONE",
18.354527,2026-09-01T21:13:15.546+01:00,884486,1566768,210,210,True,True,0x02,"NO_IRQ,OK,NO_IRQ,NO_IRQ","NONE,DELTA,NONE,NONE",
18.357573,2026-09-01T21:13:15.552+01:00,884696,1566769,182,182,True,True,0x02,"NO_IRQ,OK,NO_IRQ,NO_IRQ","NONE,DELTA,NONE,NONE",
18.362911,2026-09-01T21:13:15.555+01:00,884878,1566770,186,186,True,True,0x02,"NO_IRQ,OK,NO_IRQ,NO_IRQ","NONE,DELTA,NONE,NONE",
18.368056,2026-09-01T21:13:15.560+01:00,885064,1566771,180,180,True,True,0x02,"NO_IRQ,OK,NO_IRQ,NO_IRQ","NONE,DELTA,NONE,NONE",
18.372534,2026-09-01T21:13:15.566+01:00,885244,1566772,176,176,True,True,0x02,"NO_IRQ,OK,NO_IRQ,NO_IRQ","NONE,DELTA,NONE,NONE",
18.377675,2026-09-01T21:13:15.570+01:00,885420,1566773,196,196,True,True,0x02,"NO_IRQ,OK,NO_IRQ,NO_IRQ","NONE,DELTA,NONE,NONE",
18.391147,2026-09-01T21:13:15.575+01:00,885616,1566774,210,210,True,True,0x02,"NO_IRQ,OK,NO_IRQ,NO_IRQ","NONE,DELTA,NONE,NONE",
18.391495,2026-09-01T21:13:15.589+01:00,885826,1566775,198,198,True,True,0x02,"NO_IRQ,OK,NO_IRQ,NO_IRQ","NONE,DELTA,NONE,NONE",
18.392239,2026-09-01T21:13:15.589+01:00,886024,1566776,190,190,True,True,0x02,"NO_IRQ,OK,NO_IRQ,NO_IRQ","NONE,DELTA,NONE,NONE",
18.405253,2026-09-01T21:13:15.590+01:00,886214,1566777,230,230,True,True,0x02,"NO_IRQ,OK,NO_IRQ,NO_IRQ","NONE,DELTA,NONE,NONE",
18.405915,2026-09-01T21:13:15.603+01:00,886444,1566778,178,178,True,True,0x02,"NO_IRQ,OK,NO_IRQ,NO_IRQ","NONE,DELTA,NONE,NONE",
18.407364,2026-09-01T21:13:15.603+01:00,886622,1566779,190,190,True,True,0x02,"NO_IRQ,OK,NO_IRQ,NO_IRQ","NONE,DELTA,NONE,NONE",
18.412496,2026-09-01T21:13:15.605+01:00,886812,1566780,238,238,True,True,0x02,"NO_IRQ,OK,NO_IRQ,NO_IRQ","NONE,DELTA,NONE,NONE",
18.421428,2026-09-01T21:13:15.610+01:00,887050,1566781,194,194,True,True,0x02,"NO_IRQ,OK,NO_IRQ,NO_IRQ","NONE,DELTA,NONE,NONE",
18.422379,2026-09-01T21:13:15.619+01:00,887244,1566782,170,170,True,True,0x02,"NO_IRQ,OK,NO_IRQ,NO_IRQ","NONE,DELTA,NONE,NONE",
18.427520,2026-09-01T21:13:15.620+01:00,887414,1566783,208,208,True,True,0x02,"NO_IRQ,OK,NO_IRQ,NO_IRQ","NONE,DELTA,NONE,NONE",
18.436624,2026-09-01T21:13:15.625+01:00,887622,1566784,212,212,True,True,0x02,"NO_IRQ,OK,NO_IRQ,NO_IRQ","NONE,DELTA,NONE,NONE",
18.437231,2026-09-01T21:13:15.634+01:00,887834,1566785,172,172,True,True,0x02,"NO_IRQ,OK,NO_IRQ,NO_IRQ","NONE,DELTA,NONE,NONE",
18.442457,2026-09-01T21:13:15.635+01:00,888006,1566786,192,192,True,True,0x02,"NO_IRQ,OK,NO_IRQ,NO_IRQ","NONE,DELTA,NONE,NONE",
18.453321,2026-09-01T21:13:15.640+01:00,888198,1566787,192,192,True,True,0x02,"NO_IRQ,OK,NO_IRQ,NO_IRQ","NONE,DELTA,NONE,NONE",
18.454008,2026-09-01T21:13:15.651+01:00,888390,1566788,210,210,True,True,0x02,"NO_IRQ,OK,NO_IRQ,NO_IRQ","NONE,DELTA,NONE,NONE",
18.457422,2026-09-01T21:13:15.651+01:00,888600,1566789,202,202,True,True,0x02,"NO_IRQ,OK,NO_IRQ,NO_IRQ","NONE,DELTA,NONE,NONE",
18.462366,2026-09-01T21:13:15.655+01:00,888802,1566790,170,170,True,True,0x02,"NO_IRQ,OK,NO_IRQ,NO_IRQ","NONE,DELTA,NONE,NONE",
18.470748,2026-09-01T21:13:15.660+01:00,888972,1566791,202,202,True,True,0x02,"NO_IRQ,OK,NO_IRQ,NO_IRQ","NONE,DELTA,NONE,NONE",
18.472254,2026-09-01T21:13:15.669+01:00,889174,1566792,182,182,True,True,0x02,"NO_IRQ,OK,NO_IRQ,NO_IRQ","NONE,DELTA,NONE,NONE",
18.477466,2026-09-01T21:13:15.670+01:00,889356,1566793,184,184,True,True,0x02,"NO_IRQ,OK,NO_IRQ,NO_IRQ","NONE,DELTA,NONE,NONE",
18.486052,2026-09-01T21:13:15.675+01:00,889540,1566794,196,196,True,True,0x02,"NO_IRQ,OK,NO_IRQ,NO_IRQ","NONE,DELTA,NONE,NONE",
18.487243,2026-09-01T21:13:15.684+01:00,889736,1566795,194,194,True,True,0x02,"NO_IRQ,OK,NO_IRQ,NO_IRQ","NONE,DELTA,NONE,NONE",
18.492569,2026-09-01T21:13:15.685+01:00,889930,1566796,168,168,True,True,0x02,"NO_IRQ,OK,NO_IRQ,NO_IRQ","NONE,DELTA,NONE,NONE",
18.501611,2026-09-01T21:13:15.690+01:00,890098,1566797,194,194,True,True,0x02,"NO_IRQ,OK,NO_IRQ,NO_IRQ","NONE,DELTA,NONE,NONE",
18.502450,2026-09-01T21:13:15.699+01:00,890292,1566798,176,176,True,True,0x02,"NO_IRQ,OK,NO_IRQ,NO_IRQ","NONE,DELTA,NONE,NONE",
18.507363,2026-09-01T21:13:15.700+01:00,890468,1566799,138,138,True,True,0x02,"NO_IRQ,OK,NO_IRQ,NO_IRQ","NONE,DELTA,NONE,NONE",
18.512264,2026-09-01T21:13:15.705+01:00,890606,1566800,178,178,True,True,0x02,"NO_IRQ,OK,NO_IRQ,NO_IRQ","NONE,DELTA,NONE,NONE",
18.519320,2026-09-01T21:13:15.710+01:00,890784,1566801,202,202,True,True,0x02,"NO_IRQ,OK,NO_IRQ,NO_IRQ","NONE,DELTA,NONE,NONE",
18.522388,2026-09-01T21:13:15.717+01:00,890986,1566802,158,158,True,True,0x02,"NO_IRQ,OK,NO_IRQ,NO_IRQ","NONE,DELTA,NONE,NONE",
18.527376,2026-09-01T21:13:15.720+01:00,891144,1566803,188,188,True,True,0x02,"NO_IRQ,OK,NO_IRQ,NO_IRQ","NONE,DELTA,NONE,NONE",
18.533145,2026-09-01T21:13:15.725+01:00,891332,1566804,166,166,True,True,0x02,"NO_IRQ,OK,NO_IRQ,NO_IRQ","NONE,DELTA,NONE,NONE",
18.537721,2026-09-01T21:13:15.731+01:00,891498,1566805,182,182,True,True,0x02,"NO_IRQ,OK,NO_IRQ,NO_IRQ","NONE,DELTA,NONE,NONE",
18.542038,2026-09-01T21:13:15.735+01:00,891680,1566806,188,188,True,True,0x02,"NO_IRQ,OK,NO_IRQ,NO_IRQ","NONE,DELTA,NONE,NONE",
18.547336,2026-09-01T21:13:15.739+01:00,891868,1566807,172,172,True,True,0x02,"NO_IRQ,OK,NO_IRQ,NO_IRQ","NONE,DELTA,NONE,NONE",
18.560309,2026-09-01T21:13:15.745+01:00,892040,1566808,208,208,True,True,0x02,"NO_IRQ,OK,NO_IRQ,NO_IRQ","NONE,DELTA,NONE,NONE",
18.560960,2026-09-01T21:13:15.758+01:00,892248,1566809,192,192,True,True,0x02,"NO_IRQ,OK,NO_IRQ,NO_IRQ","NONE,DELTA,NONE,NONE",
18.562262,2026-09-01T21:13:15.759+01:00,892440,1566810,198,198,True,True,0x02,"NO_IRQ,OK,NO_IRQ,NO_IRQ","NONE,DELTA,NONE,NONE",
18.567451,2026-09-01T21:13:15.760+01:00,892638,1566811,210,210,True,True,0x02,"NO_IRQ,OK,NO_IRQ,NO_IRQ","NONE,DELTA,NONE,NONE",
18.577009,2026-09-01T21:13:15.765+01:00,892848,1566812,204,204,True,True,0x02,"NO_IRQ,OK,NO_IRQ,NO_IRQ","NONE,DELTA,NONE,NONE",
18.577624,2026-09-01T21:13:15.775+01:00,893052,1566813,188,188,True,True,0x02,"NO_IRQ,OK,NO_IRQ,NO_IRQ","NONE,DELTA,NONE,NONE",
18.582510,2026-09-01T21:13:15.775+01:00,893240,1566814,172,172,True,True,0x02,"NO_IRQ,OK,NO_IRQ,NO_IRQ","NONE,DELTA,NONE,NONE",
18.586922,2026-09-01T21:13:15.780+01:00,893412,1566815,194,194,True,True,0x02,"NO_IRQ,OK,NO_IRQ,NO_IRQ","NONE,DELTA,NONE,NONE",
18.593112,2026-09-01T21:13:15.784+01:00,893606,1566816,170,170,True,True,0x02,"NO_IRQ,OK,NO_IRQ,NO_IRQ","NONE,DELTA,NONE,NONE",
18.596942,2026-09-01T21:13:15.791+01:00,893776,1566817,192,192,True,True,0x02,"NO_IRQ,OK,NO_IRQ,NO_IRQ","NONE,DELTA,NONE,NONE",
18.602199,2026-09-01T21:13:15.794+01:00,893968,1566818,200,200,True,True,0x02,"NO_IRQ,OK,NO_IRQ,NO_IRQ","NONE,DELTA,NONE,NONE",
18.609615,2026-09-01T21:13:15.800+01:00,894168,1566819,224,224,True,True,0x02,"NO_IRQ,OK,NO_IRQ,NO_IRQ","NONE,DELTA,NONE,NONE",
18.612010,2026-09-01T21:13:15.807+01:00,894392,1566820,168,168,True,True,0x02,"NO_IRQ,OK,NO_IRQ,NO_IRQ","NONE,DELTA,NONE,NONE",
18.617171,2026-09-01T21:13:15.810+01:00,894560,1566821,154,154,True,True,0x02,"NO_IRQ,OK,NO_IRQ,NO_IRQ","NONE,DELTA,NONE,NONE",
18.625809,2026-09-01T21:13:15.815+01:00,894714,1566822,178,178,True,True,0x02,"NO_IRQ,OK,NO_IRQ,NO_IRQ","NONE,DELTA,NONE,NONE",
18.627006,2026-09-01T21:13:15.823+01:00,894892,1566823,180,180,True,True,0x02,"NO_IRQ,OK,NO_IRQ,NO_IRQ","NONE,DELTA,NONE,NONE",
18.632043,2026-09-01T21:13:15.825+01:00,895072,1566824,168,168,True,True,0x02,"NO_IRQ,OK,NO_IRQ,NO_IRQ","NONE,DELTA,NONE,NONE",
18.641951,2026-09-01T21:13:15.830+01:00,895240,1566825,198,198,True,True,0x02,"NO_IRQ,OK,NO_IRQ,NO_IRQ","NONE,DELTA,NONE,NONE",
18.642547,2026-09-01T21:13:15.839+01:00,895438,1566826,154,154,True,True,0x02,"NO_IRQ,OK,NO_IRQ,NO_IRQ","NONE,DELTA,NONE,NONE",
18.646888,2026-09-01T21:13:15.840+01:00,895592,1566827,190,190,True,True,0x02,"NO_IRQ,OK,NO_IRQ,NO_IRQ","NONE,DELTA,NONE,NONE",
18.657407,2026-09-01T21:13:15.844+01:00,895782,1566828,192,192,True,True,0x02,"NO_IRQ,OK,NO_IRQ,NO_IRQ","NONE,DELTA,NONE,NONE",
18.658008,2026-09-01T21:13:15.855+01:00,895974,1566829,206,206,True,True,0x02,"NO_IRQ,OK,NO_IRQ,NO_IRQ","NONE,DELTA,NONE,NONE",
18.662011,2026-09-01T21:13:15.855+01:00,896180,1566830,184,184,True,True,0x02,"NO_IRQ,OK,NO_IRQ,NO_IRQ","NONE,DELTA,NONE,NONE",
18.667117,2026-09-01T21:13:15.859+01:00,896364,1566831,174,174,True,True,0x02,"NO_IRQ,OK,NO_IRQ,NO_IRQ","NONE,DELTA,NONE,NONE",
18.673728,2026-09-01T21:13:15.865+01:00,896538,1566832,194,194,True,True,0x02,"NO_IRQ,OK,NO_IRQ,NO_IRQ","NONE,DELTA,NONE,NONE",
18.677390,2026-09-01T21:13:15.871+01:00,896732,1566833,188,188,True,True,0x02,"NO_IRQ,OK,NO_IRQ,NO_IRQ","NONE,DELTA,NONE,NONE",
18.682070,2026-09-01T21:13:15.875+01:00,896920,1566834,196,196,True,True,0x02,"NO_IRQ,OK,NO_IRQ,NO_IRQ","NONE,DELTA,NONE,NONE",
18.687353,2026-09-01T21:13:15.880+01:00,897116,1566835,202,202,True,True,0x02,"NO_IRQ,OK,NO_IRQ,NO_IRQ","NONE,DELTA,NONE,NONE",
18.691737,2026-09-01T21:13:15.885+01:00,897318,1566836,186,186,True,True,0x02,"NO_IRQ,OK,NO_IRQ,NO_IRQ","NONE,DELTA,NONE,NONE",
18.696861,2026-09-01T21:13:15.889+01:00,897504,1566837,194,194,True,True,0x02,"NO_IRQ,OK,NO_IRQ,NO_IRQ","NONE,DELTA,NONE,NONE",
18.702248,2026-09-01T21:13:15.894+01:00,897698,1566838,406,406,True,True,0x02,"NO_IRQ,OK,NO_IRQ,NO_IRQ","NONE,DELTA,NONE,NONE",
18.713479,2026-09-01T21:13:15.900+01:00,898104,1566839,540,540,True,True,0x02,"NO_IRQ,OK,NO_IRQ,NO_IRQ","NONE,DELTA,NONE,NONE",
18.714056,2026-09-01T21:13:15.911+01:00,898644,1566840,600,600,True,True,0x02,"NO_IRQ,OK,NO_IRQ,NO_IRQ","NONE,DELTA,NONE,NONE",
18.727286,2026-09-01T21:13:15.912+01:00,899244,1566841,576,576,True,True,0x02,"NO_IRQ,OK,NO_IRQ,NO_IRQ","NONE,DELTA,NONE,NONE",
18.728363,2026-09-01T21:13:15.925+01:00,899820,1566842,570,570,True,True,0x02,"NO_IRQ,OK,NO_IRQ,NO_IRQ","NONE,DELTA,NONE,NONE",
18.729051,2026-09-01T21:13:15.926+01:00,900390,1566843,494,494,True,True,0x02,"NO_IRQ,OK,NO_IRQ,NO_IRQ","NONE,DELTA,NONE,NONE",
18.732783,2026-09-01T21:13:15.927+01:00,900884,1566844,522,522,True,True,0x02,"NO_IRQ,OK,NO_IRQ,NO_IRQ","NONE,DELTA,NONE,NONE",
18.737386,2026-09-01T21:13:15.930+01:00,901406,1566845,540,540,True,True,0x02,"NO_IRQ,OK,NO_IRQ,NO_IRQ","NONE,DELTA,NONE,NONE",
18.745122,2026-09-01T21:13:15.935+01:00,901946,1566846,542,542,True,True,0x02,"NO_IRQ,OK,NO_IRQ,NO_IRQ","NONE,DELTA,NONE,NONE",
18.748242,2026-09-01T21:13:15.943+01:00,902488,1566847,598,598,True,True,0x02,"NO_IRQ,OK,NO_IRQ,NO_IRQ","NONE,DELTA,NONE,NONE",
18.752436,2026-09-01T21:13:15.946+01:00,903086,1566848,580,580,True,True,0x02,"NO_IRQ,OK,NO_IRQ,NO_IRQ","NONE,DELTA,NONE,NONE",
18.757486,2026-09-01T21:13:15.950+01:00,903666,1566849,558,558,True,True,0x02,"NO_IRQ,OK,NO_IRQ,NO_IRQ","NONE,DELTA,NONE,NONE",
18.762533,2026-09-01T21:13:15.956+01:00,904224,1566850,562,562,True,True,0x02,"NO_IRQ,OK,NO_IRQ,NO_IRQ","NONE,DELTA,NONE,NONE",
18.767183,2026-09-01T21:13:15.960+01:00,904786,1566851,520,520,True,True,0x02,"NO_IRQ,OK,NO_IRQ,NO_IRQ","NONE,DELTA,NONE,NONE",
18.772072,2026-09-01T21:13:15.965+01:00,905306,1566852,512,512,True,True,0x02,"NO_IRQ,OK,NO_IRQ,NO_IRQ","NONE,DELTA,NONE,NONE",
18.778647,2026-09-01T21:13:15.970+01:00,905818,1566853,494,494,True,True,0x02,"NO_IRQ,OK,NO_IRQ,NO_IRQ","NONE,DELTA,NONE,NONE",
18.782065,2026-09-01T21:13:15.976+01:00,906312,1566854,384,384,True,True,0x02,"NO_IRQ,OK,NO_IRQ,NO_IRQ","NONE,DELTA,NONE,NONE",
18.787222,2026-09-01T21:13:15.980+01:00,906696,1566855,436,436,True,True,0x02,"NO_IRQ,OK,NO_IRQ,NO_IRQ","NONE,DELTA,NONE,NONE",
18.795843,2026-09-01T21:13:15.985+01:00,907132,1566856,432,432,True,True,0x02,"NO_IRQ,OK,NO_IRQ,NO_IRQ","NONE,DELTA,NONE,NONE",
18.797265,2026-09-01T21:13:15.994+01:00,907564,1566857,402,402,True,True,0x02,"NO_IRQ,OK,NO_IRQ,NO_IRQ","NONE,DELTA,NONE,NONE",
18.802024,2026-09-01T21:13:15.995+01:00,907966,1566858,414,414,True,True,0x02,"NO_IRQ,OK,NO_IRQ,NO_IRQ","NONE,DELTA,NONE,NONE",
18.811566,2026-09-01T21:13:16.000+01:00,908380,1566859,416,416,True,True,0x02,"NO_IRQ,OK,NO_IRQ,NO_IRQ","NONE,DELTA,NONE,NONE",
18.812300,2026-09-01T21:13:16.009+01:00,908796,1566860,468,468,True,True,0x02,"NO_IRQ,OK,NO_IRQ,NO_IRQ","NONE,DELTA,NONE,NONE",
18.817101,2026-09-01T21:13:16.010+01:00,909264,1566861,398,398,True,True,0x02,"NO_IRQ,OK,NO_IRQ,NO_IRQ","NONE,DELTA,NONE,NONE",
18.827099,2026-09-01T21:13:16.015+01:00,909662,1566862,444,444,True,True,0x02,"NO_IRQ,OK,NO_IRQ,NO_IRQ","NONE,DELTA,NONE,NONE",
18.827791,2026-09-01T21:13:16.025+01:00,910106,1566863,390,390,True,True,0x02,"NO_IRQ,OK,NO_IRQ,NO_IRQ","NONE,DELTA,NONE,NONE",
18.832070,2026-09-01T21:13:16.025+01:00,910496,1566864,392,392,True,True,0x02,"NO_IRQ,OK,NO_IRQ,NO_IRQ","NONE,DELTA,NONE,NONE",
18.836921,2026-09-01T21:13:16.030+01:00,910888,1566865,352,352,True,True,0x02,"NO_IRQ,OK,NO_IRQ,NO_IRQ","NONE,DELTA,NONE,NONE",
18.843324,2026-09-01T21:13:16.034+01:00,911240,1566866,330,330,True,True,0x02,"NO_IRQ,OK,NO_IRQ,NO_IRQ","NONE,DELTA,NONE,NONE",
18.847710,2026-09-01T21:13:16.041+01:00,911570,1566867,362,362,True,True,0x02,"NO_IRQ,OK,NO_IRQ,NO_IRQ","NONE,DELTA,NONE,NONE",
18.852481,2026-09-01T21:13:16.045+01:00,911932,1566868,408,408,True,True,0x02,"NO_IRQ,OK,NO_IRQ,NO_IRQ","NONE,DELTA,NONE,NONE",
18.857158,2026-09-01T21:13:16.050+01:00,912340,1566869,360,360,True,True,0x02,"NO_IRQ,OK,NO_IRQ,NO_IRQ","NONE,DELTA,NONE,NONE",
18.862848,2026-09-01T21:13:16.055+01:00,912700,1566870,1084,1084,True,True,0x02,"NO_IRQ,OK,NO_IRQ,NO_IRQ","NONE,DELTA_SYNC,NONE,NONE",
18.866776,2026-09-01T21:13:16.060+01:00,913784,1566871,360,360,True,True,0x02,"NO_IRQ,OK,NO_IRQ,NO_IRQ","NONE,DELTA,NONE,NONE",
18.871931,2026-09-01T21:13:16.064+01:00,914144,1566872,398,398,True,True,0x02,"NO_IRQ,OK,NO_IRQ,NO_IRQ","NONE,DELTA,NONE,NONE",
18.886971,2026-09-01T21:13:16.069+01:00,914542,1566873,406,406,True,True,0x02,"NO_IRQ,OK,NO_IRQ,NO_IRQ","NONE,DELTA,NONE,NONE",
18.887704,2026-09-01T21:13:16.084+01:00,914948,1566874,342,342,True,True,0x02,"NO_IRQ,OK,NO_IRQ,NO_IRQ","NONE,DELTA,NONE,NONE",
18.888411,2026-09-01T21:13:16.085+01:00,915290,1566875,338,338,True,True,0x02,"NO_IRQ,OK,NO_IRQ,NO_IRQ","NONE,DELTA,NONE,NONE",
18.891908,2026-09-01T21:13:16.086+01:00,915628,1566876,322,322,True,True,0x02,"NO_IRQ,OK,NO_IRQ,NO_IRQ","NONE,DELTA,NONE,NONE",
18.896628,2026-09-01T21:13:16.089+01:00,915950,1566877,362,362,True,True,0x02,"NO_IRQ,OK,NO_IRQ,NO_IRQ","NONE,DELTA,NONE,NONE",
18.903462,2026-09-01T21:13:16.094+01:00,916312,1566878,410,410,True,True,0x02,"NO_IRQ,OK,NO_IRQ,NO_IRQ","NONE,DELTA,NONE,NONE",
18.906923,2026-09-01T21:13:16.101+01:00,916722,1566879,380,380,True,True,0x02,"NO_IRQ,OK,NO_IRQ,NO_IRQ","NONE,DELTA,NONE,NONE",
18.911669,2026-09-01T21:13:16.104+01:00,917102,1566880,296,296,True,True,0x02,"NO_IRQ,OK,NO_IRQ,NO_IRQ","NONE,DELTA,NONE,NONE",
18.919423,2026-09-01T21:13:16.109+01:00,917398,1566881,410,410,True,True,0x02,"NO_IRQ,OK,NO_IRQ,NO_IRQ","NONE,DELTA,NONE,NONE",
18.921911,2026-09-01T21:13:16.117+01:00,917808,1566882,326,326,True,True,0x02,"NO_IRQ,OK,NO_IRQ,NO_IRQ","NONE,DELTA,NONE,NONE",
18.926744,2026-09-01T21:13:16.120+01:00,918134,1566883,328,328,True,True,0x02,"NO_IRQ,OK,NO_IRQ,NO_IRQ","NONE,DELTA,NONE,NONE",
18.935791,2026-09-01T21:13:16.125+01:00,918462,1566884,372,372,True,True,0x02,"NO_IRQ,OK,NO_IRQ,NO_IRQ","NONE,DELTA,NONE,NONE",
18.937241,2026-09-01T21:13:16.133+01:00,918834,1566885,466,466,True,True,0x02,"NO_IRQ,OK,NO_IRQ,NO_IRQ","NONE,DELTA,NONE,NONE",
18.942097,2026-09-01T21:13:16.135+01:00,919300,1566886,394,394,True,True,0x02,"NO_IRQ,OK,NO_IRQ,NO_IRQ","NONE,DELTA,NONE,NONE",
18.953066,2026-09-01T21:13:16.140+01:00,919694,1566887,402,402,True,True,0x02,"NO_IRQ,OK,NO_IRQ,NO_IRQ","NONE,DELTA,NONE,NONE",
18.953812,2026-09-01T21:13:16.151+01:00,920096,1566888,416,416,True,True,0x02,"NO_IRQ,OK,NO_IRQ,NO_IRQ","NONE,DELTA,NONE,NONE",
18.957001,2026-09-01T21:13:16.151+01:00,920512,1566889,434,434,True,True,0x02,"NO_IRQ,OK,NO_IRQ,NO_IRQ","NONE,DELTA,NONE,NONE",
18.962011,2026-09-01T21:13:16.155+01:00,920946,1566890,456,456,True,True,0x02,"NO_IRQ,OK,NO_IRQ,NO_IRQ","NONE,DELTA,NONE,NONE",
18.970044,2026-09-01T21:13:16.159+01:00,921402,1566891,400,400,True,True,0x02,"NO_IRQ,OK,NO_IRQ,NO_IRQ","NONE,DELTA,NONE,NONE",
18.971745,2026-09-01T21:13:16.168+01:00,921802,1566892,418,418,True,True,0x02,"NO_IRQ,OK,NO_IRQ,NO_IRQ","NONE,DELTA,NONE,NONE",
18.976823,2026-09-01T21:13:16.169+01:00,922220,1566893,474,474,True,True,0x02,"NO_IRQ,OK,NO_IRQ,NO_IRQ","NONE,DELTA,NONE,NONE",
18.986408,2026-09-01T21:13:16.174+01:00,922694,1566894,448,448,True,True,0x02,"NO_IRQ,OK,NO_IRQ,NO_IRQ","NONE,DELTA,NONE,NONE",
18.987130,2026-09-01T21:13:16.184+01:00,923142,1566895,436,436,True,True,0x02,"NO_IRQ,OK,NO_IRQ,NO_IRQ","NONE,DELTA,NONE,NONE",
18.991826,2026-09-01T21:13:16.185+01:00,923578,1566896,458,458,True,True,0x02,"NO_IRQ,OK,NO_IRQ,NO_IRQ","NONE,DELTA,NONE,NONE",
19.002831,2026-09-01T21:13:16.189+01:00,924036,1566897,396,396,True,True,0x02,"NO_IRQ,OK,NO_IRQ,NO_IRQ","NONE,DELTA,NONE,NONE",
19.003580,2026-09-01T21:13:16.200+01:00,924432,1566898,458,458,True,True,0x02,"NO_IRQ,OK,NO_IRQ,NO_IRQ","NONE,DELTA,NONE,NONE",
19.006763,2026-09-01T21:13:16.201+01:00,924890,1566899,340,340,True,True,0x02,"NO_IRQ,OK,NO_IRQ,NO_IRQ","NONE,DELTA,NONE,NONE",
19.011486,2026-09-01T21:13:16.204+01:00,925230,1566900,356,356,True,True,0x02,"NO_IRQ,OK,NO_IRQ,NO_IRQ","NONE,DELTA,NONE,NONE",
19.016885,2026-09-01T21:13:16.209+01:00,925586,1566901,338,338,True,True,0x02,"NO_IRQ,OK,NO_IRQ,NO_IRQ","NONE,DELTA,NONE,NONE",
19.021603,2026-09-01T21:13:16.214+01:00,925924,1566902,350,350,True,True,0x02,"NO_IRQ,OK,NO_IRQ,NO_IRQ","NONE,DELTA,NONE,NONE",
19.027059,2026-09-01T21:13:16.219+01:00,926274,1566903,444,444,True,True,0x02,"NO_IRQ,OK,NO_IRQ,NO_IRQ","NONE,DELTA,NONE,NONE",
19.031588,2026-09-01T21:13:16.225+01:00,926718,1566904,502,502,True,True,0x02,"NO_IRQ,OK,NO_IRQ,NO_IRQ","NONE,DELTA,NONE,NONE",
19.039959,2026-09-01T21:13:16.229+01:00,927220,1566905,418,418,True,True,0x02,"NO_IRQ,OK,NO_IRQ,NO_IRQ","NONE,DELTA,NONE,NONE",
19.041398,2026-09-01T21:13:16.237+01:00,927638,1566906,454,454,True,True,0x02,"NO_IRQ,OK,NO_IRQ,NO_IRQ","NONE,DELTA,NONE,NONE",
19.053267,2026-09-01T21:13:16.239+01:00,928092,1566907,454,454,True,True,0x02,"NO_IRQ,OK,NO_IRQ,NO_IRQ","NONE,DELTA,NONE,NONE",
19.054049,2026-09-01T21:13:16.251+01:00,928546,1566908,442,442,True,True,0x02,"NO_IRQ,OK,NO_IRQ,NO_IRQ","NONE,DELTA,NONE,NONE",
19.056610,2026-09-01T21:13:16.252+01:00,928988,1566909,472,472,True,True,0x02,"NO_IRQ,OK,NO_IRQ,NO_IRQ","NONE,DELTA,NONE,NONE",
19.061643,2026-09-01T21:13:16.254+01:00,929460,1566910,480,480,True,True,0x02,"NO_IRQ,OK,NO_IRQ,NO_IRQ","NONE,DELTA,NONE,NONE",
19.070257,2026-09-01T21:13:16.259+01:00,929940,1566911,434,434,True,True,0x02,"NO_IRQ,OK,NO_IRQ,NO_IRQ","NONE,DELTA,NONE,NONE",
19.071305,2026-09-01T21:13:16.268+01:00,930374,1566912,430,430,True,True,0x02,"NO_IRQ,OK,NO_IRQ,NO_IRQ","NONE,DELTA,NONE,NONE",
19.076655,2026-09-01T21:13:16.269+01:00,930804,1566913,442,442,True,True,0x02,"NO_IRQ,OK,NO_IRQ,NO_IRQ","NONE,DELTA,NONE,NONE",
19.086479,2026-09-01T21:13:16.274+01:00,931246,1566914,346,346,True,True,0x02,"NO_IRQ,OK,NO_IRQ,NO_IRQ","NONE,DELTA,NONE,NONE",
19.088045,2026-09-01T21:13:16.284+01:00,931592,1566915,396,396,True,True,0x02,"NO_IRQ,OK,NO_IRQ,NO_IRQ","NONE,DELTA,NONE,NONE",
19.091253,2026-09-01T21:13:16.286+01:00,931988,1566916,340,340,True,True,0x02,"NO_IRQ,OK,NO_IRQ,NO_IRQ","NONE,DELTA,NONE,NONE",
19.096125,2026-09-01T21:13:16.289+01:00,932328,1566917,248,248,True,True,0x02,"NO_IRQ,OK,NO_IRQ,NO_IRQ","NONE,DELTA,NONE,NONE",
19.103791,2026-09-01T21:13:16.294+01:00,932576,1566918,272,272,True,True,0x02,"NO_IRQ,OK,NO_IRQ,NO_IRQ","NONE,DELTA,NONE,NONE",
19.106413,2026-09-01T21:13:16.301+01:00,932848,1566919,298,298,True,True,0x02,"NO_IRQ,OK,NO_IRQ,NO_IRQ","NONE,DELTA,NONE,NONE",
19.111170,2026-09-01T21:13:16.304+01:00,933146,1566920,280,280,True,True,0x02,"NO_IRQ,OK,NO_IRQ,NO_IRQ","NONE,DELTA,NONE,NONE",
19.121196,2026-09-01T21:13:16.309+01:00,933426,1566921,248,248,True,True,0x02,"NO_IRQ,OK,NO_IRQ,NO_IRQ","NONE,DELTA,NONE,NONE",
19.121971,2026-09-01T21:13:16.319+01:00,933674,1566922,230,230,True,True,0x02,"NO_IRQ,OK,NO_IRQ,NO_IRQ","NONE,DELTA,NONE,NONE",
19.126128,2026-09-01T21:13:16.319+01:00,933904,1566923,240,240,True,True,0x02,"NO_IRQ,OK,NO_IRQ,NO_IRQ","NONE,DELTA,NONE,NONE",
19.137370,2026-09-01T21:13:16.324+01:00,934144,1566924,266,266,True,True,0x02,"NO_IRQ,OK,NO_IRQ,NO_IRQ","NONE,DELTA,NONE,NONE",
19.138441,2026-09-01T21:13:16.335+01:00,934410,1566925,412,412,True,True,0x02,"NO_IRQ,OK,NO_IRQ,NO_IRQ","NONE,DELTA,NONE,NONE",
19.141559,2026-09-01T21:13:16.336+01:00,934822,1566926,380,380,True,True,0x02,"NO_IRQ,OK,NO_IRQ,NO_IRQ","NONE,DELTA,NONE,NONE",
19.146345,2026-09-01T21:13:16.339+01:00,935202,1566927,436,436,True,True,0x02,"NO_IRQ,OK,NO_IRQ,NO_IRQ","NONE,DELTA,NONE,NONE",
19.153568,2026-09-01T21:13:16.344+01:00,935638,1566928,410,410,True,True,0x02,"NO_IRQ,OK,NO_IRQ,NO_IRQ","NONE,DELTA,NONE,NONE",
19.156592,2026-09-01T21:13:16.351+01:00,936048,1566929,404,404,True,True,0x02,"NO_IRQ,OK,NO_IRQ,NO_IRQ","NONE,DELTA,NONE,NONE",
19.161500,2026-09-01T21:13:16.354+01:00,936452,1566930,484,484,True,True,0x02,"NO_IRQ,OK,NO_IRQ,NO_IRQ","NONE,DELTA,NONE,NONE",
19.169416,2026-09-01T21:13:16.359+01:00,936936,1566931,448,448,True,True,0x02,"NO_IRQ,OK,NO_IRQ,NO_IRQ","NONE,DELTA,NONE,NONE",
19.171262,2026-09-01T21:13:16.367+01:00,937384,1566932,452,452,True,True,0x02,"NO_IRQ,OK,NO_IRQ,NO_IRQ","NONE,DELTA,NONE,NONE",
19.176361,2026-09-01T21:13:16.369+01:00,937836,1566933,370,370,True,True,0x02,"NO_IRQ,OK,NO_IRQ,NO_IRQ","NONE,DELTA,NONE,NONE",
19.182226,2026-09-01T21:13:16.374+01:00,938206,1566934,336,336,True,True,0x02,"NO_IRQ,OK,NO_IRQ,NO_IRQ","NONE,DELTA,NONE,NONE",
19.186909,2026-09-01T21:13:16.380+01:00,938542,1566935,240,240,True,True,0x02,"NO_IRQ,OK,NO_IRQ,NO_IRQ","NONE,DELTA,NONE,NONE",
19.191185,2026-09-01T21:13:16.384+01:00,938782,1566936,268,268,True,True,0x02,"NO_IRQ,OK,NO_IRQ,NO_IRQ","NONE,DELTA,NONE,NONE",
19.195914,2026-09-01T21:13:16.389+01:00,939050,1566937,242,242,True,True,0x02,"NO_IRQ,OK,NO_IRQ,NO_IRQ","NONE,DELTA,NONE,NONE",
19.209846,2026-09-01T21:13:16.393+01:00,939292,1566938,286,286,True,True,0x02,"NO_IRQ,OK,NO_IRQ,NO_IRQ","NONE,DELTA,NONE,NONE",
19.210675,2026-09-01T21:13:16.407+01:00,939578,1566939,422,422,True,True,0x02,"NO_IRQ,OK,NO_IRQ,NO_IRQ","NONE,DELTA,NONE,NONE",
19.211348,2026-09-01T21:13:16.408+01:00,940000,1566940,432,432,True,True,0x02,"NO_IRQ,OK,NO_IRQ,NO_IRQ","NONE,DELTA,NONE,NONE",
19.216374,2026-09-01T21:13:16.409+01:00,940432,1566941,380,380,True,True,0x02,"NO_IRQ,OK,NO_IRQ,NO_IRQ","NONE,DELTA,NONE,NONE",
19.221127,2026-09-01T21:13:16.414+01:00,940812,1566942,394,394,True,True,0x02,"NO_IRQ,OK,NO_IRQ,NO_IRQ","NONE,DELTA,NONE,NONE",
19.228365,2026-09-01T21:13:16.419+01:00,941206,1566943,412,412,True,True,0x02,"NO_IRQ,OK,NO_IRQ,NO_IRQ","NONE,DELTA,NONE,NONE",
19.231533,2026-09-01T21:13:16.426+01:00,941618,1566944,464,464,True,True,0x02,"NO_IRQ,OK,NO_IRQ,NO_IRQ","NONE,DELTA,NONE,NONE",
19.236101,2026-09-01T21:13:16.429+01:00,942082,1566945,412,412,True,True,0x02,"NO_IRQ,OK,NO_IRQ,NO_IRQ","NONE,DELTA,NONE,NONE",
19.244698,2026-09-01T21:13:16.434+01:00,942494,1566946,506,506,True,True,0x02,"NO_IRQ,OK,NO_IRQ,NO_IRQ","NONE,DELTA,NONE,NONE",
19.246514,2026-09-01T21:13:16.442+01:00,943000,1566947,472,472,True,True,0x02,"NO_IRQ,OK,NO_IRQ,NO_IRQ","NONE,DELTA,NONE,NONE",
19.251935,2026-09-01T21:13:16.444+01:00,943472,1566948,450,450,True,True,0x02,"NO_IRQ,OK,NO_IRQ,NO_IRQ","NONE,DELTA,NONE,NONE",
19.261194,2026-09-01T21:13:16.449+01:00,943922,1566949,500,500,True,True,0x02,"NO_IRQ,OK,NO_IRQ,NO_IRQ","NONE,DELTA,NONE,NONE",
19.261901,2026-09-01T21:13:16.459+01:00,944422,1566950,516,516,True,True,0x02,"NO_IRQ,OK,NO_IRQ,NO_IRQ","NONE,DELTA,NONE,NONE",
19.266583,2026-09-01T21:13:16.460+01:00,944938,1566951,486,486,True,True,0x02,"NO_IRQ,OK,NO_IRQ,NO_IRQ","NONE,DELTA,NONE,NONE",
19.271156,2026-09-01T21:13:16.464+01:00,945424,1566952,466,466,True,True,0x02,"NO_IRQ,OK,NO_IRQ,NO_IRQ","NONE,DELTA,NONE,NONE",
19.278502,2026-09-01T21:13:16.469+01:00,945890,1566953,498,498,True,True,0x02,"NO_IRQ,OK,NO_IRQ,NO_IRQ","NONE,DELTA,NONE,NONE",
19.281822,2026-09-01T21:13:16.476+01:00,946388,1566954,512,512,True,True,0x02,"NO_IRQ,OK,NO_IRQ,NO_IRQ","NONE,DELTA,NONE,NONE",
19.286328,2026-09-01T21:13:16.479+01:00,946900,1566955,534,534,True,True,0x02,"NO_IRQ,OK,NO_IRQ,NO_IRQ","NONE,DELTA,NONE,NONE",
19.294583,2026-09-01T21:13:16.484+01:00,947434,1566956,552,552,True,True,0x02,"NO_IRQ,OK,NO_IRQ,NO_IRQ","NONE,DELTA,NONE,NONE",
19.296430,2026-09-01T21:13:16.492+01:00,947986,1566957,550,550,True,True,0x02,"NO_IRQ,OK,NO_IRQ,NO_IRQ","NONE,DELTA,NONE,NONE",
19.301269,2026-09-01T21:13:16.494+01:00,948536,1566958,508,508,True,True,0x02,"NO_IRQ,OK,NO_IRQ,NO_IRQ","NONE,DELTA,NONE,NONE",
19.310754,2026-09-01T21:13:16.499+01:00,949044,1566959,552,552,True,True,0x02,"NO_IRQ,OK,NO_IRQ,NO_IRQ","NONE,DELTA,NONE,NONE",
19.311432,2026-09-01T21:13:16.508+01:00,949596,1566960,490,490,True,True,0x02,"NO_IRQ,OK,NO_IRQ,NO_IRQ","NONE,DELTA,NONE,NONE",
19.316240,2026-09-01T21:13:16.509+01:00,950086,1566961,472,472,True,True,0x02,"NO_IRQ,OK,NO_IRQ,NO_IRQ","NONE,DELTA,NONE,NONE",
19.326448,2026-09-01T21:13:16.514+01:00,950558,1566962,480,480,True,True,0x02,"NO_IRQ,OK,NO_IRQ,NO_IRQ","NONE,DELTA,NONE,NONE",
19.327119,2026-09-01T21:13:16.524+01:00,951038,1566963,468,468,True,True,0x02,"NO_IRQ,OK,NO_IRQ,NO_IRQ","NONE,DELTA,NONE,NONE",
19.331336,2026-09-01T21:13:16.525+01:00,951506,1566964,428,428,True,True,0x02,"NO_IRQ,OK,NO_IRQ,NO_IRQ","NONE,DELTA,NONE,NONE",
19.335920,2026-09-01T21:13:16.529+01:00,951934,1566965,392,392,True,True,0x02,"NO_IRQ,OK,NO_IRQ,NO_IRQ","NONE,DELTA,NONE,NONE",
19.341864,2026-09-01T21:13:16.534+01:00,952326,1566966,366,366,True,True,0x02,"NO_IRQ,OK,NO_IRQ,NO_IRQ","NONE,DELTA,NONE,NONE",
19.345733,2026-09-01T21:13:16.539+01:00,952692,1566967,368,368,True,True,0x02,"NO_IRQ,OK,NO_IRQ,NO_IRQ","NONE,DELTA,NONE,NONE",
19.350819,2026-09-01T21:13:16.543+01:00,953060,1566968,384,384,True,True,0x02,"NO_IRQ,OK,NO_IRQ,NO_IRQ","NONE,DELTA,NONE,NONE",
19.362972,2026-09-01T21:13:16.548+01:00,953444,1566969,392,392,True,True,0x02,"NO_IRQ,OK,NO_IRQ,NO_IRQ","NONE,DELTA,NONE,NONE",
19.363501,2026-09-01T21:13:16.561+01:00,953836,1566970,392,392,True,True,0x02,"NO_IRQ,OK,NO_IRQ,NO_IRQ","NONE,DELTA,NONE,NONE",
19.376660,2026-09-01T21:13:16.561+01:00,954228,1566971,376,376,True,True,0x02,"NO_IRQ,OK,NO_IRQ,NO_IRQ","NONE,DELTA,NONE,NONE",
19.377351,2026-09-01T21:13:16.574+01:00,954604,1566972,326,326,True,True,0x02,"NO_IRQ,OK,NO_IRQ,NO_IRQ","NONE,DELTA,NONE,NONE",
19.377990,2026-09-01T21:13:16.575+01:00,954930,1566973,388,388,True,True,0x02,"NO_IRQ,OK,NO_IRQ,NO_IRQ","NONE,DELTA,NONE,NONE",
19.381229,2026-09-01T21:13:16.575+01:00,955318,1566974,370,370,True,True,0x02,"NO_IRQ,OK,NO_IRQ,NO_IRQ","NONE,DELTA,NONE,NONE",
19.385967,2026-09-01T21:13:16.579+01:00,955688,1566975,378,378,True,True,0x02,"NO_IRQ,OK,NO_IRQ,NO_IRQ","NONE,DELTA,NONE,NONE",
19.394940,2026-09-01T21:13:16.583+01:00,956066,1566976,300,300,True,True,0x02,"NO_IRQ,OK,NO_IRQ,NO_IRQ","NONE,DELTA,NONE,NONE",
19.395579,2026-09-01T21:13:16.592+01:00,956366,1566977,300,300,True,True,0x02,"NO_IRQ,OK,NO_IRQ,NO_IRQ","NONE,DELTA,NONE,NONE",
19.400698,2026-09-01T21:13:16.593+01:00,956666,1566978,278,278,True,True,0x02,"NO_IRQ,OK,NO_IRQ,NO_IRQ","NONE,DELTA,NONE,NONE",
19.410665,2026-09-01T21:13:16.598+01:00,956944,1566979,286,286,True,True,0x02,"NO_IRQ,OK,NO_IRQ,NO_IRQ","NONE,DELTA,NONE,NONE",
19.411303,2026-09-01T21:13:16.608+01:00,957230,1566980,272,272,True,True,0x02,"NO_IRQ,OK,NO_IRQ,NO_IRQ","NONE,DELTA,NONE,NONE",
19.415439,2026-09-01T21:13:16.609+01:00,957502,1566981,250,250,True,True,0x02,"NO_IRQ,OK,NO_IRQ,NO_IRQ","NONE,DELTA,NONE,NONE",
19.421919,2026-09-01T21:13:16.613+01:00,957752,1566982,280,280,True,True,0x02,"NO_IRQ,OK,NO_IRQ,NO_IRQ","NONE,DELTA,NONE,NONE",
19.426764,2026-09-01T21:13:16.620+01:00,958032,1566983,266,266,True,True,0x02,"NO_IRQ,OK,NO_IRQ,NO_IRQ","NONE,DELTA,NONE,NONE",
19.431193,2026-09-01T21:13:16.624+01:00,958298,1566984,232,232,True,True,0x02,"NO_IRQ,OK,NO_IRQ,NO_IRQ","NONE,DELTA,NONE,NONE",
19.435458,2026-09-01T21:13:16.629+01:00,958530,1566985,240,240,True,True,0x02,"NO_IRQ,OK,NO_IRQ,NO_IRQ","NONE,DELTA,NONE,NONE",
19.442799,2026-09-01T21:13:16.633+01:00,958770,1566986,252,252,True,True,0x02,"NO_IRQ,OK,NO_IRQ,NO_IRQ","NONE,DELTA,NONE,NONE",
19.445729,2026-09-01T21:13:16.640+01:00,959022,1566987,234,234,True,True,0x02,"NO_IRQ,OK,NO_IRQ,NO_IRQ","NONE,DELTA,NONE,NONE",
19.450217,2026-09-01T21:13:16.643+01:00,959256,1566988,170,170,True,True,0x02,"NO_IRQ,OK,NO_IRQ,NO_IRQ","NONE,DELTA,NONE,NONE",
19.457722,2026-09-01T21:13:16.648+01:00,959426,1566989,236,236,True,True,0x02,"NO_IRQ,OK,NO_IRQ,NO_IRQ","NONE,DELTA,NONE,NONE",
19.460609,2026-09-01T21:13:16.655+01:00,959662,1566990,212,212,True,True,0x02,"NO_IRQ,OK,NO_IRQ,NO_IRQ","NONE,DELTA,NONE,NONE",
19.465526,2026-09-01T21:13:16.658+01:00,959874,1566991,214,214,True,True,0x02,"NO_IRQ,OK,NO_IRQ,NO_IRQ","NONE,DELTA,NONE,NONE",
19.470263,2026-09-01T21:13:16.663+01:00,960088,1566992,224,224,True,True,0x02,"NO_IRQ,OK,NO_IRQ,NO_IRQ","NONE,DELTA,NONE,NONE",
19.476712,2026-09-01T21:13:16.668+01:00,960312,1566993,258,258,True,True,0x02,"NO_IRQ,OK,NO_IRQ,NO_IRQ","NONE,DELTA,NONE,NONE",
19.480843,2026-09-01T21:13:16.674+01:00,960570,1566994,228,228,True,True,0x02,"NO_IRQ,OK,NO_IRQ,NO_IRQ","NONE,DELTA,NONE,NONE",
19.485592,2026-09-01T21:13:16.679+01:00,960798,1566995,238,238,True,True,0x02,"NO_IRQ,OK,NO_IRQ,NO_IRQ","NONE,DELTA,NONE,NONE",
19.492540,2026-09-01T21:13:16.683+01:00,961036,1566996,210,210,True,True,0x02,"NO_IRQ,OK,NO_IRQ,NO_IRQ","NONE,DELTA,NONE,NONE",
19.495499,2026-09-01T21:13:16.690+01:00,961246,1566997,190,190,True,True,0x02,"NO_IRQ,OK,NO_IRQ,NO_IRQ","NONE,DELTA,NONE,NONE",
19.500530,2026-09-01T21:13:16.693+01:00,961436,1566998,210,210,True,True,0x02,"NO_IRQ,OK,NO_IRQ,NO_IRQ","NONE,DELTA,NONE,NONE",
19.505970,2026-09-01T21:13:16.698+01:00,961646,1566999,232,232,True,True,0x02,"NO_IRQ,OK,NO_IRQ,NO_IRQ","NONE,DELTA,NONE,NONE",
19.510324,2026-09-01T21:13:16.703+01:00,961878,1567000,202,202,True,True,0x02,"NO_IRQ,OK,NO_IRQ,NO_IRQ","NONE,DELTA,NONE,NONE",
19.515261,2026-09-01T21:13:16.708+01:00,962080,1567001,222,222,True,True,0x02,"NO_IRQ,OK,NO_IRQ,NO_IRQ","NONE,DELTA,NONE,NONE",
19.520191,2026-09-01T21:13:16.713+01:00,962302,1567002,234,234,True,True,0x02,"NO_IRQ,OK,NO_IRQ,NO_IRQ","NONE,DELTA,NONE,NONE",
19.533317,2026-09-01T21:13:16.718+01:00,962536,1567003,188,188,True,True,0x02,"NO_IRQ,OK,NO_IRQ,NO_IRQ","NONE,DELTA,NONE,NONE",
19.534163,2026-09-01T21:13:16.731+01:00,962724,1567004,206,206,True,True,0x02,"NO_IRQ,OK,NO_IRQ,NO_IRQ","NONE,DELTA,NONE,NONE",
19.535277,2026-09-01T21:13:16.732+01:00,962930,1567005,242,242,True,True,0x02,"NO_IRQ,OK,NO_IRQ,NO_IRQ","NONE,DELTA,NONE,NONE",
19.540428,2026-09-01T21:13:16.733+01:00,963172,1567006,182,182,True,True,0x02,"NO_IRQ,OK,NO_IRQ,NO_IRQ","NONE,DELTA,NONE,NONE",
19.550396,2026-09-01T21:13:16.738+01:00,963354,1567007,212,212,True,True,0x02,"NO_IRQ,OK,NO_IRQ,NO_IRQ","NONE,DELTA,NONE,NONE",
19.551069,2026-09-01T21:13:16.748+01:00,963566,1567008,202,202,True,True,0x02,"NO_IRQ,OK,NO_IRQ,NO_IRQ","NONE,DELTA,NONE,NONE",
19.555272,2026-09-01T21:13:16.749+01:00,963768,1567009,176,176,True,True,0x02,"NO_IRQ,OK,NO_IRQ,NO_IRQ","NONE,DELTA,NONE,NONE",
19.566660,2026-09-01T21:13:16.753+01:00,963944,1567010,226,226,True,True,0x02,"NO_IRQ,OK,NO_IRQ,NO_IRQ","NONE,DELTA,NONE,NONE",
19.567376,2026-09-01T21:13:16.764+01:00,964170,1567011,214,214,True,True,0x02,"NO_IRQ,OK,NO_IRQ,NO_IRQ","NONE,DELTA,NONE,NONE",
19.570506,2026-09-01T21:13:16.765+01:00,964384,1567012,226,226,True,True,0x02,"NO_IRQ,OK,NO_IRQ,NO_IRQ","NONE,DELTA,NONE,NONE",
19.575424,2026-09-01T21:13:16.768+01:00,964610,1567013,216,216,True,True,0x02,"NO_IRQ,OK,NO_IRQ,NO_IRQ","NONE,DELTA,NONE,NONE",
19.583678,2026-09-01T21:13:16.773+01:00,964826,1567014,176,176,True,True,0x02,"NO_IRQ,OK,NO_IRQ,NO_IRQ","NONE,DELTA,NONE,NONE",
19.585332,2026-09-01T21:13:16.781+01:00,965002,1567015,218,218,True,True,0x02,"NO_IRQ,OK,NO_IRQ,NO_IRQ","NONE,DELTA,NONE,NONE",
19.590414,2026-09-01T21:13:16.783+01:00,965220,1567016,188,188,True,True,0x02,"NO_IRQ,OK,NO_IRQ,NO_IRQ","NONE,DELTA,NONE,NONE",
19.599879,2026-09-01T21:13:16.788+01:00,965408,1567017,180,180,True,True,0x02,"NO_IRQ,OK,NO_IRQ,NO_IRQ","NONE,DELTA,NONE,NONE",
19.600488,2026-09-01T21:13:16.797+01:00,965588,1567018,198,198,True,True,0x02,"NO_IRQ,OK,NO_IRQ,NO_IRQ","NONE,DELTA,NONE,NONE",
19.605212,2026-09-01T21:13:16.798+01:00,965786,1567019,202,202,True,True,0x02,"NO_IRQ,OK,NO_IRQ,NO_IRQ","NONE,DELTA,NONE,NONE",
19.615529,2026-09-01T21:13:16.803+01:00,965988,1567020,204,204,True,True,0x02,"NO_IRQ,OK,NO_IRQ,NO_IRQ","NONE,DELTA,NONE,NONE",
19.616296,2026-09-01T21:13:16.813+01:00,966192,1567021,172,172,True,True,0x02,"NO_IRQ,OK,NO_IRQ,NO_IRQ","NONE,DELTA,NONE,NONE",
19.620321,2026-09-01T21:13:16.814+01:00,966364,1567022,210,210,True,True,0x02,"NO_IRQ,OK,NO_IRQ,NO_IRQ","NONE,DELTA,NONE,NONE",
19.625119,2026-09-01T21:13:16.818+01:00,966574,1567023,184,184,True,True,0x02,"NO_IRQ,OK,NO_IRQ,NO_IRQ","NONE,DELTA,NONE,NONE",
19.634025,2026-09-01T21:13:16.823+01:00,966758,1567024,170,170,True,True,0x02,"NO_IRQ,OK,NO_IRQ,NO_IRQ","NONE,DELTA,NONE,NONE",
19.635012,2026-09-01T21:13:16.832+01:00,966928,1567025,214,214,True,True,0x02,"NO_IRQ,OK,NO_IRQ,NO_IRQ","NONE,DELTA,NONE,NONE",
19.640284,2026-09-01T21:13:16.833+01:00,967142,1567026,204,204,True,True,0x02,"NO_IRQ,OK,NO_IRQ,NO_IRQ","NONE,DELTA,NONE,NONE",
19.649688,2026-09-01T21:13:16.838+01:00,967346,1567027,222,222,True,True,0x02,"NO_IRQ,OK,NO_IRQ,NO_IRQ","NONE,DELTA,NONE,NONE",
19.650332,2026-09-01T21:13:16.847+01:00,967568,1567028,216,216,True,True,0x02,"NO_IRQ,OK,NO_IRQ,NO_IRQ","NONE,DELTA,NONE,NONE",
19.655171,2026-09-01T21:13:16.848+01:00,967784,1567029,192,192,True,True,0x02,"NO_IRQ,OK,NO_IRQ,NO_IRQ","NONE,DELTA,NONE,NONE",
19.660690,2026-09-01T21:13:16.853+01:00,967976,1567030,178,178,True,True,0x02,"NO_IRQ,OK,NO_IRQ,NO_IRQ","NONE,DELTA,NONE,NONE",
19.665164,2026-09-01T21:13:16.858+01:00,968154,1567031,180,180,True,True,0x02,"NO_IRQ,OK,NO_IRQ,NO_IRQ","NONE,DELTA,NONE,NONE",
19.670204,2026-09-01T21:13:16.863+01:00,968334,1567032,188,188,True,True,0x02,"NO_IRQ,OK,NO_IRQ,NO_IRQ","NONE,DELTA,NONE,NONE",
19.675192,2026-09-01T21:13:16.868+01:00,968522,1567033,182,182,True,True,0x02,"NO_IRQ,OK,NO_IRQ,NO_IRQ","NONE,DELTA,NONE,NONE",
19.686296,2026-09-01T21:13:16.873+01:00,968704,1567034,174,174,True,True,0x02,"NO_IRQ,OK,NO_IRQ,NO_IRQ","NONE,DELTA,NONE,NONE",
19.686661,2026-09-01T21:13:16.884+01:00,968878,1567035,232,232,True,True,0x02,"NO_IRQ,OK,NO_IRQ,NO_IRQ","NONE,DELTA,NONE,NONE",
19.696264,2026-09-01T21:13:16.884+01:00,969110,1567036,204,204,True,True,0x02,"NO_IRQ,OK,NO_IRQ,NO_IRQ","NONE,DELTA,NONE,NONE",
19.699830,2026-09-01T21:13:16.897+01:00,969314,1567037,218,218,True,True,0x02,"NO_IRQ,OK,NO_IRQ,NO_IRQ","NONE,DELTA,NONE,NONE",
19.700600,2026-09-01T21:13:16.897+01:00,969532,1567038,232,232,True,True,0x02,"NO_IRQ,OK,NO_IRQ,NO_IRQ","NONE,DELTA,NONE,NONE",
19.705366,2026-09-01T21:13:16.898+01:00,969764,1567039,214,214,True,True,0x02,"NO_IRQ,OK,NO_IRQ,NO_IRQ","NONE,DELTA,NONE,NONE",
19.709716,2026-09-01T21:13:16.903+01:00,969978,1567040,172,172,True,True,0x02,"NO_IRQ,OK,NO_IRQ,NO_IRQ","NONE,DELTA,NONE,NONE",
19.716160,2026-09-01T21:13:16.907+01:00,970150,1567041,208,208,True,True,0x02,"NO_IRQ,OK,NO_IRQ,NO_IRQ","NONE,DELTA,NONE,NONE",
19.720108,2026-09-01T21:13:16.914+01:00,970358,1567042,176,176,True,True,0x02,"NO_IRQ,OK,NO_IRQ,NO_IRQ","NONE,DELTA,NONE,NONE",
19.724895,2026-09-01T21:13:16.918+01:00,970534,1567043,214,214,True,True,0x02,"NO_IRQ,OK,NO_IRQ,NO_IRQ","NONE,DELTA,NONE,NONE",
19.732137,2026-09-01T21:13:16.922+01:00,970748,1567044,214,214,True,True,0x02,"NO_IRQ,OK,NO_IRQ,NO_IRQ","NONE,DELTA,NONE,NONE",
19.735191,2026-09-01T21:13:16.930+01:00,970962,1567045,218,218,True,True,0x02,"NO_IRQ,OK,NO_IRQ,NO_IRQ","NONE,DELTA,NONE,NONE",
19.739876,2026-09-01T21:13:16.933+01:00,971180,1567046,180,180,True,True,0x02,"NO_IRQ,OK,NO_IRQ,NO_IRQ","NONE,DELTA,NONE,NONE",
19.747456,2026-09-01T21:13:16.937+01:00,971360,1567047,208,208,True,True,0x02,"NO_IRQ,OK,NO_IRQ,NO_IRQ","NONE,DELTA,NONE,NONE",
19.749724,2026-09-01T21:13:16.945+01:00,971568,1567048,198,198,True,True,0x02,"NO_IRQ,OK,NO_IRQ,NO_IRQ","NONE,DELTA,NONE,NONE",
19.755727,2026-09-01T21:13:16.947+01:00,971766,1567049,234,234,True,True,0x02,"NO_IRQ,OK,NO_IRQ,NO_IRQ","NONE,DELTA,NONE,NONE",
19.763413,2026-09-01T21:13:16.953+01:00,972000,1567050,226,226,True,True,0x02,"NO_IRQ,OK,NO_IRQ,NO_IRQ","NONE,DELTA,NONE,NONE",
19.765183,2026-09-01T21:13:16.961+01:00,972226,1567051,206,206,True,True,0x02,"NO_IRQ,OK,NO_IRQ,NO_IRQ","NONE,DELTA,NONE,NONE",
19.769641,2026-09-01T21:13:16.963+01:00,972432,1567052,206,206,True,True,0x02,"NO_IRQ,OK,NO_IRQ,NO_IRQ","NONE,DELTA,NONE,NONE",
19.775790,2026-09-01T21:13:16.967+01:00,972638,1567053,204,204,True,True,0x02,"NO_IRQ,OK,NO_IRQ,NO_IRQ","NONE,DELTA,NONE,NONE",
19.780584,2026-09-01T21:13:16.974+01:00,972842,1567054,210,210,True,True,0x02,"NO_IRQ,OK,NO_IRQ,NO_IRQ","NONE,DELTA,NONE,NONE",
19.784857,2026-09-01T21:13:16.978+01:00,973052,1567055,174,174,True,True,0x02,"NO_IRQ,OK,NO_IRQ,NO_IRQ","NONE,DELTA,NONE,NONE",
19.789872,2026-09-01T21:13:16.983+01:00,973226,1567056,190,190,True,True,0x02,"NO_IRQ,OK,NO_IRQ,NO_IRQ","NONE,DELTA,NONE,NONE",
19.796605,2026-09-01T21:13:16.987+01:00,973416,1567057,188,188,True,True,0x02,"NO_IRQ,OK,NO_IRQ,NO_IRQ","NONE,DELTA,NONE,NONE",
19.799649,2026-09-01T21:13:16.994+01:00,973604,1567058,212,212,True,True,0x02,"NO_IRQ,OK,NO_IRQ,NO_IRQ","NONE,DELTA,NONE,NONE",
19.804794,2026-09-01T21:13:16.997+01:00,973816,1567059,218,218,True,True,0x02,"NO_IRQ,OK,NO_IRQ,NO_IRQ","NONE,DELTA,NONE,NONE",
19.812318,2026-09-01T21:13:17.002+01:00,974034,1567060,196,196,True,True,0x02,"NO_IRQ,OK,NO_IRQ,NO_IRQ","NONE,DELTA,NONE,NONE",
19.815170,2026-09-01T21:13:17.010+01:00,974230,1567061,212,212,True,True,0x02,"NO_IRQ,OK,NO_IRQ,NO_IRQ","NONE,DELTA,NONE,NONE",
19.819735,2026-09-01T21:13:17.013+01:00,974442,1567062,160,160,True,True,0x02,"NO_IRQ,OK,NO_IRQ,NO_IRQ","NONE,DELTA,NONE,NONE",
19.824605,2026-09-01T21:13:17.017+01:00,974602,1567063,202,202,True,True,0x02,"NO_IRQ,OK,NO_IRQ,NO_IRQ","NONE,DELTA,NONE,NONE",
19.830541,2026-09-01T21:13:17.022+01:00,974804,1567064,206,206,True,True,0x02,"NO_IRQ,OK,NO_IRQ,NO_IRQ","NONE,DELTA,NONE,NONE",
19.834626,2026-09-01T21:13:17.028+01:00,975010,1567065,218,218,True,True,0x02,"NO_IRQ,OK,NO_IRQ,NO_IRQ","NONE,DELTA,NONE,NONE",
19.839566,2026-09-01T21:13:17.032+01:00,975228,1567066,212,212,True,True,0x02,"NO_IRQ,OK,NO_IRQ,NO_IRQ","NONE,DELTA,NONE,NONE",
19.853719,2026-09-01T21:13:17.037+01:00,975440,1567067,200,200,True,True,0x02,"NO_IRQ,OK,NO_IRQ,NO_IRQ","NONE,DELTA,NONE,NONE",
19.854443,2026-09-01T21:13:17.051+01:00,975640,1567068,214,214,True,True,0x02,"NO_IRQ,OK,NO_IRQ,NO_IRQ","NONE,DELTA,NONE,NONE",
19.855319,2026-09-01T21:13:17.052+01:00,975854,1567069,222,222,True,True,0x02,"NO_IRQ,OK,NO_IRQ,NO_IRQ","NONE,DELTA,NONE,NONE",
19.860542,2026-09-01T21:13:17.053+01:00,976076,1567070,1084,1084,True,True,0x02,"NO_IRQ,OK,NO_IRQ,NO_IRQ","NONE,DELTA_SYNC,NONE,NONE",
19.870777,2026-09-01T21:13:17.058+01:00,977160,1567071,264,264,True,True,0x02,"NO_IRQ,OK,NO_IRQ,NO_IRQ","NONE,DELTA,NONE,NONE",
19.871701,2026-09-01T21:13:17.068+01:00,977424,1567072,270,270,True,True,0x02,"NO_IRQ,OK,NO_IRQ,NO_IRQ","NONE,DELTA,NONE,NONE",
19.874581,2026-09-01T21:13:17.069+01:00,977694,1567073,212,212,True,True,0x02,"NO_IRQ,OK,NO_IRQ,NO_IRQ","NONE,DELTA,NONE,NONE",
19.879609,2026-09-01T21:13:17.072+01:00,977906,1567074,202,202,True,True,0x02,"NO_IRQ,OK,NO_IRQ,NO_IRQ","NONE,DELTA,NONE,NONE",
19.887333,2026-09-01T21:13:17.077+01:00,978108,1567075,216,216,True,True,0x02,"NO_IRQ,OK,NO_IRQ,NO_IRQ","NONE,DELTA,NONE,NONE",
19.889526,2026-09-01T21:13:17.085+01:00,978324,1567076,224,224,True,True,0x02,"NO_IRQ,OK,NO_IRQ,NO_IRQ","NONE,DELTA,NONE,NONE",
19.894675,2026-09-01T21:13:17.087+01:00,978548,1567077,220,220,True,True,0x02,"NO_IRQ,OK,NO_IRQ,NO_IRQ","NONE,DELTA,NONE,NONE",
19.903317,2026-09-01T21:13:17.092+01:00,978768,1567078,190,190,True,True,0x02,"NO_IRQ,OK,NO_IRQ,NO_IRQ","NONE,DELTA,NONE,NONE",
19.905045,2026-09-01T21:13:17.101+01:00,978958,1567079,198,198,True,True,0x02,"NO_IRQ,OK,NO_IRQ,NO_IRQ","NONE,DELTA,NONE,NONE",
19.909590,2026-09-01T21:13:17.103+01:00,979156,1567080,202,202,True,True,0x02,"NO_IRQ,OK,NO_IRQ,NO_IRQ","NONE,DELTA,NONE,NONE",
19.919515,2026-09-01T21:13:17.107+01:00,979358,1567081,222,222,True,True,0x02,"NO_IRQ,OK,NO_IRQ,NO_IRQ","NONE,DELTA,NONE,NONE",
19.920703,2026-09-01T21:13:17.117+01:00,979580,1567082,168,168,True,True,0x02,"NO_IRQ,OK,NO_IRQ,NO_IRQ","NONE,DELTA,NONE,NONE",
19.924640,2026-09-01T21:13:17.118+01:00,979748,1567083,186,186,True,True,0x02,"NO_IRQ,OK,NO_IRQ,NO_IRQ","NONE,DELTA,NONE,NONE",
19.929327,2026-09-01T21:13:17.122+01:00,979934,1567084,192,192,True,True,0x02,"NO_IRQ,OK,NO_IRQ,NO_IRQ","NONE,DELTA,NONE,NONE",
19.936070,2026-09-01T21:13:17.127+01:00,980126,1567085,178,178,True,True,0x02,"NO_IRQ,OK,NO_IRQ,NO_IRQ","NONE,DELTA,NONE,NONE",
19.939740,2026-09-01T21:13:17.134+01:00,980304,1567086,196,196,True,True,0x02,"NO_IRQ,OK,NO_IRQ,NO_IRQ","NONE,DELTA,NONE,NONE",
19.944526,2026-09-01T21:13:17.137+01:00,980500,1567087,210,210,True,True,0x02,"NO_IRQ,OK,NO_IRQ,NO_IRQ","NONE,DELTA,NONE,NONE",
19.952025,2026-09-01T21:13:17.142+01:00,980710,1567088,212,212,True,True,0x02,"NO_IRQ,OK,NO_IRQ,NO_IRQ","NONE,DELTA,NONE,NONE",
19.954547,2026-09-01T21:13:17.150+01:00,980922,1567089,188,188,True,True,0x02,"NO_IRQ,OK,NO_IRQ,NO_IRQ","NONE,DELTA,NONE,NONE",
19.959448,2026-09-01T21:13:17.152+01:00,981110,1567090,180,180,True,True,0x02,"NO_IRQ,OK,NO_IRQ,NO_IRQ","NONE,DELTA,NONE,NONE",
19.968153,2026-09-01T21:13:17.157+01:00,981290,1567091,144,144,True,True,0x02,"NO_IRQ,OK,NO_IRQ,NO_IRQ","NONE,DELTA,NONE,NONE",
19.969432,2026-09-01T21:13:17.166+01:00,981434,1567092,178,178,True,True,0x02,"NO_IRQ,OK,NO_IRQ,NO_IRQ","NONE,DELTA,NONE,NONE",
19.974592,2026-09-01T21:13:17.167+01:00,981612,1567093,168,168,True,True,0x02,"NO_IRQ,OK,NO_IRQ,NO_IRQ","NONE,DELTA,NONE,NONE",
19.982994,2026-09-01T21:13:17.172+01:00,981780,1567094,168,168,True,True,0x02,"NO_IRQ,OK,NO_IRQ,NO_IRQ","NONE,DELTA,NONE,NONE",
19.984802,2026-09-01T21:13:17.181+01:00,981948,1567095,218,218,True,True,0x02,"NO_IRQ,OK,NO_IRQ,NO_IRQ","NONE,DELTA,NONE,NONE",
19.989260,2026-09-01T21:13:17.182+01:00,982166,1567096,216,216,True,True,0x02,"NO_IRQ,OK,NO_IRQ,NO_IRQ","NONE,DELTA,NONE,NONE",
19.994585,2026-09-01T21:13:17.187+01:00,982382,1567097,218,218,True,True,0x02,"NO_IRQ,OK,NO_IRQ,NO_IRQ","NONE,DELTA,NONE,NONE",
20.006290,2026-09-01T21:13:17.192+01:00,982600,1567098,206,206,True,True,0x02,"NO_IRQ,OK,NO_IRQ,NO_IRQ","NONE,DELTA,NONE,NONE",
20.006735,2026-09-01T21:13:17.204+01:00,982806,1567099,194,194,True,True,0x02,"NO_IRQ,OK,NO_IRQ,NO_IRQ","NONE,DELTA,NONE,NONE",
20.019656,2026-09-01T21:13:17.204+01:00,983000,1567100,168,168,True,True,0x02,"NO_IRQ,OK,NO_IRQ,NO_IRQ","NONE,DELTA,NONE,NONE",
20.020413,2026-09-01T21:13:17.217+01:00,983168,1567101,206,206,True,True,0x02,"NO_IRQ,OK,NO_IRQ,NO_IRQ","NONE,DELTA,NONE,NONE",
20.021252,2026-09-01T21:13:17.218+01:00,983374,1567102,198,198,True,True,0x02,"NO_IRQ,OK,NO_IRQ,NO_IRQ","NONE,DELTA,NONE,NONE",
20.024561,2026-09-01T21:13:17.219+01:00,983572,1567103,188,188,True,True,0x02,"NO_IRQ,OK,NO_IRQ,NO_IRQ","NONE,DELTA,NONE,NONE",
20.029270,2026-09-01T21:13:17.222+01:00,983760,1567104,192,192,True,True,0x02,"NO_IRQ,OK,NO_IRQ,NO_IRQ","NONE,DELTA,NONE,NONE",
20.035793,2026-09-01T21:13:17.227+01:00,983952,1567105,164,164,True,True,0x02,"NO_IRQ,OK,NO_IRQ,NO_IRQ","NONE,DELTA,NONE,NONE",
20.039367,2026-09-01T21:13:17.233+01:00,984116,1567106,180,180,True,True,0x02,"NO_IRQ,OK,NO_IRQ,NO_IRQ","NONE,DELTA,NONE,NONE",
20.044167,2026-09-01T21:13:17.237+01:00,984296,1567107,170,170,True,True,0x02,"NO_IRQ,OK,NO_IRQ,NO_IRQ","NONE,DELTA,NONE,NONE",
20.051545,2026-09-01T21:13:17.242+01:00,984466,1567108,194,194,True,True,0x02,"NO_IRQ,OK,NO_IRQ,NO_IRQ","NONE,DELTA,NONE,NONE",
20.054067,2026-09-01T21:13:17.249+01:00,984660,1567109,154,154,True,True,0x02,"NO_IRQ,OK,NO_IRQ,NO_IRQ","NONE,DELTA,NONE,NONE",
20.059642,2026-09-01T21:13:17.252+01:00,984814,1567110,184,184,True,True,0x02,"NO_IRQ,OK,NO_IRQ,NO_IRQ","NONE,DELTA,NONE,NONE",
20.068283,2026-09-01T21:13:17.257+01:00,984998,1567111,192,192,True,True,0x02,"NO_IRQ,OK,NO_IRQ,NO_IRQ","NONE,DELTA,NONE,NONE",
20.069337,2026-09-01T21:13:17.266+01:00,985190,1567112,156,156,True,True,0x02,"NO_IRQ,OK,NO_IRQ,NO_IRQ","NONE,DELTA,NONE,NONE",
20.074340,2026-09-01T21:13:17.267+01:00,985346,1567113,188,188,True,True,0x02,"NO_IRQ,OK,NO_IRQ,NO_IRQ","NONE,DELTA,NONE,NONE",
20.083925,2026-09-01T21:13:17.272+01:00,985534,1567114,198,198,True,True,0x02,"NO_IRQ,OK,NO_IRQ,NO_IRQ","NONE,DELTA,NONE,NONE",
20.084791,2026-09-01T21:13:17.281+01:00,985732,1567115,174,174,True,True,0x02,"NO_IRQ,OK,NO_IRQ,NO_IRQ","NONE,DELTA,NONE,NONE",
20.089589,2026-09-01T21:13:17.282+01:00,985906,1567116,206,206,True,True,0x02,"NO_IRQ,OK,NO_IRQ,NO_IRQ","NONE,DELTA,NONE,NONE",
20.100005,2026-09-01T21:13:17.287+01:00,986112,1567117,176,176,True,True,0x02,"NO_IRQ,OK,NO_IRQ,NO_IRQ","NONE,DELTA,NONE,NONE",
20.100837,2026-09-01T21:13:17.298+01:00,986288,1567118,212,212,True,True,0x02,"NO_IRQ,OK,NO_IRQ,NO_IRQ","NONE,DELTA,NONE,NONE",
20.104337,2026-09-01T21:13:17.298+01:00,986500,1567119,204,204,True,True,0x02,"NO_IRQ,OK,NO_IRQ,NO_IRQ","NONE,DELTA,NONE,NONE",
20.109457,2026-09-01T21:13:17.302+01:00,986704,1567120,190,190,True,True,0x02,"NO_IRQ,OK,NO_IRQ,NO_IRQ","NONE,DELTA,NONE,NONE",
20.116330,2026-09-01T21:13:17.307+01:00,986894,1567121,192,192,True,True,0x02,"NO_IRQ,OK,NO_IRQ,NO_IRQ","NONE,DELTA,NONE,NONE",
20.119350,2026-09-01T21:13:17.314+01:00,987086,1567122,200,200,True,True,0x02,"NO_IRQ,OK,NO_IRQ,NO_IRQ","NONE,DELTA,NONE,NONE",
20.124170,2026-09-01T21:13:17.317+01:00,987286,1567123,190,190,True,True,0x02,"NO_IRQ,OK,NO_IRQ,NO_IRQ","NONE,DELTA,NONE,NONE",
20.132275,2026-09-01T21:13:17.322+01:00,987476,1567124,204,204,True,True,0x02,"NO_IRQ,OK,NO_IRQ,NO_IRQ","NONE,DELTA,NONE,NONE",
20.134127,2026-09-01T21:13:17.330+01:00,987680,1567125,214,214,True,True,0x02,"NO_IRQ,OK,NO_IRQ,NO_IRQ","NONE,DELTA,NONE,NONE",
20.139277,2026-09-01T21:13:17.332+01:00,987894,1567126,228,228,True,True,0x02,"NO_IRQ,OK,NO_IRQ,NO_IRQ","NONE,DELTA,NONE,NONE",
20.144362,2026-09-01T21:13:17.337+01:00,988122,1567127,208,208,True,True,0x02,"NO_IRQ,OK,NO_IRQ,NO_IRQ","NONE,DELTA,NONE,NONE",
20.150598,2026-09-01T21:13:17.342+01:00,988330,1567128,196,196,True,True,0x02,"NO_IRQ,OK,NO_IRQ,NO_IRQ","NONE,DELTA,NONE,NONE",
20.153912,2026-09-01T21:13:17.348+01:00,988526,1567129,182,182,True,True,0x02,"NO_IRQ,OK,NO_IRQ,NO_IRQ","NONE,DELTA,NONE,NONE",
20.158885,2026-09-01T21:13:17.351+01:00,988708,1567130,210,210,True,True,0x02,"NO_IRQ,OK,NO_IRQ,NO_IRQ","NONE,DELTA,NONE,NONE",
20.173403,2026-09-01T21:13:17.356+01:00,988918,1567131,218,218,True,True,0x02,"NO_IRQ,OK,NO_IRQ,NO_IRQ","NONE,DELTA,NONE,NONE",
20.173760,2026-09-01T21:13:17.371+01:00,989136,1567132,178,178,True,True,0x02,"NO_IRQ,OK,NO_IRQ,NO_IRQ","NONE,DELTA,NONE,NONE",
20.174319,2026-09-01T21:13:17.371+01:00,989314,1567133,180,180,True,True,0x02,"NO_IRQ,OK,NO_IRQ,NO_IRQ","NONE,DELTA,NONE,NONE",
20.179106,2026-09-01T21:13:17.372+01:00,989494,1567134,176,176,True,True,0x02,"NO_IRQ,OK,NO_IRQ,NO_IRQ","NONE,DELTA,NONE,NONE",
20.184405,2026-09-01T21:13:17.377+01:00,989670,1567135,206,206,True,True,0x02,"NO_IRQ,OK,NO_IRQ,NO_IRQ","NONE,DELTA,NONE,NONE",
20.192059,2026-09-01T21:13:17.382+01:00,989876,1567136,184,184,True,True,0x02,"NO_IRQ,OK,NO_IRQ,NO_IRQ","NONE,DELTA,NONE,NONE",
20.194325,2026-09-01T21:13:17.390+01:00,990060,1567137,186,186,True,True,0x02,"NO_IRQ,OK,NO_IRQ,NO_IRQ","NONE,DELTA,NONE,NONE",
20.199036,2026-09-01T21:13:17.392+01:00,990246,1567138,168,168,True,True,0x02,"NO_IRQ,OK,NO_IRQ,NO_IRQ","NONE,DELTA,NONE,NONE",
20.208131,2026-09-01T21:13:17.397+01:00,990414,1567139,166,166,True,True,0x02,"NO_IRQ,OK,NO_IRQ,NO_IRQ","NONE,DELTA,NONE,NONE",
20.209049,2026-09-01T21:13:17.406+01:00,990580,1567140,194,194,True,True,0x02,"NO_IRQ,OK,NO_IRQ,NO_IRQ","NONE,DELTA,NONE,NONE",
20.215477,2026-09-01T21:13:17.407+01:00,990774,1567141,188,188,True,True,0x02,"NO_IRQ,OK,NO_IRQ,NO_IRQ","NONE,DELTA,NONE,NONE",
20.224522,2026-09-01T21:13:17.413+01:00,990962,1567142,184,184,True,True,0x02,"NO_IRQ,OK,NO_IRQ,NO_IRQ","NONE,DELTA,NONE,NONE",
20.225081,2026-09-01T21:13:17.422+01:00,991146,1567143,186,186,True,True,0x02,"NO_IRQ,OK,NO_IRQ,NO_IRQ","NONE,DELTA,NONE,NONE",
20.229492,2026-09-01T21:13:17.423+01:00,991332,1567144,208,208,True,True,0x02,"NO_IRQ,OK,NO_IRQ,NO_IRQ","NONE,DELTA,NONE,NONE",
20.233826,2026-09-01T21:13:17.427+01:00,991540,1567145,228,228,True,True,0x02,"NO_IRQ,OK,NO_IRQ,NO_IRQ","NONE,DELTA,NONE,NONE",
20.242145,2026-09-01T21:13:17.431+01:00,991768,1567146,186,186,True,True,0x02,"NO_IRQ,OK,NO_IRQ,NO_IRQ","NONE,DELTA,NONE,NONE",
20.244220,2026-09-01T21:13:17.440+01:00,991954,1567147,170,170,True,True,0x02,"NO_IRQ,OK,NO_IRQ,NO_IRQ","NONE,DELTA,NONE,NONE",
20.249078,2026-09-01T21:13:17.442+01:00,992124,1567148,198,198,True,True,0x02,"NO_IRQ,OK,NO_IRQ,NO_IRQ","NONE,DELTA,NONE,NONE",
20.259066,2026-09-01T21:13:17.447+01:00,992322,1567149,204,204,True,True,0x02,"NO_IRQ,OK,NO_IRQ,NO_IRQ","NONE,DELTA,NONE,NONE",
20.259636,2026-09-01T21:13:17.457+01:00,992526,1567150,210,210,True,True,0x02,"NO_IRQ,OK,NO_IRQ,NO_IRQ","NONE,DELTA,NONE,NONE",
20.264301,2026-09-01T21:13:17.457+01:00,992736,1567151,192,192,True,True,0x02,"NO_IRQ,OK,NO_IRQ,NO_IRQ","NONE,DELTA,NONE,NONE",
20.268658,2026-09-01T21:13:17.462+01:00,992928,1567152,148,148,True,True,0x02,"NO_IRQ,OK,NO_IRQ,NO_IRQ","NONE,DELTA,NONE,NONE",
20.275120,2026-09-01T21:13:17.466+01:00,993076,1567153,202,202,True,True,0x02,"NO_IRQ,OK,NO_IRQ,NO_IRQ","NONE,DELTA,NONE,NONE",
20.278893,2026-09-01T21:13:17.473+01:00,993278,1567154,156,156,True,True,0x02,"NO_IRQ,OK,NO_IRQ,NO_IRQ","NONE,DELTA,NONE,NONE",
20.283903,2026-09-01T21:13:17.476+01:00,993434,1567155,194,194,True,True,0x02,"NO_IRQ,OK,NO_IRQ,NO_IRQ","NONE,DELTA,NONE,NONE",
20.290212,2026-09-01T21:13:17.481+01:00,993628,1567156,184,184,True,True,0x02,"NO_IRQ,OK,NO_IRQ,NO_IRQ","NONE,DELTA,NONE,NONE",
20.294436,2026-09-01T21:13:17.488+01:00,993812,1567157,198,198,True,True,0x02,"NO_IRQ,OK,NO_IRQ,NO_IRQ","NONE,DELTA,NONE,NONE",
20.299002,2026-09-01T21:13:17.492+01:00,994010,1567158,190,190,True,True,0x02,"NO_IRQ,OK,NO_IRQ,NO_IRQ","NONE,DELTA,NONE,NONE",
20.304083,2026-09-01T21:13:17.497+01:00,994200,1567159,200,200,True,True,0x02,"NO_IRQ,OK,NO_IRQ,NO_IRQ","NONE,DELTA,NONE,NONE",
20.308676,2026-09-01T21:13:17.502+01:00,994400,1567160,198,198,True,True,0x02,"NO_IRQ,OK,NO_IRQ,NO_IRQ","NONE,DELTA,NONE,NONE",
20.314288,2026-09-01T21:13:17.506+01:00,994598,1567161,172,172,True,True,0x02,"NO_IRQ,OK,NO_IRQ,NO_IRQ","NONE,DELTA,NONE,NONE",
20.318634,2026-09-01T21:13:17.512+01:00,994770,1567162,180,180,True,True,0x02,"NO_IRQ,OK,NO_IRQ,NO_IRQ","NONE,DELTA,NONE,NONE",
20.327111,2026-09-01T21:13:17.517+01:00,994950,1567163,190,190,True,True,0x02,"NO_IRQ,OK,NO_IRQ,NO_IRQ","NONE,DELTA,NONE,NONE",
20.328513,2026-09-01T21:13:17.525+01:00,995140,1567164,166,166,True,True,0x02,"NO_IRQ,OK,NO_IRQ,NO_IRQ","NONE,DELTA,NONE,NONE",
20.340613,2026-09-01T21:13:17.526+01:00,995306,1567165,200,200,True,True,0x02,"NO_IRQ,OK,NO_IRQ,NO_IRQ","NONE,DELTA,NONE,NONE",
20.341588,2026-09-01T21:13:17.538+01:00,995506,1567166,178,178,True,True,0x02,"NO_IRQ,OK,NO_IRQ,NO_IRQ","NONE,DELTA,NONE,NONE",
20.343916,2026-09-01T21:13:17.539+01:00,995684,1567167,206,206,True,True,0x02,"NO_IRQ,OK,NO_IRQ,NO_IRQ","NONE,DELTA,NONE,NONE",
20.348899,2026-09-01T21:13:17.541+01:00,995890,1567168,182,182,True,True,0x02,"NO_IRQ,OK,NO_IRQ,NO_IRQ","NONE,DELTA,NONE,NONE",
20.357958,2026-09-01T21:13:17.546+01:00,996072,1567169,170,170,True,True,0x02,"NO_IRQ,OK,NO_IRQ,NO_IRQ","NONE,DELTA,NONE,NONE",
20.359231,2026-09-01T21:13:17.556+01:00,996242,1567170,172,172,True,True,0x02,"NO_IRQ,OK,NO_IRQ,NO_IRQ","NONE,DELTA,NONE,NONE",
20.364275,2026-09-01T21:13:17.557+01:00,996414,1567171,184,184,True,True,0x02,"NO_IRQ,OK,NO_IRQ,NO_IRQ","NONE,DELTA,NONE,NONE",
20.373680,2026-09-01T21:13:17.562+01:00,996598,1567172,192,192,True,True,0x02,"NO_IRQ,OK,NO_IRQ,NO_IRQ","NONE,DELTA,NONE,NONE",
20.374284,2026-09-01T21:13:17.571+01:00,996790,1567173,170,170,True,True,0x02,"NO_IRQ,OK,NO_IRQ,NO_IRQ","NONE,DELTA,NONE,NONE",
20.378848,2026-09-01T21:13:17.572+01:00,996960,1567174,208,208,True,True,0x02,"NO_IRQ,OK,NO_IRQ,NO_IRQ","NONE,DELTA,NONE,NONE",
20.389120,2026-09-01T21:13:17.576+01:00,997168,1567175,192,192,True,True,0x02,"NO_IRQ,OK,NO_IRQ,NO_IRQ","NONE,DELTA,NONE,NONE",
20.389963,2026-09-01T21:13:17.587+01:00,997360,1567176,220,220,True,True,0x02,"NO_IRQ,OK,NO_IRQ,NO_IRQ","NONE,DELTA,NONE,NONE",
20.393501,2026-09-01T21:13:17.587+01:00,997580,1567177,190,190,True,True,0x02,"NO_IRQ,OK,NO_IRQ,NO_IRQ","NONE,DELTA,NONE,NONE",
20.398560,2026-09-01T21:13:17.591+01:00,997770,1567178,194,194,True,True,0x02,"NO_IRQ,OK,NO_IRQ,NO_IRQ","NONE,DELTA,NONE,NONE",
20.405090,2026-09-01T21:13:17.596+01:00,997964,1567179,194,194,True,True,0x02,"NO_IRQ,OK,NO_IRQ,NO_IRQ","NONE,DELTA,NONE,NONE",
20.409474,2026-09-01T21:13:17.603+01:00,998158,1567180,196,196,True,True,0x02,"NO_IRQ,OK,NO_IRQ,NO_IRQ","NONE,DELTA,NONE,NONE",
20.413706,2026-09-01T21:13:17.607+01:00,998354,1567181,194,194,True,True,0x02,"NO_IRQ,OK,NO_IRQ,NO_IRQ","NONE,DELTA,NONE,NONE",
20.421365,2026-09-01T21:13:17.611+01:00,998548,1567182,190,190,True,True,0x02,"NO_IRQ,OK,NO_IRQ,NO_IRQ","NONE,DELTA,NONE,NONE",
20.423839,2026-09-01T21:13:17.619+01:00,998738,1567183,182,182,True,True,0x02,"NO_IRQ,OK,NO_IRQ,NO_IRQ","NONE,DELTA,NONE,NONE",
20.428445,2026-09-01T21:13:17.621+01:00,998920,1567184,206,206,True,True,0x02,"NO_IRQ,OK,NO_IRQ,NO_IRQ","NONE,DELTA,NONE,NONE",
20.437065,2026-09-01T21:13:17.626+01:00,999126,1567185,182,182,True,True,0x02,"NO_IRQ,OK,NO_IRQ,NO_IRQ","NONE,DELTA,NONE,NONE",
20.438533,2026-09-01T21:13:17.635+01:00,999308,1567186,182,182,True,True,0x02,"NO_IRQ,OK,NO_IRQ,NO_IRQ","NONE,DELTA,NONE,NONE",
20.443737,2026-09-01T21:13:17.636+01:00,999490,1567187,194,194,True,True,0x02,"NO_IRQ,OK,NO_IRQ,NO_IRQ","NONE,DELTA,NONE,NONE",
20.453107,2026-09-01T21:13:17.641+01:00,999684,1567188,196,196,True,True,0x02,"NO_IRQ,OK,NO_IRQ,NO_IRQ","NONE,DELTA,NONE,NONE",
20.453829,2026-09-01T21:13:17.651+01:00,999880,1567189,178,178,True,True,0x02,"NO_IRQ,OK,NO_IRQ,NO_IRQ","NONE,DELTA,NONE,NONE",
20.458641,2026-09-01T21:13:17.651+01:00,1000058,1567190,202,202,True,True,0x02,"NO_IRQ,OK,NO_IRQ,NO_IRQ","NONE,DELTA,NONE,NONE",
20.465821,2026-09-01T21:13:17.656+01:00,1000260,1567191,170,170,True,True,0x02,"NO_IRQ,OK,NO_IRQ,NO_IRQ","NONE,DELTA,NONE,NONE",
20.469112,2026-09-01T21:13:17.663+01:00,1000430,1567192,202,202,True,True,0x02,"NO_IRQ,OK,NO_IRQ,NO_IRQ","NONE,DELTA,NONE,NONE",
20.473322,2026-09-01T21:13:17.667+01:00,1000632,1567193,174,174,True,True,0x02,"NO_IRQ,OK,NO_IRQ,NO_IRQ","NONE,DELTA,NONE,NONE",
20.478354,2026-09-01T21:13:17.671+01:00,1000806,1567194,208,208,True,True,0x02,"NO_IRQ,OK,NO_IRQ,NO_IRQ","NONE,DELTA,NONE,NONE",
20.494661,2026-09-01T21:13:17.676+01:00,1001014,1567195,184,184,True,True,0x02,"NO_IRQ,OK,NO_IRQ,NO_IRQ","NONE,DELTA,NONE,NONE",
20.495286,2026-09-01T21:13:17.692+01:00,1001198,1567196,194,194,True,True,0x02,"NO_IRQ,OK,NO_IRQ,NO_IRQ","NONE,DELTA,NONE,NONE",
20.495733,2026-09-01T21:13:17.693+01:00,1001392,1567197,174,174,True,True,0x02,"NO_IRQ,OK,NO_IRQ,NO_IRQ","NONE,DELTA,NONE,NONE",
20.498838,2026-09-01T21:13:17.693+01:00,1001566,1567198,188,188,True,True,0x02,"NO_IRQ,OK,NO_IRQ,NO_IRQ","NONE,DELTA,NONE,NONE",
20.503829,2026-09-01T21:13:17.697+01:00,1001754,1567199,196,196,True,True,0x02,"NO_IRQ,OK,NO_IRQ,NO_IRQ","NONE,DELTA,NONE,NONE",
20.512079,2026-09-01T21:13:17.701+01:00,1001950,1567200,166,166,True,True,0x02,"NO_IRQ,OK,NO_IRQ,NO_IRQ","NONE,DELTA,NONE,NONE",
20.514311,2026-09-01T21:13:17.710+01:00,1002116,1567201,196,196,True,True,0x02,"NO_IRQ,OK,NO_IRQ,NO_IRQ","NONE,DELTA,NONE,NONE",
20.518577,2026-09-01T21:13:17.712+01:00,1002312,1567202,190,190,True,True,0x02,"NO_IRQ,OK,NO_IRQ,NO_IRQ","NONE,DELTA,NONE,NONE",
20.527267,2026-09-01T21:13:17.716+01:00,1002502,1567203,194,194,True,True,0x02,"NO_IRQ,OK,NO_IRQ,NO_IRQ","NONE,DELTA,NONE,NONE",
20.528436,2026-09-01T21:13:17.725+01:00,1002696,1567204,190,190,True,True,0x02,"NO_IRQ,OK,NO_IRQ,NO_IRQ","NONE,DELTA,NONE,NONE",
20.534814,2026-09-01T21:13:17.726+01:00,1002886,1567205,204,204,True,True,0x02,"NO_IRQ,OK,NO_IRQ,NO_IRQ","NONE,DELTA,NONE,NONE",
20.544629,2026-09-01T21:13:17.733+01:00,1003090,1567206,186,186,True,True,0x02,"NO_IRQ,OK,NO_IRQ,NO_IRQ","NONE,DELTA,NONE,NONE",
20.545578,2026-09-01T21:13:17.742+01:00,1003276,1567207,182,182,True,True,0x02,"NO_IRQ,OK,NO_IRQ,NO_IRQ","NONE,DELTA,NONE,NONE",
20.548565,2026-09-01T21:13:17.743+01:00,1003458,1567208,186,186,True,True,0x02,"NO_IRQ,OK,NO_IRQ,NO_IRQ","NONE,DELTA,NONE,NONE",
20.553410,2026-09-01T21:13:17.746+01:00,1003644,1567209,186,186,True,True,0x02,"NO_IRQ,OK,NO_IRQ,NO_IRQ","NONE,DELTA,NONE,NONE",
20.560635,2026-09-01T21:13:17.751+01:00,1003830,1567210,192,192,True,True,0x02,"NO_IRQ,OK,NO_IRQ,NO_IRQ","NONE,DELTA,NONE,NONE",
20.564147,2026-09-01T21:13:17.758+01:00,1004022,1567211,200,200,True,True,0x02,"NO_IRQ,OK,NO_IRQ,NO_IRQ","NONE,DELTA,NONE,NONE",
20.568316,2026-09-01T21:13:17.762+01:00,1004222,1567212,182,182,True,True,0x02,"NO_IRQ,OK,NO_IRQ,NO_IRQ","NONE,DELTA,NONE,NONE",
20.576734,2026-09-01T21:13:17.766+01:00,1004404,1567213,192,192,True,True,0x02,"NO_IRQ,OK,NO_IRQ,NO_IRQ","NONE,DELTA,NONE,NONE",
20.578346,2026-09-01T21:13:17.774+01:00,1004596,1567214,192,192,True,True,0x02,"NO_IRQ,OK,NO_IRQ,NO_IRQ","NONE,DELTA,NONE,NONE",
20.583481,2026-09-01T21:13:17.776+01:00,1004788,1567215,170,170,True,True,0x02,"NO_IRQ,OK,NO_IRQ,NO_IRQ","NONE,DELTA,NONE,NONE",
20.592803,2026-09-01T21:13:17.781+01:00,1004958,1567216,174,174,True,True,0x02,"NO_IRQ,OK,NO_IRQ,NO_IRQ","NONE,DELTA,NONE,NONE",
20.593452,2026-09-01T21:13:17.790+01:00,1005132,1567217,166,166,True,True,0x02,"NO_IRQ,OK,NO_IRQ,NO_IRQ","NONE,DELTA,NONE,NONE",
20.598439,2026-09-01T21:13:17.791+01:00,1005298,1567218,186,186,True,True,0x02,"NO_IRQ,OK,NO_IRQ,NO_IRQ","NONE,DELTA,NONE,NONE",
20.609061,2026-09-01T21:13:17.796+01:00,1005484,1567219,236,236,True,True,0x02,"NO_IRQ,OK,NO_IRQ,NO_IRQ","NONE,DELTA,NONE,NONE",
20.609769,2026-09-01T21:13:17.807+01:00,1005720,1567220,344,344,True,True,0x02,"NO_IRQ,OK,NO_IRQ,NO_IRQ","NONE,DELTA,NONE,NONE",
20.613610,2026-09-01T21:13:17.807+01:00,1006064,1567221,410,410,True,True,0x02,"NO_IRQ,OK,NO_IRQ,NO_IRQ","NONE,DELTA,NONE,NONE",
20.618887,2026-09-01T21:13:17.811+01:00,1006474,1567222,490,490,True,True,0x02,"NO_IRQ,OK,NO_IRQ,NO_IRQ","NONE,DELTA,NONE,NONE",
20.624953,2026-09-01T21:13:17.816+01:00,1006964,1567223,544,544,True,True,0x02,"NO_IRQ,OK,NO_IRQ,NO_IRQ","NONE,DELTA,NONE,NONE",
20.629404,2026-09-01T21:13:17.823+01:00,1007508,1567224,496,496,True,True,0x02,"NO_IRQ,OK,NO_IRQ,NO_IRQ","NONE,DELTA,NONE,NONE",
20.633569,2026-09-01T21:13:17.827+01:00,1008004,1567225,498,498,True,True,0x02,"NO_IRQ,OK,NO_IRQ,NO_IRQ","NONE,DELTA,NONE,NONE",
20.638599,2026-09-01T21:13:17.831+01:00,1008502,1567226,512,512,True,True,0x02,"NO_IRQ,OK,NO_IRQ,NO_IRQ","NONE,DELTA,NONE,NONE",
20.648539,2026-09-01T21:13:17.836+01:00,1009014,1567227,526,526,True,True,0x02,"NO_IRQ,OK,NO_IRQ,NO_IRQ","NONE,DELTA,NONE,NONE",
20.649044,2026-09-01T21:13:17.846+01:00,1009540,1567228,510,510,True,True,0x02,"NO_IRQ,OK,NO_IRQ,NO_IRQ","NONE,DELTA,NONE,NONE",
20.661512,2026-09-01T21:13:17.847+01:00,1010050,1567229,530,530,True,True,0x02,"NO_IRQ,OK,NO_IRQ,NO_IRQ","NONE,DELTA,NONE,NONE",
20.662232,2026-09-01T21:13:17.859+01:00,1010580,1567230,546,546,True,True,0x02,"NO_IRQ,OK,NO_IRQ,NO_IRQ","NONE,DELTA,NONE,NONE",
20.664061,2026-09-01T21:13:17.860+01:00,1011126,1567231,512,512,True,True,0x02,"NO_IRQ,OK,NO_IRQ,NO_IRQ","NONE,DELTA,NONE,NONE",
20.669788,2026-09-01T21:13:17.862+01:00,1011638,1567232,516,516,True,True,0x02,"NO_IRQ,OK,NO_IRQ,NO_IRQ","NONE,DELTA,NONE,NONE",
20.678721,2026-09-01T21:13:17.867+01:00,1012154,1567233,444,444,True,True,0x02,"NO_IRQ,OK,NO_IRQ,NO_IRQ","NONE,DELTA,NONE,NONE",
20.679990,2026-09-01T21:13:17.877+01:00,1012598,1567234,516,516,True,True,0x02,"NO_IRQ,OK,NO_IRQ,NO_IRQ","NONE,DELTA,NONE,NONE",
20.684318,2026-09-01T21:13:17.878+01:00,1013114,1567235,476,476,True,True,0x02,"NO_IRQ,OK,NO_IRQ,NO_IRQ","NONE,DELTA,NONE,NONE",
20.688541,2026-09-01T21:13:17.882+01:00,1013590,1567236,498,498,True,True,0x02,"NO_IRQ,OK,NO_IRQ,NO_IRQ","NONE,DELTA,NONE,NONE",
20.696081,2026-09-01T21:13:17.886+01:00,1014088,1567237,488,488,True,True,0x02,"NO_IRQ,OK,NO_IRQ,NO_IRQ","NONE,DELTA,NONE,NONE",
20.698694,2026-09-01T21:13:17.894+01:00,1014576,1567238,516,516,True,True,0x02,"NO_IRQ,OK,NO_IRQ,NO_IRQ","NONE,DELTA,NONE,NONE",
20.703747,2026-09-01T21:13:17.896+01:00,1015092,1567239,492,492,True,True,0x02,"NO_IRQ,OK,NO_IRQ,NO_IRQ","NONE,DELTA,NONE,NONE",
20.712176,2026-09-01T21:13:17.901+01:00,1015584,1567240,506,506,True,True,0x02,"NO_IRQ,OK,NO_IRQ,NO_IRQ","NONE,DELTA,NONE,NONE",
20.713608,2026-09-01T21:13:17.910+01:00,1016090,1567241,546,546,True,True,0x02,"NO_IRQ,OK,NO_IRQ,NO_IRQ","NONE,DELTA,NONE,NONE",
20.718467,2026-09-01T21:13:17.911+01:00,1016636,1567242,520,520,True,True,0x02,"NO_IRQ,OK,NO_IRQ,NO_IRQ","NONE,DELTA,NONE,NONE",
20.728658,2026-09-01T21:13:17.916+01:00,1017156,1567243,496,496,True,True,0x02,"NO_IRQ,OK,NO_IRQ,NO_IRQ","NONE,DELTA,NONE,NONE",
20.729497,2026-09-01T21:13:17.926+01:00,1017652,1567244,512,512,True,True,0x02,"NO_IRQ,OK,NO_IRQ,NO_IRQ","NONE,DELTA,NONE,NONE",
20.733734,2026-09-01T21:13:17.927+01:00,1018164,1567245,498,498,True,True,0x02,"NO_IRQ,OK,NO_IRQ,NO_IRQ","NONE,DELTA,NONE,NONE",
20.738383,2026-09-01T21:13:17.931+01:00,1018662,1567246,560,560,True,True,0x02,"NO_IRQ,OK,NO_IRQ,NO_IRQ","NONE,DELTA,NONE,NONE",
20.745096,2026-09-01T21:13:17.936+01:00,1019222,1567247,566,566,True,True,0x02,"NO_IRQ,OK,NO_IRQ,NO_IRQ","NONE,DELTA,NONE,NONE",
20.748918,2026-09-01T21:13:17.943+01:00,1019788,1567248,582,582,True,True,0x02,"NO_IRQ,OK,NO_IRQ,NO_IRQ","NONE,DELTA,NONE,NONE",
20.753433,2026-09-01T21:13:17.946+01:00,1020370,1567249,542,542,True,True,0x02,"NO_IRQ,OK,NO_IRQ,NO_IRQ","NONE,DELTA,NONE,NONE",
20.761861,2026-09-01T21:13:17.951+01:00,1020912,1567250,528,528,True,True,0x02,"NO_IRQ,OK,NO_IRQ,NO_IRQ","NONE,DELTA,NONE,NONE",
20.763590,2026-09-01T21:13:17.959+01:00,1021440,1567251,560,560,True,True,0x02,"NO_IRQ,OK,NO_IRQ,NO_IRQ","NONE,DELTA,NONE,NONE",
20.768653,2026-09-01T21:13:17.961+01:00,1022000,1567252,536,536,True,True,0x02,"NO_IRQ,OK,NO_IRQ,NO_IRQ","NONE,DELTA,NONE,NONE",
20.778102,2026-09-01T21:13:17.966+01:00,1022536,1567253,544,544,True,True,0x02,"NO_IRQ,OK,NO_IRQ,NO_IRQ","NONE,DELTA,NONE,NONE",
20.778771,2026-09-01T21:13:17.976+01:00,1023080,1567254,498,498,True,True,0x02,"NO_IRQ,OK,NO_IRQ,NO_IRQ","NONE,DELTA,NONE,NONE",
20.783522,2026-09-01T21:13:17.976+01:00,1023578,1567255,462,462,True,True,0x02,"NO_IRQ,OK,NO_IRQ,NO_IRQ","NONE,DELTA,NONE,NONE",
20.788137,2026-09-01T21:13:17.981+01:00,1024040,1567256,424,424,True,True,0x02,"NO_IRQ,OK,NO_IRQ,NO_IRQ","NONE,DELTA,NONE,NONE",
20.794048,2026-09-01T21:13:17.986+01:00,1024464,1567257,414,414,True,True,0x02,"NO_IRQ,OK,NO_IRQ,NO_IRQ","NONE,DELTA,NONE,NONE",
20.798470,2026-09-01T21:13:17.992+01:00,1024878,1567258,386,386,True,True,0x02,"NO_IRQ,OK,NO_IRQ,NO_IRQ","NONE,DELTA,NONE,NONE",
20.803345,2026-09-01T21:13:17.996+01:00,1025264,1567259,314,314,True,True,0x02,"NO_IRQ,OK,NO_IRQ,NO_IRQ","NONE,DELTA,NONE,NONE",
20.819889,2026-09-01T21:13:18.001+01:00,1025578,1567260,406,406,True,True,0x02,"NO_IRQ,OK,NO_IRQ,NO_IRQ","NONE,DELTA,NONE,NONE",
20.820681,2026-09-01T21:13:18.017+01:00,1025984,1567261,346,346,True,True,0x02,"NO_IRQ,OK,NO_IRQ,NO_IRQ","NONE,DELTA,NONE,NONE",
20.821342,2026-09-01T21:13:18.018+01:00,1026330,1567262,352,352,True,True,0x02,"NO_IRQ,OK,NO_IRQ,NO_IRQ","NONE,DELTA,NONE,NONE",
20.823447,2026-09-01T21:13:18.019+01:00,1026682,1567263,376,376,True,True,0x02,"NO_IRQ,OK,NO_IRQ,NO_IRQ","NONE,DELTA,NONE,NONE",
20.828124,2026-09-01T21:13:18.021+01:00,1027058,1567264,390,390,True,True,0x02,"NO_IRQ,OK,NO_IRQ,NO_IRQ","NONE,DELTA,NONE,NONE",
20.836917,2026-09-01T21:13:18.026+01:00,1027448,1567265,324,324,True,True,0x02,"NO_IRQ,OK,NO_IRQ,NO_IRQ","NONE,DELTA,NONE,NONE",
20.838212,2026-09-01T21:13:18.034+01:00,1027772,1567266,404,404,True,True,0x02,"NO_IRQ,OK,NO_IRQ,NO_IRQ","NONE,DELTA,NONE,NONE",
20.843390,2026-09-01T21:13:18.036+01:00,1028176,1567267,452,452,True,True,0x02,"NO_IRQ,OK,NO_IRQ,NO_IRQ","NONE,DELTA,NONE,NONE",
20.853786,2026-09-01T21:13:18.041+01:00,1028628,1567268,380,380,True,True,0x02,"NO_IRQ,OK,NO_IRQ,NO_IRQ","NONE,DELTA,NONE,NONE",
20.854655,2026-09-01T21:13:18.051+01:00,1029008,1567269,436,436,True,True,0x02,"NO_IRQ,OK,NO_IRQ,NO_IRQ","NONE,DELTA,NONE,NONE",
20.858367,2026-09-01T21:13:18.052+01:00,1029444,1567270,1084,1084,True,True,0x02,"NO_IRQ,OK,NO_IRQ,NO_IRQ","NONE,DELTA_SYNC,NONE,NONE",
20.863232,2026-09-01T21:13:18.056+01:00,1030528,1567271,434,434,True,True,0x02,"NO_IRQ,OK,NO_IRQ,NO_IRQ","NONE,DELTA,NONE,NONE",
20.871676,2026-09-01T21:13:18.061+01:00,1030962,1567272,386,386,True,True,0x02,"NO_IRQ,OK,NO_IRQ,NO_IRQ","NONE,DELTA,NONE,NONE",
20.873021,2026-09-01T21:13:18.069+01:00,1031348,1567273,374,374,True,True,0x02,"NO_IRQ,OK,NO_IRQ,NO_IRQ","NONE,DELTA,NONE,NONE",
20.877972,2026-09-01T21:13:18.071+01:00,1031722,1567274,338,338,True,True,0x02,"NO_IRQ,OK,NO_IRQ,NO_IRQ","NONE,DELTA,NONE,NONE",
20.887739,2026-09-01T21:13:18.076+01:00,1032060,1567275,328,328,True,True,0x02,"NO_IRQ,OK,NO_IRQ,NO_IRQ","NONE,DELTA,NONE,NONE",
20.888457,2026-09-01T21:13:18.085+01:00,1032388,1567276,354,354,True,True,0x02,"NO_IRQ,OK,NO_IRQ,NO_IRQ","NONE,DELTA,NONE,NONE",
20.893088,2026-09-01T21:13:18.086+01:00,1032742,1567277,330,330,True,True,0x02,"NO_IRQ,OK,NO_IRQ,NO_IRQ","NONE,DELTA,NONE,NONE",
20.903755,2026-09-01T21:13:18.091+01:00,1033072,1567278,332,332,True,True,0x02,"NO_IRQ,OK,NO_IRQ,NO_IRQ","NONE,DELTA,NONE,NONE",
20.904465,2026-09-01T21:13:18.101+01:00,1033404,1567279,328,328,True,True,0x02,"NO_IRQ,OK,NO_IRQ,NO_IRQ","NONE,DELTA,NONE,NONE",
20.907893,2026-09-01T21:13:18.102+01:00,1033732,1567280,314,314,True,True,0x02,"NO_IRQ,OK,NO_IRQ,NO_IRQ","NONE,DELTA,NONE,NONE",
20.912923,2026-09-01T21:13:18.105+01:00,1034046,1567281,322,322,True,True,0x02,"NO_IRQ,OK,NO_IRQ,NO_IRQ","NONE,DELTA,NONE,NONE",
20.920016,2026-09-01T21:13:18.110+01:00,1034368,1567282,382,382,True,True,0x02,"NO_IRQ,OK,NO_IRQ,NO_IRQ","NONE,DELTA,NONE,NONE",
20.923106,2026-09-01T21:13:18.118+01:00,1034750,1567283,448,448,True,True,0x02,"NO_IRQ,OK,NO_IRQ,NO_IRQ","NONE,DELTA,NONE,NONE",
20.927803,2026-09-01T21:13:18.121+01:00,1035198,1567284,382,382,True,True,0x02,"NO_IRQ,OK,NO_IRQ,NO_IRQ","NONE,DELTA,NONE,NONE",
20.936000,2026-09-01T21:13:18.126+01:00,1035580,1567285,430,430,True,True,0x02,"NO_IRQ,OK,NO_IRQ,NO_IRQ","NONE,DELTA,NONE,NONE",
20.938034,2026-09-01T21:13:18.133+01:00,1036010,1567286,446,446,True,True,0x02,"NO_IRQ,OK,NO_IRQ,NO_IRQ","NONE,DELTA,NONE,NONE",
20.942856,2026-09-01T21:13:18.136+01:00,1036456,1567287,408,408,True,True,0x02,"NO_IRQ,OK,NO_IRQ,NO_IRQ","NONE,DELTA,NONE,NONE",
20.949081,2026-09-01T21:13:18.141+01:00,1036864,1567288,426,426,True,True,0x02,"NO_IRQ,OK,NO_IRQ,NO_IRQ","NONE,DELTA,NONE,NONE",
20.952867,2026-09-01T21:13:18.147+01:00,1037290,1567289,460,460,True,True,0x02,"NO_IRQ,OK,NO_IRQ,NO_IRQ","NONE,DELTA,NONE,NONE",
20.957767,2026-09-01T21:13:18.151+01:00,1037750,1567290,442,442,True,True,0x02,"NO_IRQ,OK,NO_IRQ,NO_IRQ","NONE,DELTA,NONE,NONE",
20.962775,2026-09-01T21:13:18.155+01:00,1038192,1567291,466,466,True,True,0x02,"NO_IRQ,OK,NO_IRQ,NO_IRQ","NONE,DELTA,NONE,NONE",
20.973692,2026-09-01T21:13:18.160+01:00,1038658,1567292,434,434,True,True,0x02,"NO_IRQ,OK,NO_IRQ,NO_IRQ","NONE,DELTA,NONE,NONE",
20.974157,2026-09-01T21:13:18.171+01:00,1039092,1567293,468,468,True,True,0x02,"NO_IRQ,OK,NO_IRQ,NO_IRQ","NONE,DELTA,NONE,NONE",
20.987366,2026-09-01T21:13:18.172+01:00,1039560,1567294,438,438,True,True,0x02,"NO_IRQ,OK,NO_IRQ,NO_IRQ","NONE,DELTA,NONE,NONE",
20.988132,2026-09-01T21:13:18.185+01:00,1039998,1567295,474,474,True,True,0x02,"NO_IRQ,OK,NO_IRQ,NO_IRQ","NONE,DELTA,NONE,NONE",
20.988821,2026-09-01T21:13:18.186+01:00,1040472,1567296,454,454,True,True,0x02,"NO_IRQ,OK,NO_IRQ,NO_IRQ","NONE,DELTA,NONE,NONE",
20.992869,2026-09-01T21:13:18.186+01:00,1040926,1567297,484,484,True,True,0x02,"NO_IRQ,OK,NO_IRQ,NO_IRQ","NONE,DELTA,NONE,NONE",
21.004155,2026-09-01T21:13:18.191+01:00,1041410,1567298,506,506,True,True,0x02,"NO_IRQ,OK,NO_IRQ,NO_IRQ","NONE,DELTA,NONE,NONE",
21.005024,2026-09-01T21:13:18.202+01:00,1041916,1567299,470,470,True,True,0x02,"NO_IRQ,OK,NO_IRQ,NO_IRQ","NONE,DELTA,NONE,NONE",
21.008043,2026-09-01T21:13:18.203+01:00,1042386,1567300,498,498,True,True,0x02,"NO_IRQ,OK,NO_IRQ,NO_IRQ","NONE,DELTA,NONE,NONE",
21.013055,2026-09-01T21:13:18.206+01:00,1042884,1567301,456,456,True,True,0x02,"NO_IRQ,OK,NO_IRQ,NO_IRQ","NONE,DELTA,NONE,NONE",
21.020708,2026-09-01T21:13:18.211+01:00,1043340,1567302,450,450,True,True,0x02,"NO_IRQ,OK,NO_IRQ,NO_IRQ","NONE,DELTA,NONE,NONE",
21.022737,2026-09-01T21:13:18.218+01:00,1043790,1567303,468,468,True,True,0x02,"NO_IRQ,OK,NO_IRQ,NO_IRQ","NONE,DELTA,NONE,NONE",
21.027908,2026-09-01T21:13:18.220+01:00,1044258,1567304,520,520,True,True,0x02,"NO_IRQ,OK,NO_IRQ,NO_IRQ","NONE,DELTA,NONE,NONE",
21.036922,2026-09-01T21:13:18.226+01:00,1044778,1567305,518,518,True,True,0x02,"NO_IRQ,OK,NO_IRQ,NO_IRQ","NONE,DELTA,NONE,NONE",
21.038060,2026-09-01T21:13:18.234+01:00,1045296,1567306,544,544,True,True,0x02,"NO_IRQ,OK,NO_IRQ,NO_IRQ","NONE,DELTA,NONE,NONE",
21.042982,2026-09-01T21:13:18.236+01:00,1045840,1567307,548,548,True,True,0x02,"NO_IRQ,OK,NO_IRQ,NO_IRQ","NONE,DELTA,NONE,NONE",
21.052835,2026-09-01T21:13:18.241+01:00,1046388,1567308,544,544,True,True,0x02,"NO_IRQ,OK,NO_IRQ,NO_IRQ","NONE,DELTA,NONE,NONE",
21.053560,2026-09-01T21:13:18.250+01:00,1046932,1567309,494,494,True,True,0x02,"NO_IRQ,OK,NO_IRQ,NO_IRQ","NONE,DELTA,NONE,NONE",
21.057974,2026-09-01T21:13:18.251+01:00,1047426,1567310,514,514,True,True,0x02,"NO_IRQ,OK,NO_IRQ,NO_IRQ","NONE,DELTA,NONE,NONE",
21.064572,2026-09-01T21:13:18.256+01:00,1047940,1567311,496,496,True,True,0x02,"NO_IRQ,OK,NO_IRQ,NO_IRQ","NONE,DELTA,NONE,NONE",
21.069801,2026-09-01T21:13:18.262+01:00,1048436,1567312,400,400,True,True,0x02,"NO_IRQ,OK,NO_IRQ,NO_IRQ","NONE,DELTA,NONE,NONE",
21.072800,2026-09-01T21:13:18.268+01:00,1048836,1567313,452,452,True,True,0x02,"NO_IRQ,OK,NO_IRQ,NO_IRQ","NONE,DELTA,NONE,NONE",
21.077733,2026-09-01T21:13:18.270+01:00,1049288,1567314,412,412,True,True,0x02,"NO_IRQ,OK,NO_IRQ,NO_IRQ","NONE,DELTA,NONE,NONE",
21.085764,2026-09-01T21:13:18.275+01:00,1049700,1567315,462,462,True,True,0x02,"NO_IRQ,OK,NO_IRQ,NO_IRQ","NONE,DELTA,NONE,NONE",
21.087530,2026-09-01T21:13:18.283+01:00,1050162,1567316,442,442,True,True,0x02,"NO_IRQ,OK,NO_IRQ,NO_IRQ","NONE,DELTA,NONE,NONE",
21.092711,2026-09-01T21:13:18.285+01:00,1050604,1567317,420,420,True,True,0x02,"NO_IRQ,OK,NO_IRQ,NO_IRQ","NONE,DELTA,NONE,NONE",
21.102967,2026-09-01T21:13:18.290+01:00,1051024,1567318,438,438,True,True,0x02,"NO_IRQ,OK,NO_IRQ,NO_IRQ","NONE,DELTA,NONE,NONE",
21.104189,2026-09-01T21:13:18.301+01:00,1051462,1567319,432,432,True,True,0x02,"NO_IRQ,OK,NO_IRQ,NO_IRQ","NONE,DELTA,NONE,NONE",
21.107582,2026-09-01T21:13:18.302+01:00,1051894,1567320,414,414,True,True,0x02,"NO_IRQ,OK,NO_IRQ,NO_IRQ","NONE,DELTA,NONE,NONE",
21.112544,2026-09-01T21:13:18.305+01:00,1052308,1567321,430,430,True,True,0x02,"NO_IRQ,OK,NO_IRQ,NO_IRQ","NONE,DELTA,NONE,NONE",
21.118728,2026-09-01T21:13:18.310+01:00,1052738,1567322,436,436,True,True,0x02,"NO_IRQ,OK,NO_IRQ,NO_IRQ","NONE,DELTA,NONE,NONE",
21.122616,2026-09-01T21:13:18.316+01:00,1053174,1567323,410,410,True,True,0x02,"NO_IRQ,OK,NO_IRQ,NO_IRQ","NONE,DELTA,NONE,NONE",
21.127354,2026-09-01T21:13:18.320+01:00,1053584,1567324,392,392,True,True,0x02,"NO_IRQ,OK,NO_IRQ,NO_IRQ","NONE,DELTA,NONE,NONE",
21.144403,2026-09-01T21:13:18.325+01:00,1053976,1567325,368,368,True,True,0x02,"NO_IRQ,OK,NO_IRQ,NO_IRQ","NONE,DELTA,NONE,NONE",
21.145239,2026-09-01T21:13:18.342+01:00,1054344,1567326,346,346,True,True,0x02,"NO_IRQ,OK,NO_IRQ,NO_IRQ","NONE,DELTA,NONE,NONE",
21.145836,2026-09-01T21:13:18.343+01:00,1054690,1567327,322,322,True,True,0x02,"NO_IRQ,OK,NO_IRQ,NO_IRQ","NONE,DELTA,NONE,NONE",
21.147771,2026-09-01T21:13:18.343+01:00,1055012,1567328,328,328,True,True,0x02,"NO_IRQ,OK,NO_IRQ,NO_IRQ","NONE,DELTA,NONE,NONE",
21.152598,2026-09-01T21:13:18.345+01:00,1055340,1567329,288,288,True,True,0x02,"NO_IRQ,OK,NO_IRQ,NO_IRQ","NONE,DELTA,NONE,NONE",
21.161557,2026-09-01T21:13:18.350+01:00,1055628,1567330,286,286,True,True,0x02,"NO_IRQ,OK,NO_IRQ,NO_IRQ","NONE,DELTA,NONE,NONE",
21.162173,2026-09-01T21:13:18.359+01:00,1055914,1567331,232,232,True,True,0x02,"NO_IRQ,OK,NO_IRQ,NO_IRQ","NONE,DELTA,NONE,NONE",
21.167745,2026-09-01T21:13:18.360+01:00,1056146,1567332,240,240,True,True,0x02,"NO_IRQ,OK,NO_IRQ,NO_IRQ","NONE,DELTA,NONE,NONE",
21.177614,2026-09-01T21:13:18.365+01:00,1056386,1567333,262,262,True,True,0x02,"NO_IRQ,OK,NO_IRQ,NO_IRQ","NONE,DELTA,NONE,NONE",
21.178424,2026-09-01T21:13:18.375+01:00,1056648,1567334,312,312,True,True,0x02,"NO_IRQ,OK,NO_IRQ,NO_IRQ","NONE,DELTA,NONE,NONE",
21.182263,2026-09-01T21:13:18.376+01:00,1056960,1567335,248,248,True,True,0x02,"NO_IRQ,OK,NO_IRQ,NO_IRQ","NONE,DELTA,NONE,NONE",
21.187334,2026-09-01T21:13:18.380+01:00,1057208,1567336,252,252,True,True,0x02,"NO_IRQ,OK,NO_IRQ,NO_IRQ","NONE,DELTA,NONE,NONE",
21.193977,2026-09-01T21:13:18.385+01:00,1057460,1567337,238,238,True,True,0x02,"NO_IRQ,OK,NO_IRQ,NO_IRQ","NONE,DELTA,NONE,NONE",
21.198330,2026-09-01T21:13:18.392+01:00,1057698,1567338,280,280,True,True,0x02,"NO_IRQ,OK,NO_IRQ,NO_IRQ","NONE,DELTA,NONE,NONE",
21.202015,2026-09-01T21:13:18.396+01:00,1057978,1567339,242,242,True,True,0x02,"NO_IRQ,OK,NO_IRQ,NO_IRQ","NONE,DELTA,NONE,NONE",
21.210169,2026-09-01T21:13:18.400+01:00,1058220,1567340,224,224,True,True,0x02,"NO_IRQ,OK,NO_IRQ,NO_IRQ","NONE,DELTA,NONE,NONE",
21.212127,2026-09-01T21:13:18.408+01:00,1058444,1567341,242,242,True,True,0x02,"NO_IRQ,OK,NO_IRQ,NO_IRQ","NONE,DELTA,NONE,NONE",
21.217119,2026-09-01T21:13:18.410+01:00,1058686,1567342,234,234,True,True,0x02,"NO_IRQ,OK,NO_IRQ,NO_IRQ","NONE,DELTA,NONE,NONE",
21.227316,2026-09-01T21:13:18.415+01:00,1058920,1567343,228,228,True,True,0x02,"NO_IRQ,OK,NO_IRQ,NO_IRQ","NONE,DELTA,NONE,NONE",
21.228229,2026-09-01T21:13:18.425+01:00,1059148,1567344,218,218,True,True,0x02,"NO_IRQ,OK,NO_IRQ,NO_IRQ","NONE,DELTA,NONE,NONE",
21.232228,2026-09-01T21:13:18.426+01:00,1059366,1567345,252,252,True,True,0x02,"NO_IRQ,OK,NO_IRQ,NO_IRQ","NONE,DELTA,NONE,NONE",
21.236782,2026-09-01T21:13:18.430+01:00,1059618,1567346,220,220,True,True,0x02,"NO_IRQ,OK,NO_IRQ,NO_IRQ","NONE,DELTA,NONE,NONE",
21.243184,2026-09-01T21:13:18.434+01:00,1059838,1567347,236,236,True,True,0x02,"NO_IRQ,OK,NO_IRQ,NO_IRQ","NONE,DELTA,NONE,NONE",
21.246918,2026-09-01T21:13:18.441+01:00,1060074,1567348,230,230,True,True,0x02,"NO_IRQ,OK,NO_IRQ,NO_IRQ","NONE,DELTA,NONE,NONE",
21.252044,2026-09-01T21:13:18.444+01:00,1060304,1567349,248,248,True,True,0x02,"NO_IRQ,OK,NO_IRQ,NO_IRQ","NONE,DELTA,NONE,NONE",
21.259708,2026-09-01T21:13:18.450+01:00,1060552,1567350,278,278,True,True,0x02,"NO_IRQ,OK,NO_IRQ,NO_IRQ","NONE,DELTA,NONE,NONE",
21.261873,2026-09-01T21:13:18.457+01:00,1060830,1567351,228,228,True,True,0x02,"NO_IRQ,OK,NO_IRQ,NO_IRQ","NONE,DELTA,NONE,NONE",
21.267094,2026-09-01T21:13:18.459+01:00,1061058,1567352,218,218,True,True,0x02,"NO_IRQ,OK,NO_IRQ,NO_IRQ","NONE,DELTA,NONE,NONE",
21.273143,2026-09-01T21:13:18.465+01:00,1061276,1567353,206,206,True,True,0x02,"NO_IRQ,OK,NO_IRQ,NO_IRQ","NONE,DELTA,NONE,NONE",
21.277868,2026-09-01T21:13:18.471+01:00,1061482,1567354,234,234,True,True,0x02,"NO_IRQ,OK,NO_IRQ,NO_IRQ","NONE,DELTA,NONE,NONE",
21.281828,2026-09-01T21:13:18.475+01:00,1061716,1567355,236,236,True,True,0x02,"NO_IRQ,OK,NO_IRQ,NO_IRQ","NONE,DELTA,NONE,NONE",
21.286716,2026-09-01T21:13:18.479+01:00,1061952,1567356,222,222,True,True,0x02,"NO_IRQ,OK,NO_IRQ,NO_IRQ","NONE,DELTA,NONE,NONE",
21.297722,2026-09-01T21:13:18.484+01:00,1062174,1567357,190,190,True,True,0x02,"NO_IRQ,OK,NO_IRQ,NO_IRQ","NONE,DELTA,NONE,NONE",
21.298447,2026-09-01T21:13:18.495+01:00,1062364,1567358,204,204,True,True,0x02,"NO_IRQ,OK,NO_IRQ,NO_IRQ","NONE,DELTA,NONE,NONE",
21.311050,2026-09-01T21:13:18.496+01:00,1062568,1567359,224,224,True,True,0x02,"NO_IRQ,OK,NO_IRQ,NO_IRQ","NONE,DELTA,NONE,NONE",
21.311751,2026-09-01T21:13:18.509+01:00,1062792,1567360,214,214,True,True,0x02,"NO_IRQ,OK,NO_IRQ,NO_IRQ","NONE,DELTA,NONE,NONE",
21.312497,2026-09-01T21:13:18.509+01:00,1063006,1567361,220,220,True,True,0x02,"NO_IRQ,OK,NO_IRQ,NO_IRQ","NONE,DELTA,NONE,NONE",
21.317240,2026-09-01T21:13:18.510+01:00,1063226,1567362,212,212,True,True,0x02,"NO_IRQ,OK,NO_IRQ,NO_IRQ","NONE,DELTA,NONE,NONE",
21.327526,2026-09-01T21:13:18.515+01:00,1063438,1567363,250,250,True,True,0x02,"NO_IRQ,OK,NO_IRQ,NO_IRQ","NONE,DELTA,NONE,NONE",
21.328147,2026-09-01T21:13:18.525+01:00,1063688,1567364,228,228,True,True,0x02,"NO_IRQ,OK,NO_IRQ,NO_IRQ","NONE,DELTA,NONE,NONE",
21.332443,2026-09-01T21:13:18.526+01:00,1063916,1567365,208,208,True,True,0x02,"NO_IRQ,OK,NO_IRQ,NO_IRQ","NONE,DELTA,NONE,NONE",
21.337051,2026-09-01T21:13:18.530+01:00,1064124,1567366,200,200,True,True,0x02,"NO_IRQ,OK,NO_IRQ,NO_IRQ","NONE,DELTA,NONE,NONE",
21.344099,2026-09-01T21:13:18.535+01:00,1064324,1567367,206,206,True,True,0x02,"NO_IRQ,OK,NO_IRQ,NO_IRQ","NONE,DELTA,NONE,NONE",
21.347265,2026-09-01T21:13:18.542+01:00,1064530,1567368,218,218,True,True,0x02,"NO_IRQ,OK,NO_IRQ,NO_IRQ","NONE,DELTA,NONE,NONE",
21.351694,2026-09-01T21:13:18.545+01:00,1064748,1567369,206,206,True,True,0x02,"NO_IRQ,OK,NO_IRQ,NO_IRQ","NONE,DELTA,NONE,NONE",
21.359618,2026-09-01T21:13:18.549+01:00,1064954,1567370,204,204,True,True,0x02,"NO_IRQ,OK,NO_IRQ,NO_IRQ","NONE,DELTA,NONE,NONE",
21.361779,2026-09-01T21:13:18.557+01:00,1065158,1567371,214,214,True,True,0x02,"NO_IRQ,OK,NO_IRQ,NO_IRQ","NONE,DELTA,NONE,NONE",
21.366842,2026-09-01T21:13:18.559+01:00,1065372,1567372,218,218,True,True,0x02,"NO_IRQ,OK,NO_IRQ,NO_IRQ","NONE,DELTA,NONE,NONE",
21.375487,2026-09-01T21:13:18.565+01:00,1065590,1567373,258,258,True,True,0x02,"NO_IRQ,OK,NO_IRQ,NO_IRQ","NONE,DELTA,NONE,NONE",
21.376644,2026-09-01T21:13:18.573+01:00,1065848,1567374,202,202,True,True,0x02,"NO_IRQ,OK,NO_IRQ,NO_IRQ","NONE,DELTA,NONE,NONE",
21.381855,2026-09-01T21:13:18.574+01:00,1066050,1567375,224,224,True,True,0x02,"NO_IRQ,OK,NO_IRQ,NO_IRQ","NONE,DELTA,NONE,NONE",
21.391037,2026-09-01T21:13:18.579+01:00,1066274,1567376,194,194,True,True,0x02,"NO_IRQ,OK,NO_IRQ,NO_IRQ","NONE,DELTA,NONE,NONE",
21.391800,2026-09-01T21:13:18.589+01:00,1066468,1567377,214,214,True,True,0x02,"NO_IRQ,OK,NO_IRQ,NO_IRQ","NONE,DELTA,NONE,NONE",
21.398188,2026-09-01T21:13:18.589+01:00,1066682,1567378,216,216,True,True,0x02,"NO_IRQ,OK,NO_IRQ,NO_IRQ","NONE,DELTA,NONE,NONE",
21.407550,2026-09-01T21:13:18.596+01:00,1066898,1567379,226,226,True,True,0x02,"NO_IRQ,OK,NO_IRQ,NO_IRQ","NONE,DELTA,NONE,NONE",
21.408178,2026-09-01T21:13:18.605+01:00,1067124,1567380,212,212,True,True,0x02,"NO_IRQ,OK,NO_IRQ,NO_IRQ","NONE,DELTA,NONE,NONE",
21.411673,2026-09-01T21:13:18.606+01:00,1067336,1567381,234,234,True,True,0x02,"NO_IRQ,OK,NO_IRQ,NO_IRQ","NONE,DELTA,NONE,NONE",
21.416584,2026-09-01T21:13:18.609+01:00,1067570,1567382,218,218,True,True,0x02,"NO_IRQ,OK,NO_IRQ,NO_IRQ","NONE,DELTA,NONE,NONE",
21.423507,2026-09-01T21:13:18.614+01:00,1067788,1567383,184,184,True,True,0x02,"NO_IRQ,OK,NO_IRQ,NO_IRQ","NONE,DELTA,NONE,NONE",
21.426679,2026-09-01T21:13:18.621+01:00,1067972,1567384,216,216,True,True,0x02,"NO_IRQ,OK,NO_IRQ,NO_IRQ","NONE,DELTA,NONE,NONE",
21.432101,2026-09-01T21:13:18.624+01:00,1068188,1567385,206,206,True,True,0x02,"NO_IRQ,OK,NO_IRQ,NO_IRQ","NONE,DELTA,NONE,NONE",
21.437546,2026-09-01T21:13:18.630+01:00,1068394,1567386,188,188,True,True,0x02,"NO_IRQ,OK,NO_IRQ,NO_IRQ","NONE,DELTA,NONE,NONE",
21.441967,2026-09-01T21:13:18.635+01:00,1068582,1567387,220,220,True,True,0x02,"NO_IRQ,OK,NO_IRQ,NO_IRQ","NONE,DELTA,NONE,NONE",
21.446440,2026-09-01T21:13:18.639+01:00,1068802,1567388,204,204,True,True,0x02,"NO_IRQ,OK,NO_IRQ,NO_IRQ","NONE,DELTA,NONE,NONE",
21.451459,2026-09-01T21:13:18.644+01:00,1069006,1567389,226,226,True,True,0x02,"NO_IRQ,OK,NO_IRQ,NO_IRQ","NONE,DELTA,NONE,NONE",
21.464262,2026-09-01T21:13:18.649+01:00,1069232,1567390,228,228,True,True,0x02,"NO_IRQ,OK,NO_IRQ,NO_IRQ","NONE,DELTA,NONE,NONE",
21.464989,2026-09-01T21:13:18.662+01:00,1069460,1567391,186,186,True,True,0x02,"NO_IRQ,OK,NO_IRQ,NO_IRQ","NONE,DELTA,NONE,NONE",
21.466627,2026-09-01T21:13:18.662+01:00,1069646,1567392,170,170,True,True,0x02,"NO_IRQ,OK,NO_IRQ,NO_IRQ","NONE,DELTA,NONE,NONE",
21.471495,2026-09-01T21:13:18.664+01:00,1069816,1567393,200,200,True,True,0x02,"NO_IRQ,OK,NO_IRQ,NO_IRQ","NONE,DELTA,NONE,NONE",
21.481223,2026-09-01T21:13:18.669+01:00,1070016,1567394,224,224,True,True,0x02,"NO_IRQ,OK,NO_IRQ,NO_IRQ","NONE,DELTA,NONE,NONE",
21.481831,2026-09-01T21:13:18.679+01:00,1070240,1567395,206,206,True,True,0x02,"NO_IRQ,OK,NO_IRQ,NO_IRQ","NONE,DELTA,NONE,NONE",
21.486774,2026-09-01T21:13:18.679+01:00,1070446,1567396,200,200,True,True,0x02,"NO_IRQ,OK,NO_IRQ,NO_IRQ","NONE,DELTA,NONE,NONE",
21.496600,2026-09-01T21:13:18.684+01:00,1070646,1567397,200,200,True,True,0x02,"NO_IRQ,OK,NO_IRQ,NO_IRQ","NONE,DELTA,NONE,NONE",
21.497855,2026-09-01T21:13:18.694+01:00,1070846,1567398,240,240,True,True,0x02,"NO_IRQ,OK,NO_IRQ,NO_IRQ","NONE,DELTA,NONE,NONE",
21.501509,2026-09-01T21:13:18.695+01:00,1071086,1567399,212,212,True,True,0x02,"NO_IRQ,OK,NO_IRQ,NO_IRQ","NONE,DELTA,NONE,NONE",
21.506340,2026-09-01T21:13:18.699+01:00,1071298,1567400,232,232,True,True,0x02,"NO_IRQ,OK,NO_IRQ,NO_IRQ","NONE,DELTA,NONE,NONE",
21.512540,2026-09-01T21:13:18.704+01:00,1071530,1567401,204,204,True,True,0x02,"NO_IRQ,OK,NO_IRQ,NO_IRQ","NONE,DELTA,NONE,NONE",
21.516489,2026-09-01T21:13:18.710+01:00,1071734,1567402,186,186,True,True,0x02,"NO_IRQ,OK,NO_IRQ,NO_IRQ","NONE,DELTA,NONE,NONE",
21.521362,2026-09-01T21:13:18.714+01:00,1071920,1567403,200,200,True,True,0x02,"NO_IRQ,OK,NO_IRQ,NO_IRQ","NONE,DELTA,NONE,NONE",
21.528405,2026-09-01T21:13:18.719+01:00,1072120,1567404,198,198,True,True,0x02,"NO_IRQ,OK,NO_IRQ,NO_IRQ","NONE,DELTA,NONE,NONE",
21.531712,2026-09-01T21:13:18.726+01:00,1072318,1567405,190,190,True,True,0x02,"NO_IRQ,OK,NO_IRQ,NO_IRQ","NONE,DELTA,NONE,NONE",
21.536227,2026-09-01T21:13:18.729+01:00,1072508,1567406,210,210,True,True,0x02,"NO_IRQ,OK,NO_IRQ,NO_IRQ","NONE,DELTA,NONE,NONE",
21.545232,2026-09-01T21:13:18.734+01:00,1072718,1567407,174,174,True,True,0x02,"NO_IRQ,OK,NO_IRQ,NO_IRQ","NONE,DELTA,NONE,NONE",
21.546397,2026-09-01T21:13:18.743+01:00,1072892,1567408,188,188,True,True,0x02,"NO_IRQ,OK,NO_IRQ,NO_IRQ","NONE,DELTA,NONE,NONE",
21.551365,2026-09-01T21:13:18.744+01:00,1073080,1567409,216,216,True,True,0x02,"NO_IRQ,OK,NO_IRQ,NO_IRQ","NONE,DELTA,NONE,NONE",
21.561169,2026-09-01T21:13:18.749+01:00,1073296,1567410,188,188,True,True,0x02,"NO_IRQ,OK,NO_IRQ,NO_IRQ","NONE,DELTA,NONE,NONE",
21.561779,2026-09-01T21:13:18.759+01:00,1073484,1567411,226,226,True,True,0x02,"NO_IRQ,OK,NO_IRQ,NO_IRQ","NONE,DELTA,NONE,NONE",
21.566246,2026-09-01T21:13:18.759+01:00,1073710,1567412,202,202,True,True,0x02,"NO_IRQ,OK,NO_IRQ,NO_IRQ","NONE,DELTA,NONE,NONE",
21.577074,2026-09-01T21:13:18.764+01:00,1073912,1567413,210,210,True,True,0x02,"NO_IRQ,OK,NO_IRQ,NO_IRQ","NONE,DELTA,NONE,NONE",
21.577711,2026-09-01T21:13:18.775+01:00,1074122,1567414,208,208,True,True,0x02,"NO_IRQ,OK,NO_IRQ,NO_IRQ","NONE,DELTA,NONE,NONE",
21.581691,2026-09-01T21:13:18.775+01:00,1074330,1567415,206,206,True,True,0x02,"NO_IRQ,OK,NO_IRQ,NO_IRQ","NONE,DELTA,NONE,NONE",
21.586172,2026-09-01T21:13:18.779+01:00,1074536,1567416,194,194,True,True,0x02,"NO_IRQ,OK,NO_IRQ,NO_IRQ","NONE,DELTA,NONE,NONE",
21.591168,2026-09-01T21:13:18.784+01:00,1074730,1567417,202,202,True,True,0x02,"NO_IRQ,OK,NO_IRQ,NO_IRQ","NONE,DELTA,NONE,NONE",
21.596889,2026-09-01T21:13:18.789+01:00,1074932,1567418,192,192,True,True,0x02,"NO_IRQ,OK,NO_IRQ,NO_IRQ","NONE,DELTA,NONE,NONE",
21.601088,2026-09-01T21:13:18.794+01:00,1075124,1567419,206,206,True,True,0x02,"NO_IRQ,OK,NO_IRQ,NO_IRQ","NONE,DELTA,NONE,NONE",
21.606028,2026-09-01T21:13:18.799+01:00,1075330,1567420,182,182,True,True,0x02,"NO_IRQ,OK,NO_IRQ,NO_IRQ","NONE,DELTA,NONE,NONE",
21.614443,2026-09-01T21:13:18.803+01:00,1075512,1567421,192,192,True,True,0x02,"NO_IRQ,OK,NO_IRQ,NO_IRQ","NONE,DELTA,NONE,NONE",
21.616042,2026-09-01T21:13:18.813+01:00,1075704,1567422,190,190,True,True,0x02,"NO_IRQ,OK,NO_IRQ,NO_IRQ","NONE,DELTA,NONE,NONE",
21.626711,2026-09-01T21:13:18.814+01:00,1075894,1567423,142,142,True,True,0x02,"NO_IRQ,OK,NO_IRQ,NO_IRQ","NONE,DELTA,NONE,NONE",
21.629816,2026-09-01T21:13:18.827+01:00,1076036,1567424,172,172,True,True,0x02,"NO_IRQ,OK,NO_IRQ,NO_IRQ","NONE,DELTA,NONE,NONE",
21.631224,2026-09-01T21:13:18.827+01:00,1076208,1567425,180,180,True,True,0x02,"NO_IRQ,OK,NO_IRQ,NO_IRQ","NONE,DELTA,NONE,NONE",
21.636351,2026-09-01T21:13:18.829+01:00,1076388,1567426,192,192,True,True,0x02,"NO_IRQ,OK,NO_IRQ,NO_IRQ","NONE,DELTA,NONE,NONE",
21.645298,2026-09-01T21:13:18.834+01:00,1076580,1567427,200,200,True,True,0x02,"NO_IRQ,OK,NO_IRQ,NO_IRQ","NONE,DELTA,NONE,NONE",
21.646156,2026-09-01T21:13:18.843+01:00,1076780,1567428,214,214,True,True,0x02,"NO_IRQ,OK,NO_IRQ,NO_IRQ","NONE,DELTA,NONE,NONE",
21.651458,2026-09-01T21:13:18.844+01:00,1076994,1567429,192,192,True,True,0x02,"NO_IRQ,OK,NO_IRQ,NO_IRQ","NONE,DELTA,NONE,NONE",
21.661237,2026-09-01T21:13:18.849+01:00,1077186,1567430,182,182,True,True,0x02,"NO_IRQ,OK,NO_IRQ,NO_IRQ","NONE,DELTA,NONE,NONE",
21.661792,2026-09-01T21:13:18.859+01:00,1077368,1567431,194,194,True,True,0x02,"NO_IRQ,OK,NO_IRQ,NO_IRQ","NONE,DELTA,NONE,NONE",
21.667467,2026-09-01T21:13:18.859+01:00,1077562,1567432,174,174,True,True,0x02,"NO_IRQ,OK,NO_IRQ,NO_IRQ","NONE,DELTA,NONE,NONE",
21.671532,2026-09-01T21:13:18.865+01:00,1077736,1567433,214,214,True,True,0x02,"NO_IRQ,OK,NO_IRQ,NO_IRQ","NONE,DELTA,NONE,NONE",
21.679242,2026-09-01T21:13:18.869+01:00,1077950,1567434,202,202,True,True,0x02,"NO_IRQ,OK,NO_IRQ,NO_IRQ","NONE,DELTA,NONE,NONE",
21.681213,2026-09-01T21:13:18.877+01:00,1078152,1567435,232,232,True,True,0x02,"NO_IRQ,OK,NO_IRQ,NO_IRQ","NONE,DELTA,NONE,NONE",
21.686398,2026-09-01T21:13:18.879+01:00,1078384,1567436,178,178,True,True,0x02,"NO_IRQ,OK,NO_IRQ,NO_IRQ","NONE,DELTA,NONE,NONE",
21.695815,2026-09-01T21:13:18.884+01:00,1078562,1567437,214,214,True,True,0x02,"NO_IRQ,OK,NO_IRQ,NO_IRQ","NONE,DELTA,NONE,NONE",
21.696852,2026-09-01T21:13:18.893+01:00,1078776,1567438,172,172,True,True,0x02,"NO_IRQ,OK,NO_IRQ,NO_IRQ","NONE,DELTA,NONE,NONE",
21.701173,2026-09-01T21:13:18.894+01:00,1078948,1567439,168,168,True,True,0x02,"NO_IRQ,OK,NO_IRQ,NO_IRQ","NONE,DELTA,NONE,NONE",
21.711786,2026-09-01T21:13:18.899+01:00,1079116,1567440,186,186,True,True,0x02,"NO_IRQ,OK,NO_IRQ,NO_IRQ","NONE,DELTA,NONE,NONE",
21.712400,2026-09-01T21:13:18.909+01:00,1079302,1567441,204,204,True,True,0x02,"NO_IRQ,OK,NO_IRQ,NO_IRQ","NONE,DELTA,NONE,NONE",
21.716007,2026-09-01T21:13:18.910+01:00,1079506,1567442,164,164,True,True,0x02,"NO_IRQ,OK,NO_IRQ,NO_IRQ","NONE,DELTA,NONE,NONE",
21.721035,2026-09-01T21:13:18.914+01:00,1079670,1567443,204,204,True,True,0x02,"NO_IRQ,OK,NO_IRQ,NO_IRQ","NONE,DELTA,NONE,NONE",
21.727759,2026-09-01T21:13:18.918+01:00,1079874,1567444,176,176,True,True,0x02,"NO_IRQ,OK,NO_IRQ,NO_IRQ","NONE,DELTA,NONE,NONE",
21.731363,2026-09-01T21:13:18.925+01:00,1080050,1567445,194,194,True,True,0x02,"NO_IRQ,OK,NO_IRQ,NO_IRQ","NONE,DELTA,NONE,NONE",
21.735899,2026-09-01T21:13:18.929+01:00,1080244,1567446,194,194,True,True,0x02,"NO_IRQ,OK,NO_IRQ,NO_IRQ","NONE,DELTA,NONE,NONE",
21.742908,2026-09-01T21:13:18.933+01:00,1080438,1567447,170,170,True,True,0x02,"NO_IRQ,OK,NO_IRQ,NO_IRQ","NONE,DELTA,NONE,NONE",
21.746057,2026-09-01T21:13:18.941+01:00,1080608,1567448,178,178,True,True,0x02,"NO_IRQ,OK,NO_IRQ,NO_IRQ","NONE,DELTA,NONE,NONE",
21.750825,2026-09-01T21:13:18.944+01:00,1080786,1567449,188,188,True,True,0x02,"NO_IRQ,OK,NO_IRQ,NO_IRQ","NONE,DELTA,NONE,NONE",
21.756604,2026-09-01T21:13:18.949+01:00,1080974,1567450,168,168,True,True,0x02,"NO_IRQ,OK,NO_IRQ,NO_IRQ","NONE,DELTA,NONE,NONE",
21.761144,2026-09-01T21:13:18.954+01:00,1081142,1567451,206,206,True,True,0x02,"NO_IRQ,OK,NO_IRQ,NO_IRQ","NONE,DELTA,NONE,NONE",
21.766527,2026-09-01T21:13:18.959+01:00,1081348,1567452,204,204,True,True,0x02,"NO_IRQ,OK,NO_IRQ,NO_IRQ","NONE,DELTA,NONE,NONE",
21.770751,2026-09-01T21:13:18.964+01:00,1081552,1567453,204,204,True,True,0x02,"NO_IRQ,OK,NO_IRQ,NO_IRQ","NONE,DELTA,NONE,NONE",
21.783949,2026-09-01T21:13:18.968+01:00,1081756,1567454,140,140,True,True,0x02,"NO_IRQ,OK,NO_IRQ,NO_IRQ","NONE,DELTA,NONE,NONE",
21.784651,2026-09-01T21:13:18.981+01:00,1081896,1567455,214,214,True,True,0x02,"NO_IRQ,OK,NO_IRQ,NO_IRQ","NONE,DELTA,NONE,NONE",
21.785794,2026-09-01T21:13:18.982+01:00,1082110,1567456,194,194,True,True,0x02,"NO_IRQ,OK,NO_IRQ,NO_IRQ","NONE,DELTA,NONE,NONE",
21.791272,2026-09-01T21:13:18.983+01:00,1082304,1567457,198,198,True,True,0x02,"NO_IRQ,OK,NO_IRQ,NO_IRQ","NONE,DELTA,NONE,NONE",
21.800245,2026-09-01T21:13:18.989+01:00,1082502,1567458,192,192,True,True,0x02,"NO_IRQ,OK,NO_IRQ,NO_IRQ","NONE,DELTA,NONE,NONE",
21.801437,2026-09-01T21:13:18.998+01:00,1082694,1567459,200,200,True,True,0x02,"NO_IRQ,OK,NO_IRQ,NO_IRQ","NONE,DELTA,NONE,NONE",
21.805972,2026-09-01T21:13:18.999+01:00,1082894,1567460,216,216,True,True,0x02,"NO_IRQ,OK,NO_IRQ,NO_IRQ","NONE,DELTA,NONE,NONE",
21.816461,2026-09-01T21:13:19.004+01:00,1083110,1567461,206,206,True,True,0x02,"NO_IRQ,OK,NO_IRQ,NO_IRQ","NONE,DELTA,NONE,NONE",
21.817314,2026-09-01T21:13:19.014+01:00,1083316,1567462,198,198,True,True,0x02,"NO_IRQ,OK,NO_IRQ,NO_IRQ","NONE,DELTA,NONE,NONE",
21.821150,2026-09-01T21:13:19.015+01:00,1083514,1567463,190,190,True,True,0x02,"NO_IRQ,OK,NO_IRQ,NO_IRQ","NONE,DELTA,NONE,NONE",
21.825998,2026-09-01T21:13:19.019+01:00,1083704,1567464,198,198,True,True,0x02,"NO_IRQ,OK,NO_IRQ,NO_IRQ","NONE,DELTA,NONE,NONE",
21.832617,2026-09-01T21:13:19.023+01:00,1083902,1567465,214,214,True,True,0x02,"NO_IRQ,OK,NO_IRQ,NO_IRQ","NONE,DELTA,NONE,NONE",
21.836173,2026-09-01T21:13:19.030+01:00,1084116,1567466,192,192,True,True,0x02,"NO_IRQ,OK,NO_IRQ,NO_IRQ","NONE,DELTA,NONE,NONE",
21.840942,2026-09-01T21:13:19.034+01:00,1084308,1567467,184,184,True,True,0x02,"NO_IRQ,OK,NO_IRQ,NO_IRQ","NONE,DELTA,NONE,NONE",
21.849079,2026-09-01T21:13:19.038+01:00,1084492,1567468,202,202,True,True,0x02,"NO_IRQ,OK,NO_IRQ,NO_IRQ","NONE,DELTA,NONE,NONE",
21.850708,2026-09-01T21:13:19.047+01:00,1084694,1567469,212,212,True,True,0x02,"NO_IRQ,OK,NO_IRQ,NO_IRQ","NONE,DELTA,NONE,NONE",
21.856276,2026-09-01T21:13:19.048+01:00,1084906,1567470,1084,1084,True,True,0x02,"NO_IRQ,OK,NO_IRQ,NO_IRQ","NONE,DELTA_SYNC,NONE,NONE",
21.864951,2026-09-01T21:13:19.054+01:00,1085990,1567471,200,200,True,True,0x02,"NO_IRQ,OK,NO_IRQ,NO_IRQ","NONE,DELTA,NONE,NONE",
21.865815,2026-09-01T21:13:19.062+01:00,1086190,1567472,220,220,True,True,0x02,"NO_IRQ,OK,NO_IRQ,NO_IRQ","NONE,DELTA,NONE,NONE",
21.870829,2026-09-01T21:13:19.063+01:00,1086410,1567473,192,192,True,True,0x02,"NO_IRQ,OK,NO_IRQ,NO_IRQ","NONE,DELTA,NONE,NONE",
21.880206,2026-09-01T21:13:19.068+01:00,1086602,1567474,228,228,True,True,0x02,"NO_IRQ,OK,NO_IRQ,NO_IRQ","NONE,DELTA,NONE,NONE",
21.880754,2026-09-01T21:13:19.078+01:00,1086830,1567475,218,218,True,True,0x02,"NO_IRQ,OK,NO_IRQ,NO_IRQ","NONE,DELTA,NONE,NONE",
21.886522,2026-09-01T21:13:19.078+01:00,1087048,1567476,194,194,True,True,0x02,"NO_IRQ,OK,NO_IRQ,NO_IRQ","NONE,DELTA,NONE,NONE",
21.896465,2026-09-01T21:13:19.084+01:00,1087242,1567477,196,196,True,True,0x02,"NO_IRQ,OK,NO_IRQ,NO_IRQ","NONE,DELTA,NONE,NONE",
21.897388,2026-09-01T21:13:19.094+01:00,1087438,1567478,168,168,True,True,0x02,"NO_IRQ,OK,NO_IRQ,NO_IRQ","NONE,DELTA,NONE,NONE",
21.900970,2026-09-01T21:13:19.095+01:00,1087606,1567479,174,174,True,True,0x02,"NO_IRQ,OK,NO_IRQ,NO_IRQ","NONE,DELTA,NONE,NONE",
21.905551,2026-09-01T21:13:19.098+01:00,1087780,1567480,180,180,True,True,0x02,"NO_IRQ,OK,NO_IRQ,NO_IRQ","NONE,DELTA,NONE,NONE",
21.910862,2026-09-01T21:13:19.103+01:00,1087960,1567481,162,162,True,True,0x02,"NO_IRQ,OK,NO_IRQ,NO_IRQ","NONE,DELTA,NONE,NONE",
21.915792,2026-09-01T21:13:19.108+01:00,1088122,1567482,202,202,True,True,0x02,"NO_IRQ,OK,NO_IRQ,NO_IRQ","NONE,DELTA,NONE,NONE",
21.921001,2026-09-01T21:13:19.113+01:00,1088324,1567483,208,208,True,True,0x02,"NO_IRQ,OK,NO_IRQ,NO_IRQ","NONE,DELTA,NONE,NONE",
21.934555,2026-09-01T21:13:19.118+01:00,1088532,1567484,192,192,True,True,0x02,"NO_IRQ,OK,NO_IRQ,NO_IRQ","NONE,DELTA,NONE,NONE",
21.934918,2026-09-01T21:13:19.132+01:00,1088724,1567485,214,214,True,True,0x02,"NO_IRQ,OK,NO_IRQ,NO_IRQ","NONE,DELTA,NONE,NONE",
21.935336,2026-09-01T21:13:19.132+01:00,1088938,1567486,214,214,True,True,0x02,"NO_IRQ,OK,NO_IRQ,NO_IRQ","NONE,DELTA,NONE,NONE",
21.947551,2026-09-01T21:13:19.133+01:00,1089152,1567487,202,202,True,True,0x02,"NO_IRQ,OK,NO_IRQ,NO_IRQ","NONE,DELTA,NONE,NONE",
21.948775,2026-09-01T21:13:19.145+01:00,1089354,1567488,188,188,True,True,0x02,"NO_IRQ,OK,NO_IRQ,NO_IRQ","NONE,DELTA,NONE,NONE",
21.950642,2026-09-01T21:13:19.146+01:00,1089542,1567489,322,322,True,True,0x02,"NO_IRQ,OK,NO_IRQ,NO_IRQ","NONE,DELTA,NONE,NONE",
21.955827,2026-09-01T21:13:19.148+01:00,1089864,1567490,380,380,True,True,0x02,"NO_IRQ,OK,NO_IRQ,NO_IRQ","NONE,DELTA,NONE,NONE",
21.964512,2026-09-01T21:13:19.153+01:00,1090244,1567491,458,458,True,True,0x02,"NO_IRQ,OK,NO_IRQ,NO_IRQ","NONE,DELTA,NONE,NONE",
21.966042,2026-09-01T21:13:19.162+01:00,1090702,1567492,448,448,True,True,0x02,"NO_IRQ,OK,NO_IRQ,NO_IRQ","NONE,DELTA,NONE,NONE",
21.971116,2026-09-01T21:13:19.164+01:00,1091150,1567493,438,438,True,True,0x02,"NO_IRQ,OK,NO_IRQ,NO_IRQ","NONE,DELTA,NONE,NONE",
21.977408,2026-09-01T21:13:19.169+01:00,1091588,1567494,436,436,True,True,0x02,"NO_IRQ,OK,NO_IRQ,NO_IRQ","NONE,DELTA,NONE,NONE",
21.981581,2026-09-01T21:13:19.175+01:00,1092024,1567495,452,452,True,True,0x02,"NO_IRQ,OK,NO_IRQ,NO_IRQ","NONE,DELTA,NONE,NONE",
21.986061,2026-09-01T21:13:19.179+01:00,1092476,1567496,526,526,True,True,0x02,"NO_IRQ,OK,NO_IRQ,NO_IRQ","NONE,DELTA,NONE,NONE",
21.996474,2026-09-01T21:13:19.184+01:00,1093002,1567497,520,520,True,True,0x02,"NO_IRQ,OK,NO_IRQ,NO_IRQ","NONE,DELTA,NONE,NONE",
21.997445,2026-09-01T21:13:19.194+01:00,1093522,1567498,502,502,True,True,0x02,"NO_IRQ,OK,NO_IRQ,NO_IRQ","NONE,DELTA,NONE,NONE",
22.001213,2026-09-01T21:13:19.195+01:00,1094024,1567499,502,502,True,True,0x02,"NO_IRQ,OK,NO_IRQ,NO_IRQ","NONE,DELTA,NONE,NONE",
22.006446,2026-09-01T21:13:19.199+01:00,1094526,1567500,482,482,True,True,0x02,"NO_IRQ,OK,NO_IRQ,NO_IRQ","NONE,DELTA,NONE,NONE",
22.013872,2026-09-01T21:13:19.204+01:00,1095008,1567501,466,466,True,True,0x02,"NO_IRQ,OK,NO_IRQ,NO_IRQ","NONE,DELTA,NONE,NONE",
22.016055,2026-09-01T21:13:19.211+01:00,1095474,1567502,478,478,True,True,0x02,"NO_IRQ,OK,NO_IRQ,NO_IRQ","NONE,DELTA,NONE,NONE",
22.021010,2026-09-01T21:13:19.214+01:00,1095952,1567503,450,450,True,True,0x02,"NO_IRQ,OK,NO_IRQ,NO_IRQ","NONE,DELTA,NONE,NONE",
22.030668,2026-09-01T21:13:19.218+01:00,1096402,1567504,446,446,True,True,0x02,"NO_IRQ,OK,NO_IRQ,NO_IRQ","NONE,DELTA,NONE,NONE",
22.031573,2026-09-01T21:13:19.228+01:00,1096848,1567505,426,426,True,True,0x02,"NO_IRQ,OK,NO_IRQ,NO_IRQ","NONE,DELTA,NONE,NONE",
22.035961,2026-09-01T21:13:19.229+01:00,1097274,1567506,422,422,True,True,0x02,"NO_IRQ,OK,NO_IRQ,NO_IRQ","NONE,DELTA,NONE,NONE",
22.046345,2026-09-01T21:13:19.233+01:00,1097696,1567507,438,438,True,True,0x02,"NO_IRQ,OK,NO_IRQ,NO_IRQ","NONE,DELTA,NONE,NONE",
22.047625,2026-09-01T21:13:19.244+01:00,1098134,1567508,402,402,True,True,0x02,"NO_IRQ,OK,NO_IRQ,NO_IRQ","NONE,DELTA,NONE,NONE",
22.050786,2026-09-01T21:13:19.245+01:00,1098536,1567509,372,372,True,True,0x02,"NO_IRQ,OK,NO_IRQ,NO_IRQ","NONE,DELTA,NONE,NONE",
22.055929,2026-09-01T21:13:19.248+01:00,1098908,1567510,386,386,True,True,0x02,"NO_IRQ,OK,NO_IRQ,NO_IRQ","NONE,DELTA,NONE,NONE",
22.062526,2026-09-01T21:13:19.253+01:00,1099294,1567511,372,372,True,True,0x02,"NO_IRQ,OK,NO_IRQ,NO_IRQ","NONE,DELTA,NONE,NONE",
22.065853,2026-09-01T21:13:19.260+01:00,1099666,1567512,402,402,True,True,0x02,"NO_IRQ,OK,NO_IRQ,NO_IRQ","NONE,DELTA,NONE,NONE",
22.070795,2026-09-01T21:13:19.263+01:00,1100068,1567513,366,366,True,True,0x02,"NO_IRQ,OK,NO_IRQ,NO_IRQ","NONE,DELTA,NONE,NONE",
22.075701,2026-09-01T21:13:19.269+01:00,1100434,1567514,394,394,True,True,0x02,"NO_IRQ,OK,NO_IRQ,NO_IRQ","NONE,DELTA,NONE,NONE",
22.082256,2026-09-01T21:13:19.273+01:00,1100828,1567515,388,388,True,True,0x02,"NO_IRQ,OK,NO_IRQ,NO_IRQ","NONE,DELTA,NONE,NONE",
22.085532,2026-09-01T21:13:19.280+01:00,1101216,1567516,436,436,True,True,0x02,"NO_IRQ,OK,NO_IRQ,NO_IRQ","NONE,DELTA,NONE,NONE",
22.090568,2026-09-01T21:13:19.283+01:00,1101652,1567517,448,448,True,True,0x02,"NO_IRQ,OK,NO_IRQ,NO_IRQ","NONE,DELTA,NONE,NONE",
22.104019,2026-09-01T21:13:19.288+01:00,1102100,1567518,424,424,True,True,0x02,"NO_IRQ,OK,NO_IRQ,NO_IRQ","NONE,DELTA,NONE,NONE",
22.104748,2026-09-01T21:13:19.302+01:00,1102524,1567519,432,432,True,True,0x02,"NO_IRQ,OK,NO_IRQ,NO_IRQ","NONE,DELTA,NONE,NONE",
22.105339,2026-09-01T21:13:19.302+01:00,1102956,1567520,410,410,True,True,0x02,"NO_IRQ,OK,NO_IRQ,NO_IRQ","NONE,DELTA,NONE,NONE",
22.110899,2026-09-01T21:13:19.303+01:00,1103366,1567521,452,452,True,True,0x02,"NO_IRQ,OK,NO_IRQ,NO_IRQ","NONE,DELTA,NONE,NONE",
22.120247,2026-09-01T21:13:19.308+01:00,1103818,1567522,440,440,True,True,0x02,"NO_IRQ,OK,NO_IRQ,NO_IRQ","NONE,DELTA,NONE,NONE",
22.120942,2026-09-01T21:13:19.318+01:00,1104258,1567523,452,452,True,True,0x02,"NO_IRQ,OK,NO_IRQ,NO_IRQ","NONE,DELTA,NONE,NONE",
22.125706,2026-09-01T21:13:19.318+01:00,1104710,1567524,422,422,True,True,0x02,"NO_IRQ,OK,NO_IRQ,NO_IRQ","NONE,DELTA,NONE,NONE",
22.132842,2026-09-01T21:13:19.323+01:00,1105132,1567525,438,438,True,True,0x02,"NO_IRQ,OK,NO_IRQ,NO_IRQ","NONE,DELTA,NONE,NONE",
22.137501,2026-09-01T21:13:19.334+01:00,1105570,1567526,420,420,True,True,0x02,"NO_IRQ,OK,NO_IRQ,NO_IRQ","NONE,DELTA,NONE,NONE",
22.140959,2026-09-01T21:13:19.335+01:00,1105990,1567527,322,322,True,True,0x02,"NO_IRQ,OK,NO_IRQ,NO_IRQ","NONE,DELTA,NONE,NONE",
22.145535,2026-09-01T21:13:19.339+01:00,1106312,1567528,394,394,True,True,0x02,"NO_IRQ,OK,NO_IRQ,NO_IRQ","NONE,DELTA,NONE,NONE",
22.153704,2026-09-01T21:13:19.343+01:00,1106706,1567529,418,418,True,True,0x02,"NO_IRQ,OK,NO_IRQ,NO_IRQ","NONE,DELTA,NONE,NONE",
22.155963,2026-09-01T21:13:19.351+01:00,1107124,1567530,438,438,True,True,0x02,"NO_IRQ,OK,NO_IRQ,NO_IRQ","NONE,DELTA,NONE,NONE",
22.160833,2026-09-01T21:13:19.353+01:00,1107562,1567531,430,430,True,True,0x02,"NO_IRQ,OK,NO_IRQ,NO_IRQ","NONE,DELTA,NONE,NONE",
22.170403,2026-09-01T21:13:19.358+01:00,1107992,1567532,370,370,True,True,0x02,"NO_IRQ,OK,NO_IRQ,NO_IRQ","NONE,DELTA,NONE,NONE",
22.171084,2026-09-01T21:13:19.368+01:00,1108362,1567533,414,414,True,True,0x02,"NO_IRQ,OK,NO_IRQ,NO_IRQ","NONE,DELTA,NONE,NONE",
22.175285,2026-09-01T21:13:19.369+01:00,1108776,1567534,408,408,True,True,0x02,"NO_IRQ,OK,NO_IRQ,NO_IRQ","NONE,DELTA,NONE,NONE",
22.186187,2026-09-01T21:13:19.373+01:00,1109184,1567535,410,410,True,True,0x02,"NO_IRQ,OK,NO_IRQ,NO_IRQ","NONE,DELTA,NONE,NONE",
22.186899,2026-09-01T21:13:19.384+01:00,1109594,1567536,444,444,True,True,0x02,"NO_IRQ,OK,NO_IRQ,NO_IRQ","NONE,DELTA,NONE,NONE",
22.190471,2026-09-01T21:13:19.385+01:00,1110038,1567537,416,416,True,True,0x02,"NO_IRQ,OK,NO_IRQ,NO_IRQ","NONE,DELTA,NONE,NONE",
22.195456,2026-09-01T21:13:19.388+01:00,1110454,1567538,464,464,True,True,0x02,"NO_IRQ,OK,NO_IRQ,NO_IRQ","NONE,DELTA,NONE,NONE",
22.202069,2026-09-01T21:13:19.393+01:00,1110918,1567539,444,444,True,True,0x02,"NO_IRQ,OK,NO_IRQ,NO_IRQ","NONE,DELTA,NONE,NONE",
22.205608,2026-09-01T21:13:19.400+01:00,1111362,1567540,416,416,True,True,0x02,"NO_IRQ,OK,NO_IRQ,NO_IRQ","NONE,DELTA,NONE,NONE",
22.210721,2026-09-01T21:13:19.403+01:00,1111778,1567541,480,480,True,True,0x02,"NO_IRQ,OK,NO_IRQ,NO_IRQ","NONE,DELTA,NONE,NONE",
22.218593,2026-09-01T21:13:19.408+01:00,1112258,1567542,516,516,True,True,0x02,"NO_IRQ,OK,NO_IRQ,NO_IRQ","NONE,DELTA,NONE,NONE",
22.220474,2026-09-01T21:13:19.416+01:00,1112774,1567543,472,472,True,True,0x02,"NO_IRQ,OK,NO_IRQ,NO_IRQ","NONE,DELTA,NONE,NONE",
22.226093,2026-09-01T21:13:19.418+01:00,1113246,1567544,480,480,True,True,0x02,"NO_IRQ,OK,NO_IRQ,NO_IRQ","NONE,DELTA,NONE,NONE",
22.231798,2026-09-01T21:13:19.424+01:00,1113726,1567545,510,510,True,True,0x02,"NO_IRQ,OK,NO_IRQ,NO_IRQ","NONE,DELTA,NONE,NONE",
22.236454,2026-09-01T21:13:19.430+01:00,1114236,1567546,514,514,True,True,0x02,"NO_IRQ,OK,NO_IRQ,NO_IRQ","NONE,DELTA,NONE,NONE",
22.240698,2026-09-01T21:13:19.434+01:00,1114750,1567547,512,512,True,True,0x02,"NO_IRQ,OK,NO_IRQ,NO_IRQ","NONE,DELTA,NONE,NONE",
22.245696,2026-09-01T21:13:19.438+01:00,1115262,1567548,530,530,True,True,0x02,"NO_IRQ,OK,NO_IRQ,NO_IRQ","NONE,DELTA,NONE,NONE",
22.256152,2026-09-01T21:13:19.443+01:00,1115792,1567549,536,536,True,True,0x02,"NO_IRQ,OK,NO_IRQ,NO_IRQ","NONE,DELTA,NONE,NONE",
22.256604,2026-09-01T21:13:19.454+01:00,1116328,1567550,582,582,True,True,0x02,"NO_IRQ,OK,NO_IRQ,NO_IRQ","NONE,DELTA,NONE,NONE",
22.269613,2026-09-01T21:13:19.454+01:00,1116910,1567551,486,486,True,True,0x02,"NO_IRQ,OK,NO_IRQ,NO_IRQ","NONE,DELTA,NONE,NONE",
22.270574,2026-09-01T21:13:19.467+01:00,1117396,1567552,440,440,True,True,0x02,"NO_IRQ,OK,NO_IRQ,NO_IRQ","NONE,DELTA,NONE,NONE",
22.271262,2026-09-01T21:13:19.468+01:00,1117836,1567553,444,444,True,True,0x02,"NO_IRQ,OK,NO_IRQ,NO_IRQ","NONE,DELTA,NONE,NONE",
22.275633,2026-09-01T21:13:19.469+01:00,1118280,1567554,448,448,True,True,0x02,"NO_IRQ,OK,NO_IRQ,NO_IRQ","NONE,DELTA,NONE,NONE",
22.286832,2026-09-01T21:13:19.473+01:00,1118728,1567555,486,486,True,True,0x02,"NO_IRQ,OK,NO_IRQ,NO_IRQ","NONE,DELTA,NONE,NONE",
22.287890,2026-09-01T21:13:19.484+01:00,1119214,1567556,514,514,True,True,0x02,"NO_IRQ,OK,NO_IRQ,NO_IRQ","NONE,DELTA,NONE,NONE",
22.290625,2026-09-01T21:13:19.485+01:00,1119728,1567557,504,504,True,True,0x02,"NO_IRQ,OK,NO_IRQ,NO_IRQ","NONE,DELTA,NONE,NONE",
22.295435,2026-09-01T21:13:19.488+01:00,1120232,1567558,526,526,True,True,0x02,"NO_IRQ,OK,NO_IRQ,NO_IRQ","NONE,DELTA,NONE,NONE",
22.303367,2026-09-01T21:13:19.493+01:00,1120758,1567559,530,530,True,True,0x02,"NO_IRQ,OK,NO_IRQ,NO_IRQ","NONE,DELTA,NONE,NONE",
22.305619,2026-09-01T21:13:19.501+01:00,1121288,1567560,498,498,True,True,0x02,"NO_IRQ,OK,NO_IRQ,NO_IRQ","NONE,DELTA,NONE,NONE",
22.310743,2026-09-01T21:13:19.503+01:00,1121786,1567561,510,510,True,True,0x02,"NO_IRQ,OK,NO_IRQ,NO_IRQ","NONE,DELTA,NONE,NONE",
22.319294,2026-09-01T21:13:19.508+01:00,1122296,1567562,478,478,True,True,0x02,"NO_IRQ,OK,NO_IRQ,NO_IRQ","NONE,DELTA,NONE,NONE",
22.320326,2026-09-01T21:13:19.517+01:00,1122774,1567563,476,476,True,True,0x02,"NO_IRQ,OK,NO_IRQ,NO_IRQ","NONE,DELTA,NONE,NONE",
22.325691,2026-09-01T21:13:19.518+01:00,1123250,1567564,460,460,True,True,0x02,"NO_IRQ,OK,NO_IRQ,NO_IRQ","NONE,DELTA,NONE,NONE",
22.336044,2026-09-01T21:13:19.523+01:00,1123710,1567565,438,438,True,True,0x02,"NO_IRQ,OK,NO_IRQ,NO_IRQ","NONE,DELTA,NONE,NONE",
22.336882,2026-09-01T21:13:19.534+01:00,1124148,1567566,440,440,True,True,0x02,"NO_IRQ,OK,NO_IRQ,NO_IRQ","NONE,DELTA,NONE,NONE",
22.340393,2026-09-01T21:13:19.534+01:00,1124588,1567567,416,416,True,True,0x02,"NO_IRQ,OK,NO_IRQ,NO_IRQ","NONE,DELTA,NONE,NONE",
22.345368,2026-09-01T21:13:19.538+01:00,1125004,1567568,402,402,True,True,0x02,"NO_IRQ,OK,NO_IRQ,NO_IRQ","NONE,DELTA,NONE,NONE",
22.352247,2026-09-01T21:13:19.543+01:00,1125406,1567569,330,330,True,True,0x02,"NO_IRQ,OK,NO_IRQ,NO_IRQ","NONE,DELTA,NONE,NONE",
22.355198,2026-09-01T21:13:19.550+01:00,1125736,1567570,382,382,True,True,0x02,"NO_IRQ,OK,NO_IRQ,NO_IRQ","NONE,DELTA,NONE,NONE",
22.360224,2026-09-01T21:13:19.553+01:00,1126118,1567571,392,392,True,True,0x02,"NO_IRQ,OK,NO_IRQ,NO_IRQ","NONE,DELTA,NONE,NONE",
22.368948,2026-09-01T21:13:19.558+01:00,1126510,1567572,400,400,True,True,0x02,"NO_IRQ,OK,NO_IRQ,NO_IRQ","NONE,DELTA,NONE,NONE",
22.370032,2026-09-01T21:13:19.566+01:00,1126910,1567573,394,394,True,True,0x02,"NO_IRQ,OK,NO_IRQ,NO_IRQ","NONE,DELTA,NONE,NONE",
22.375129,2026-09-01T21:13:19.567+01:00,1127304,1567574,394,394,True,True,0x02,"NO_IRQ,OK,NO_IRQ,NO_IRQ","NONE,DELTA,NONE,NONE",
22.384652,2026-09-01T21:13:19.573+01:00,1127698,1567575,372,372,True,True,0x02,"NO_IRQ,OK,NO_IRQ,NO_IRQ","NONE,DELTA,NONE,NONE",
22.385342,2026-09-01T21:13:19.582+01:00,1128070,1567576,400,400,True,True,0x02,"NO_IRQ,OK,NO_IRQ,NO_IRQ","NONE,DELTA,NONE,NONE",
22.390085,2026-09-01T21:13:19.583+01:00,1128470,1567577,382,382,True,True,0x02,"NO_IRQ,OK,NO_IRQ,NO_IRQ","NONE,DELTA,NONE,NONE",
22.395495,2026-09-01T21:13:19.588+01:00,1128852,1567578,478,478,True,True,0x02,"NO_IRQ,OK,NO_IRQ,NO_IRQ","NONE,DELTA,NONE,NONE",
22.400365,2026-09-01T21:13:19.594+01:00,1129330,1567579,436,436,True,True,0x02,"NO_IRQ,OK,NO_IRQ,NO_IRQ","NONE,DELTA,NONE,NONE",
22.405929,2026-09-01T21:13:19.598+01:00,1129766,1567580,486,486,True,True,0x02,"NO_IRQ,OK,NO_IRQ,NO_IRQ","NONE,DELTA,NONE,NONE",
22.410368,2026-09-01T21:13:19.603+01:00,1130252,1567581,474,474,True,True,0x02,"NO_IRQ,OK,NO_IRQ,NO_IRQ","NONE,DELTA,NONE,NONE",
22.415216,2026-09-01T21:13:19.608+01:00,1130726,1567582,484,484,True,True,0x02,"NO_IRQ,OK,NO_IRQ,NO_IRQ","NONE,DELTA,NONE,NONE",
22.428156,2026-09-01T21:13:19.613+01:00,1131210,1567583,418,418,True,True,0x02,"NO_IRQ,OK,NO_IRQ,NO_IRQ","NONE,DELTA,NONE,NONE",
22.429166,2026-09-01T21:13:19.626+01:00,1131628,1567584,520,520,True,True,0x02,"NO_IRQ,OK,NO_IRQ,NO_IRQ","NONE,DELTA,NONE,NONE",
22.431066,2026-09-01T21:13:19.627+01:00,1132148,1567585,560,560,True,True,0x02,"NO_IRQ,OK,NO_IRQ,NO_IRQ","NONE,DELTA,NONE,NONE",
22.435274,2026-09-01T21:13:19.629+01:00,1132708,1567586,546,546,True,True,0x02,"NO_IRQ,OK,NO_IRQ,NO_IRQ","NONE,DELTA,NONE,NONE",
22.445434,2026-09-01T21:13:19.633+01:00,1133254,1567587,566,566,True,True,0x02,"NO_IRQ,OK,NO_IRQ,NO_IRQ","NONE,DELTA,NONE,NONE",
22.446497,2026-09-01T21:13:19.643+01:00,1133820,1567588,504,504,True,True,0x02,"NO_IRQ,OK,NO_IRQ,NO_IRQ","NONE,DELTA,NONE,NONE",
22.450243,2026-09-01T21:13:19.644+01:00,1134324,1567589,526,526,True,True,0x02,"NO_IRQ,OK,NO_IRQ,NO_IRQ","NONE,DELTA,NONE,NONE",
22.454923,2026-09-01T21:13:19.648+01:00,1134850,1567590,460,460,True,True,0x02,"NO_IRQ,OK,NO_IRQ,NO_IRQ","NONE,DELTA,NONE,NONE",
22.461400,2026-09-01T21:13:19.652+01:00,1135310,1567591,464,464,True,True,0x02,"NO_IRQ,OK,NO_IRQ,NO_IRQ","NONE,DELTA,NONE,NONE",
22.465501,2026-09-01T21:13:19.659+01:00,1135774,1567592,492,492,True,True,0x02,"NO_IRQ,OK,NO_IRQ,NO_IRQ","NONE,DELTA,NONE,NONE",
22.470257,2026-09-01T21:13:19.663+01:00,1136266,1567593,470,470,True,True,0x02,"NO_IRQ,OK,NO_IRQ,NO_IRQ","NONE,DELTA,NONE,NONE",
22.477896,2026-09-01T21:13:19.668+01:00,1136736,1567594,444,444,True,True,0x02,"NO_IRQ,OK,NO_IRQ,NO_IRQ","NONE,DELTA,NONE,NONE",
22.480196,2026-09-01T21:13:19.675+01:00,1137180,1567595,432,432,True,True,0x02,"NO_IRQ,OK,NO_IRQ,NO_IRQ","NONE,DELTA,NONE,NONE",
22.485416,2026-09-01T21:13:19.678+01:00,1137612,1567596,476,476,True,True,0x02,"NO_IRQ,OK,NO_IRQ,NO_IRQ","NONE,DELTA,NONE,NONE",
22.494321,2026-09-01T21:13:19.683+01:00,1138088,1567597,478,478,True,True,0x02,"NO_IRQ,OK,NO_IRQ,NO_IRQ","NONE,DELTA,NONE,NONE",
22.495208,2026-09-01T21:13:19.692+01:00,1138566,1567598,448,448,True,True,0x02,"NO_IRQ,OK,NO_IRQ,NO_IRQ","NONE,DELTA,NONE,NONE",
22.500120,2026-09-01T21:13:19.693+01:00,1139014,1567599,438,438,True,True,0x02,"NO_IRQ,OK,NO_IRQ,NO_IRQ","NONE,DELTA,NONE,NONE",
22.510280,2026-09-01T21:13:19.698+01:00,1139452,1567600,394,394,True,True,0x02,"NO_IRQ,OK,NO_IRQ,NO_IRQ","NONE,DELTA,NONE,NONE",
22.510993,2026-09-01T21:13:19.708+01:00,1139846,1567601,352,352,True,True,0x02,"NO_IRQ,OK,NO_IRQ,NO_IRQ","NONE,DELTA,NONE,NONE",
22.515432,2026-09-01T21:13:19.709+01:00,1140198,1567602,370,370,True,True,0x02,"NO_IRQ,OK,NO_IRQ,NO_IRQ","NONE,DELTA,NONE,NONE",
22.519851,2026-09-01T21:13:19.713+01:00,1140568,1567603,324,324,True,True,0x02,"NO_IRQ,OK,NO_IRQ,NO_IRQ","NONE,DELTA,NONE,NONE",
22.527863,2026-09-01T21:13:19.717+01:00,1140892,1567604,344,344,True,True,0x02,"NO_IRQ,OK,NO_IRQ,NO_IRQ","NONE,DELTA,NONE,NONE",
22.529715,2026-09-01T21:13:19.725+01:00,1141236,1567605,324,324,True,True,0x02,"NO_IRQ,OK,NO_IRQ,NO_IRQ","NONE,DELTA,NONE,NONE",
22.534707,2026-09-01T21:13:19.727+01:00,1141560,1567606,348,348,True,True,0x02,"NO_IRQ,OK,NO_IRQ,NO_IRQ","NONE,DELTA,NONE,NONE",
22.543842,2026-09-01T21:13:19.732+01:00,1141908,1567607,284,284,True,True,0x02,"NO_IRQ,OK,NO_IRQ,NO_IRQ","NONE,DELTA,NONE,NONE",
22.544821,2026-09-01T21:13:19.741+01:00,1142192,1567608,310,310,True,True,0x02,"NO_IRQ,OK,NO_IRQ,NO_IRQ","NONE,DELTA,NONE,NONE",
22.549934,2026-09-01T21:13:19.742+01:00,1142502,1567609,312,312,True,True,0x02,"NO_IRQ,OK,NO_IRQ,NO_IRQ","NONE,DELTA,NONE,NONE",
22.555185,2026-09-01T21:13:19.748+01:00,1142814,1567610,290,290,True,True,0x02,"NO_IRQ,OK,NO_IRQ,NO_IRQ","NONE,DELTA,NONE,NONE",
22.559444,2026-09-01T21:13:19.754+01:00,1143104,1567611,266,266,True,True,0x02,"NO_IRQ,OK,NO_IRQ,NO_IRQ","NONE,DELTA,NONE,NONE",
22.564533,2026-09-01T21:13:19.757+01:00,1143370,1567612,268,268,True,True,0x02,"NO_IRQ,OK,NO_IRQ,NO_IRQ","NONE,DELTA,NONE,NONE",
22.569585,2026-09-01T21:13:19.762+01:00,1143638,1567613,258,258,True,True,0x02,"NO_IRQ,OK,NO_IRQ,NO_IRQ","NONE,DELTA,NONE,NONE",
22.580843,2026-09-01T21:13:19.767+01:00,1143896,1567614,260,260,True,True,0x02,"NO_IRQ,OK,NO_IRQ,NO_IRQ","NONE,DELTA,NONE,NONE",
22.581487,2026-09-01T21:13:19.778+01:00,1144156,1567615,284,284,True,True,0x02,"NO_IRQ,OK,NO_IRQ,NO_IRQ","NONE,DELTA,NONE,NONE",
22.593296,2026-09-01T21:13:19.779+01:00,1144440,1567616,260,260,True,True,0x02,"NO_IRQ,OK,NO_IRQ,NO_IRQ","NONE,DELTA,NONE,NONE",
22.594145,2026-09-01T21:13:19.791+01:00,1144700,1567617,248,248,True,True,0x02,"NO_IRQ,OK,NO_IRQ,NO_IRQ","NONE,DELTA,NONE,NONE",
22.594742,2026-09-01T21:13:19.792+01:00,1144948,1567618,238,238,True,True,0x02,"NO_IRQ,OK,NO_IRQ,NO_IRQ","NONE,DELTA,NONE,NONE",
22.599326,2026-09-01T21:13:19.792+01:00,1145186,1567619,222,222,True,True,0x02,"NO_IRQ,OK,NO_IRQ,NO_IRQ","NONE,DELTA,NONE,NONE",
22.609740,2026-09-01T21:13:19.797+01:00,1145408,1567620,230,230,True,True,0x02,"NO_IRQ,OK,NO_IRQ,NO_IRQ","NONE,DELTA,NONE,NONE",
22.610336,2026-09-01T21:13:19.807+01:00,1145638,1567621,252,252,True,True,0x02,"NO_IRQ,OK,NO_IRQ,NO_IRQ","NONE,DELTA,NONE,NONE",
22.614667,2026-09-01T21:13:19.808+01:00,1145890,1567622,266,266,True,True,0x02,"NO_IRQ,OK,NO_IRQ,NO_IRQ","NONE,DELTA,NONE,NONE",
22.619611,2026-09-01T21:13:19.812+01:00,1146156,1567623,240,240,True,True,0x02,"NO_IRQ,OK,NO_IRQ,NO_IRQ","NONE,DELTA,NONE,NONE",
22.626218,2026-09-01T21:13:19.817+01:00,1146396,1567624,248,248,True,True,0x02,"NO_IRQ,OK,NO_IRQ,NO_IRQ","NONE,DELTA,NONE,NONE",
22.629903,2026-09-01T21:13:19.824+01:00,1146644,1567625,224,224,True,True,0x02,"NO_IRQ,OK,NO_IRQ,NO_IRQ","NONE,DELTA,NONE,NONE",
22.634369,2026-09-01T21:13:19.827+01:00,1146868,1567626,194,194,True,True,0x02,"NO_IRQ,OK,NO_IRQ,NO_IRQ","NONE,DELTA,NONE,NONE",
22.642469,2026-09-01T21:13:19.832+01:00,1147062,1567627,220,220,True,True,0x02,"NO_IRQ,OK,NO_IRQ,NO_IRQ","NONE,DELTA,NONE,NONE",
22.644282,2026-09-01T21:13:19.840+01:00,1147282,1567628,230,230,True,True,0x02,"NO_IRQ,OK,NO_IRQ,NO_IRQ","NONE,DELTA,NONE,NONE",
22.649735,2026-09-01T21:13:19.842+01:00,1147512,1567629,250,250,True,True,0x02,"NO_IRQ,OK,NO_IRQ,NO_IRQ","NONE,DELTA,NONE,NONE",
22.654069,2026-09-01T21:13:19.847+01:00,1147762,1567630,208,208,True,True,0x02,"NO_IRQ,OK,NO_IRQ,NO_IRQ","NONE,DELTA,NONE,NONE",
22.659126,2026-09-01T21:13:19.853+01:00,1147970,1567631,228,228,True,True,0x02,"NO_IRQ,OK,NO_IRQ,NO_IRQ","NONE,DELTA,NONE,NONE",
22.664420,2026-09-01T21:13:19.857+01:00,1148198,1567632,220,220,True,True,0x02,"NO_IRQ,OK,NO_IRQ,NO_IRQ","NONE,DELTA,NONE,NONE",
22.673885,2026-09-01T21:13:19.862+01:00,1148418,1567633,214,214,True,True,0x02,"NO_IRQ,OK,NO_IRQ,NO_IRQ","NONE,DELTA,NONE,NONE",
22.674898,2026-09-01T21:13:19.872+01:00,1148632,1567634,192,192,True,True,0x02,"NO_IRQ,OK,NO_IRQ,NO_IRQ","NONE,DELTA,NONE,NONE",
22.679581,2026-09-01T21:13:19.872+01:00,1148824,1567635,212,212,True,True,0x02,"NO_IRQ,OK,NO_IRQ,NO_IRQ","NONE,DELTA,NONE,NONE",
22.689883,2026-09-01T21:13:19.877+01:00,1149036,1567636,230,230,True,True,0x02,"NO_IRQ,OK,NO_IRQ,NO_IRQ","NONE,DELTA,NONE,NONE",
22.690672,2026-09-01T21:13:19.887+01:00,1149266,1567637,186,186,True,True,0x02,"NO_IRQ,OK,NO_IRQ,NO_IRQ","NONE,DELTA,NONE,NONE",
22.694326,2026-09-01T21:13:19.888+01:00,1149452,1567638,206,206,True,True,0x02,"NO_IRQ,OK,NO_IRQ,NO_IRQ","NONE,DELTA,NONE,NONE",
22.699177,2026-09-01T21:13:19.892+01:00,1149658,1567639,190,190,True,True,0x02,"NO_IRQ,OK,NO_IRQ,NO_IRQ","NONE,DELTA,NONE,NONE",
22.706156,2026-09-01T21:13:19.897+01:00,1149848,1567640,188,188,True,True,0x02,"NO_IRQ,OK,NO_IRQ,NO_IRQ","NONE,DELTA,NONE,NONE",
22.710035,2026-09-01T21:13:19.904+01:00,1150036,1567641,228,228,True,True,0x02,"NO_IRQ,OK,NO_IRQ,NO_IRQ","NONE,DELTA,NONE,NONE",
22.714260,2026-09-01T21:13:19.908+01:00,1150264,1567642,198,198,True,True,0x02,"NO_IRQ,OK,NO_IRQ,NO_IRQ","NONE,DELTA,NONE,NONE",
22.719344,2026-09-01T21:13:19.912+01:00,1150462,1567643,186,186,True,True,0x02,"NO_IRQ,OK,NO_IRQ,NO_IRQ","NONE,DELTA,NONE,NONE",
22.725865,2026-09-01T21:13:19.917+01:00,1150648,1567644,204,204,True,True,0x02,"NO_IRQ,OK,NO_IRQ,NO_IRQ","NONE,DELTA,NONE,NONE",
22.728940,2026-09-01T21:13:19.923+01:00,1150852,1567645,200,200,True,True,0x02,"NO_IRQ,OK,NO_IRQ,NO_IRQ","NONE,DELTA,NONE,NONE",
22.734042,2026-09-01T21:13:19.926+01:00,1151052,1567646,184,184,True,True,0x02,"NO_IRQ,OK,NO_IRQ,NO_IRQ","NONE,DELTA,NONE,NONE",
22.748435,2026-09-01T21:13:19.932+01:00,1151236,1567647,162,162,True,True,0x02,"NO_IRQ,OK,NO_IRQ,NO_IRQ","NONE,DELTA,NONE,NONE",
22.749154,2026-09-01T21:13:19.946+01:00,1151398,1567648,230,230,True,True,0x02,"NO_IRQ,OK,NO_IRQ,NO_IRQ","NONE,DELTA,NONE,NONE",
22.749958,2026-09-01T21:13:19.947+01:00,1151628,1567649,228,228,True,True,0x02,"NO_IRQ,OK,NO_IRQ,NO_IRQ","NONE,DELTA,NONE,NONE",
22.754385,2026-09-01T21:13:19.947+01:00,1151856,1567650,216,216,True,True,0x02,"NO_IRQ,OK,NO_IRQ,NO_IRQ","NONE,DELTA,NONE,NONE",
22.764411,2026-09-01T21:13:19.952+01:00,1152072,1567651,200,200,True,True,0x02,"NO_IRQ,OK,NO_IRQ,NO_IRQ","NONE,DELTA,NONE,NONE",
22.765488,2026-09-01T21:13:19.962+01:00,1152272,1567652,212,212,True,True,0x02,"NO_IRQ,OK,NO_IRQ,NO_IRQ","NONE,DELTA,NONE,NONE",
22.769072,2026-09-01T21:13:19.963+01:00,1152484,1567653,214,214,True,True,0x02,"NO_IRQ,OK,NO_IRQ,NO_IRQ","NONE,DELTA,NONE,NONE",
22.773877,2026-09-01T21:13:19.967+01:00,1152698,1567654,190,190,True,True,0x02,"NO_IRQ,OK,NO_IRQ,NO_IRQ","NONE,DELTA,NONE,NONE",
22.780773,2026-09-01T21:13:19.971+01:00,1152888,1567655,184,184,True,True,0x02,"NO_IRQ,OK,NO_IRQ,NO_IRQ","NONE,DELTA,NONE,NONE",
22.784370,2026-09-01T21:13:19.978+01:00,1153072,1567656,176,176,True,True,0x02,"NO_IRQ,OK,NO_IRQ,NO_IRQ","NONE,DELTA,NONE,NONE",
22.789176,2026-09-01T21:13:19.982+01:00,1153248,1567657,192,192,True,True,0x02,"NO_IRQ,OK,NO_IRQ,NO_IRQ","NONE,DELTA,NONE,NONE",
22.797225,2026-09-01T21:13:19.987+01:00,1153440,1567658,194,194,True,True,0x02,"NO_IRQ,OK,NO_IRQ,NO_IRQ","NONE,DELTA,NONE,NONE",
22.799162,2026-09-01T21:13:19.995+01:00,1153634,1567659,206,206,True,True,0x02,"NO_IRQ,OK,NO_IRQ,NO_IRQ","NONE,DELTA,NONE,NONE",
22.804189,2026-09-01T21:13:19.997+01:00,1153840,1567660,208,208,True,True,0x02,"NO_IRQ,OK,NO_IRQ,NO_IRQ","NONE,DELTA,NONE,NONE",
22.812913,2026-09-01T21:13:20.002+01:00,1154048,1567661,194,194,True,True,0x02,"NO_IRQ,OK,NO_IRQ,NO_IRQ","NONE,DELTA,NONE,NONE",
22.814270,2026-09-01T21:13:20.010+01:00,1154242,1567662,212,212,True,True,0x02,"NO_IRQ,OK,NO_IRQ,NO_IRQ","NONE,DELTA,NONE,NONE",
22.819423,2026-09-01T21:13:20.012+01:00,1154454,1567663,202,202,True,True,0x02,"NO_IRQ,OK,NO_IRQ,NO_IRQ","NONE,DELTA,NONE,NONE",
22.829217,2026-09-01T21:13:20.017+01:00,1154656,1567664,184,184,True,True,0x02,"NO_IRQ,OK,NO_IRQ,NO_IRQ","NONE,DELTA,NONE,NONE",
22.830194,2026-09-01T21:13:20.027+01:00,1154840,1567665,186,186,True,True,0x02,"NO_IRQ,OK,NO_IRQ,NO_IRQ","NONE,DELTA,NONE,NONE",
22.834024,2026-09-01T21:13:20.028+01:00,1155026,1567666,186,186,True,True,0x02,"NO_IRQ,OK,NO_IRQ,NO_IRQ","NONE,DELTA,NONE,NONE",
22.838759,2026-09-01T21:13:20.032+01:00,1155212,1567667,208,208,True,True,0x02,"NO_IRQ,OK,NO_IRQ,NO_IRQ","NONE,DELTA,NONE,NONE",
22.845166,2026-09-01T21:13:20.036+01:00,1155420,1567668,186,186,True,True,0x02,"NO_IRQ,OK,NO_IRQ,NO_IRQ","NONE,DELTA,NONE,NONE",
22.849100,2026-09-01T21:13:20.043+01:00,1155606,1567669,212,212,True,True,0x02,"NO_IRQ,OK,NO_IRQ,NO_IRQ","NONE,DELTA,NONE,NONE",
22.854197,2026-09-01T21:13:20.047+01:00,1155818,1567670,1084,1084,True,True,0x02,"NO_IRQ,OK,NO_IRQ,NO_IRQ","NONE,DELTA_SYNC,NONE,NONE",
22.860453,2026-09-01T21:13:20.052+01:00,1156902,1567671,254,254,True,True,0x02,"NO_IRQ,OK,NO_IRQ,NO_IRQ","NONE,DELTA,NONE,NONE",
22.865051,2026-09-01T21:13:20.058+01:00,1157156,1567672,264,264,True,True,0x02,"NO_IRQ,OK,NO_IRQ,NO_IRQ","NONE,DELTA,NONE,NONE",
22.869095,2026-09-01T21:13:20.063+01:00,1157420,1567673,198,198,True,True,0x02,"NO_IRQ,OK,NO_IRQ,NO_IRQ","NONE,DELTA,NONE,NONE",
22.874611,2026-09-01T21:13:20.067+01:00,1157618,1567674,208,208,True,True,0x02,"NO_IRQ,OK,NO_IRQ,NO_IRQ","NONE,DELTA,NONE,NONE",
22.879139,2026-09-01T21:13:20.072+01:00,1157826,1567675,198,198,True,True,0x02,"NO_IRQ,OK,NO_IRQ,NO_IRQ","NONE,DELTA,NONE,NONE",
22.883768,2026-09-01T21:13:20.077+01:00,1158024,1567676,196,196,True,True,0x02,"NO_IRQ,OK,NO_IRQ,NO_IRQ","NONE,DELTA,NONE,NONE",
22.888676,2026-09-01T21:13:20.081+01:00,1158220,1567677,192,192,True,True,0x02,"NO_IRQ,OK,NO_IRQ,NO_IRQ","NONE,DELTA,NONE,NONE",
22.898946,2026-09-01T21:13:20.086+01:00,1158412,1567678,210,210,True,True,0x02,"NO_IRQ,OK,NO_IRQ,NO_IRQ","NONE,DELTA,NONE,NONE",
22.899278,2026-09-01T21:13:20.096+01:00,1158622,1567679,192,192,True,True,0x02,"NO_IRQ,OK,NO_IRQ,NO_IRQ","NONE,DELTA,NONE,NONE",
22.912370,2026-09-01T21:13:20.097+01:00,1158814,1567680,214,214,True,True,0x02,"NO_IRQ,OK,NO_IRQ,NO_IRQ","NONE,DELTA,NONE,NONE",
22.913036,2026-09-01T21:13:20.110+01:00,1159028,1567681,200,200,True,True,0x02,"NO_IRQ,OK,NO_IRQ,NO_IRQ","NONE,DELTA,NONE,NONE",
22.913602,2026-09-01T21:13:20.110+01:00,1159228,1567682,206,206,True,True,0x02,"NO_IRQ,OK,NO_IRQ,NO_IRQ","NONE,DELTA,NONE,NONE",
22.919676,2026-09-01T21:13:20.111+01:00,1159434,1567683,192,192,True,True,0x02,"NO_IRQ,OK,NO_IRQ,NO_IRQ","NONE,DELTA,NONE,NONE",
22.930628,2026-09-01T21:13:20.117+01:00,1159626,1567684,178,178,True,True,0x02,"NO_IRQ,OK,NO_IRQ,NO_IRQ","NONE,DELTA,NONE,NONE",
22.931488,2026-09-01T21:13:20.128+01:00,1159804,1567685,226,226,True,True,0x02,"NO_IRQ,OK,NO_IRQ,NO_IRQ","NONE,DELTA,NONE,NONE",
22.933929,2026-09-01T21:13:20.129+01:00,1160030,1567686,224,224,True,True,0x02,"NO_IRQ,OK,NO_IRQ,NO_IRQ","NONE,DELTA,NONE,NONE",
22.938724,2026-09-01T21:13:20.131+01:00,1160254,1567687,204,204,True,True,0x02,"NO_IRQ,OK,NO_IRQ,NO_IRQ","NONE,DELTA,NONE,NONE",
22.947723,2026-09-01T21:13:20.136+01:00,1160458,1567688,184,184,True,True,0x02,"NO_IRQ,OK,NO_IRQ,NO_IRQ","NONE,DELTA,NONE,NONE",
22.949121,2026-09-01T21:13:20.146+01:00,1160642,1567689,194,194,True,True,0x02,"NO_IRQ,OK,NO_IRQ,NO_IRQ","NONE,DELTA,NONE,NONE",
22.953710,2026-09-01T21:13:20.147+01:00,1160836,1567690,168,168,True,True,0x02,"NO_IRQ,OK,NO_IRQ,NO_IRQ","NONE,DELTA,NONE,NONE",
22.963321,2026-09-01T21:13:20.151+01:00,1161004,1567691,200,200,True,True,0x02,"NO_IRQ,OK,NO_IRQ,NO_IRQ","NONE,DELTA,NONE,NONE",
22.964739,2026-09-01T21:13:20.161+01:00,1161204,1567692,206,206,True,True,0x02,"NO_IRQ,OK,NO_IRQ,NO_IRQ","NONE,DELTA,NONE,NONE",
22.968897,2026-09-01T21:13:20.162+01:00,1161410,1567693,208,208,True,True,0x02,"NO_IRQ,OK,NO_IRQ,NO_IRQ","NONE,DELTA,NONE,NONE",
22.973483,2026-09-01T21:13:20.166+01:00,1161618,1567694,194,194,True,True,0x02,"NO_IRQ,OK,NO_IRQ,NO_IRQ","NONE,DELTA,NONE,NONE",
22.979906,2026-09-01T21:13:20.172+01:00,1161812,1567695,196,196,True,True,0x02,"NO_IRQ,OK,NO_IRQ,NO_IRQ","NONE,DELTA,NONE,NONE",
22.983765,2026-09-01T21:13:20.178+01:00,1162008,1567696,212,212,True,True,0x02,"NO_IRQ,OK,NO_IRQ,NO_IRQ","NONE,DELTA,NONE,NONE",
22.988622,2026-09-01T21:13:20.181+01:00,1162220,1567697,200,200,True,True,0x02,"NO_IRQ,OK,NO_IRQ,NO_IRQ","NONE,DELTA,NONE,NONE",
22.995597,2026-09-01T21:13:20.186+01:00,1162420,1567698,202,202,True,True,0x02,"NO_IRQ,OK,NO_IRQ,NO_IRQ","NONE,DELTA,NONE,NONE",
22.998748,2026-09-01T21:13:20.193+01:00,1162622,1567699,198,198,True,True,0x02,"NO_IRQ,OK,NO_IRQ,NO_IRQ","NONE,DELTA,NONE,NONE",
23.003559,2026-09-01T21:13:20.196+01:00,1162820,1567700,162,162,True,True,0x02,"NO_IRQ,OK,NO_IRQ,NO_IRQ","NONE,DELTA,NONE,NONE",
23.011050,2026-09-01T21:13:20.201+01:00,1162982,1567701,178,178,True,True,0x02,"NO_IRQ,OK,NO_IRQ,NO_IRQ","NONE,DELTA,NONE,NONE",
23.013923,2026-09-01T21:13:20.209+01:00,1163160,1567702,202,202,True,True,0x02,"NO_IRQ,OK,NO_IRQ,NO_IRQ","NONE,DELTA,NONE,NONE",
23.018866,2026-09-01T21:13:20.211+01:00,1163362,1567703,202,202,True,True,0x02,"NO_IRQ,OK,NO_IRQ,NO_IRQ","NONE,DELTA,NONE,NONE",
23.028622,2026-09-01T21:13:20.217+01:00,1163564,1567704,204,204,True,True,0x02,"NO_IRQ,OK,NO_IRQ,NO_IRQ","NONE,DELTA,NONE,NONE",
23.029337,2026-09-01T21:13:20.226+01:00,1163768,1567705,180,180,True,True,0x02,"NO_IRQ,OK,NO_IRQ,NO_IRQ","NONE,DELTA,NONE,NONE",
23.033817,2026-09-01T21:13:20.227+01:00,1163948,1567706,222,222,True,True,0x02,"NO_IRQ,OK,NO_IRQ,NO_IRQ","NONE,DELTA,NONE,NONE",
23.038395,2026-09-01T21:13:20.232+01:00,1164170,1567707,174,174,True,True,0x02,"NO_IRQ,OK,NO_IRQ,NO_IRQ","NONE,DELTA,NONE,NONE",
23.044127,2026-09-01T21:13:20.236+01:00,1164344,1567708,218,218,True,True,0x02,"NO_IRQ,OK,NO_IRQ,NO_IRQ","NONE,DELTA,NONE,NONE",
23.048427,2026-09-01T21:13:20.242+01:00,1164562,1567709,224,224,True,True,0x02,"NO_IRQ,OK,NO_IRQ,NO_IRQ","NONE,DELTA,NONE,NONE",
23.053446,2026-09-01T21:13:20.246+01:00,1164786,1567710,216,216,True,True,0x02,"NO_IRQ,OK,NO_IRQ,NO_IRQ","NONE,DELTA,NONE,NONE",
23.068315,2026-09-01T21:13:20.251+01:00,1165002,1567711,192,192,True,True,0x02,"NO_IRQ,OK,NO_IRQ,NO_IRQ","NONE,DELTA,NONE,NONE",
23.069285,2026-09-01T21:13:20.266+01:00,1165194,1567712,198,198,True,True,0x02,"NO_IRQ,OK,NO_IRQ,NO_IRQ","NONE,DELTA,NONE,NONE",
23.069965,2026-09-01T21:13:20.267+01:00,1165392,1567713,236,236,True,True,0x02,"NO_IRQ,OK,NO_IRQ,NO_IRQ","NONE,DELTA,NONE,NONE",
23.073531,2026-09-01T21:13:20.267+01:00,1165628,1567714,202,202,True,True,0x02,"NO_IRQ,OK,NO_IRQ,NO_IRQ","NONE,DELTA,NONE,NONE",
23.084937,2026-09-01T21:13:20.271+01:00,1165830,1567715,206,206,True,True,0x02,"NO_IRQ,OK,NO_IRQ,NO_IRQ","NONE,DELTA,NONE,NONE",
23.085689,2026-09-01T21:13:20.283+01:00,1166036,1567716,202,202,True,True,0x02,"NO_IRQ,OK,NO_IRQ,NO_IRQ","NONE,DELTA,NONE,NONE",
23.088544,2026-09-01T21:13:20.283+01:00,1166238,1567717,204,204,True,True,0x02,"NO_IRQ,OK,NO_IRQ,NO_IRQ","NONE,DELTA,NONE,NONE",
23.093370,2026-09-01T21:13:20.286+01:00,1166442,1567718,200,200,True,True,0x02,"NO_IRQ,OK,NO_IRQ,NO_IRQ","NONE,DELTA,NONE,NONE",
23.101011,2026-09-01T21:13:20.291+01:00,1166642,1567719,188,188,True,True,0x02,"NO_IRQ,OK,NO_IRQ,NO_IRQ","NONE,DELTA,NONE,NONE",
23.103499,2026-09-01T21:13:20.299+01:00,1166830,1567720,154,154,True,True,0x02,"NO_IRQ,OK,NO_IRQ,NO_IRQ","NONE,DELTA,NONE,NONE",
23.108246,2026-09-01T21:13:20.301+01:00,1166984,1567721,198,198,True,True,0x02,"NO_IRQ,OK,NO_IRQ,NO_IRQ","NONE,DELTA,NONE,NONE",
23.118379,2026-09-01T21:13:20.306+01:00,1167182,1567722,192,192,True,True,0x02,"NO_IRQ,OK,NO_IRQ,NO_IRQ","NONE,DELTA,NONE,NONE",
23.119003,2026-09-01T21:13:20.316+01:00,1167374,1567723,180,180,True,True,0x02,"NO_IRQ,OK,NO_IRQ,NO_IRQ","NONE,DELTA,NONE,NONE",
23.124021,2026-09-01T21:13:20.317+01:00,1167554,1567724,194,194,True,True,0x02,"NO_IRQ,OK,NO_IRQ,NO_IRQ","NONE,DELTA,NONE,NONE",
23.134820,2026-09-01T21:13:20.322+01:00,1167748,1567725,208,208,True,True,0x02,"NO_IRQ,OK,NO_IRQ,NO_IRQ","NONE,DELTA,NONE,NONE",
23.135468,2026-09-01T21:13:20.332+01:00,1167956,1567726,210,210,True,True,0x02,"NO_IRQ,OK,NO_IRQ,NO_IRQ","NONE,DELTA,NONE,NONE",
23.138618,2026-09-01T21:13:20.333+01:00,1168166,1567727,232,232,True,True,0x02,"NO_IRQ,OK,NO_IRQ,NO_IRQ","NONE,DELTA,NONE,NONE",
23.143457,2026-09-01T21:13:20.336+01:00,1168398,1567728,202,202,True,True,0x02,"NO_IRQ,OK,NO_IRQ,NO_IRQ","NONE,DELTA,NONE,NONE",
23.150611,2026-09-01T21:13:20.341+01:00,1168600,1567729,186,186,True,True,0x02,"NO_IRQ,OK,NO_IRQ,NO_IRQ","NONE,DELTA,NONE,NONE",
23.153409,2026-09-01T21:13:20.348+01:00,1168786,1567730,194,194,True,True,0x02,"NO_IRQ,OK,NO_IRQ,NO_IRQ","NONE,DELTA,NONE,NONE",
23.158209,2026-09-01T21:13:20.351+01:00,1168980,1567731,192,192,True,True,0x02,"NO_IRQ,OK,NO_IRQ,NO_IRQ","NONE,DELTA,NONE,NONE",
23.166133,2026-09-01T21:13:20.356+01:00,1169172,1567732,192,192,True,True,0x02,"NO_IRQ,OK,NO_IRQ,NO_IRQ","NONE,DELTA,NONE,NONE",
23.168436,2026-09-01T21:13:20.364+01:00,1169364,1567733,204,204,True,True,0x02,"NO_IRQ,OK,NO_IRQ,NO_IRQ","NONE,DELTA,NONE,NONE",
23.173512,2026-09-01T21:13:20.366+01:00,1169568,1567734,168,168,True,True,0x02,"NO_IRQ,OK,NO_IRQ,NO_IRQ","NONE,DELTA,NONE,NONE",
23.182622,2026-09-01T21:13:20.371+01:00,1169736,1567735,214,214,True,True,0x02,"NO_IRQ,OK,NO_IRQ,NO_IRQ","NONE,DELTA,NONE,NONE",
23.183547,2026-09-01T21:13:20.380+01:00,1169950,1567736,188,188,True,True,0x02,"NO_IRQ,OK,NO_IRQ,NO_IRQ","NONE,DELTA,NONE,NONE",
23.188390,2026-09-01T21:13:20.381+01:00,1170138,1567737,196,196,True,True,0x02,"NO_IRQ,OK,NO_IRQ,NO_IRQ","NONE,DELTA,NONE,NONE",
23.193857,2026-09-01T21:13:20.386+01:00,1170334,1567738,172,172,True,True,0x02,"NO_IRQ,OK,NO_IRQ,NO_IRQ","NONE,DELTA,NONE,NONE",
23.198250,2026-09-01T21:13:20.391+01:00,1170506,1567739,212,212,True,True,0x02,"NO_IRQ,OK,NO_IRQ,NO_IRQ","NONE,DELTA,NONE,NONE",
23.203233,2026-09-01T21:13:20.396+01:00,1170718,1567740,174,174,True,True,0x02,"NO_IRQ,OK,NO_IRQ,NO_IRQ","NONE,DELTA,NONE,NONE",
23.208105,2026-09-01T21:13:20.401+01:00,1170892,1567741,212,212,True,True,0x02,"NO_IRQ,OK,NO_IRQ,NO_IRQ","NONE,DELTA,NONE,NONE",
23.219199,2026-09-01T21:13:20.406+01:00,1171104,1567742,202,202,True,True,0x02,"NO_IRQ,OK,NO_IRQ,NO_IRQ","NONE,DELTA,NONE,NONE",
23.219556,2026-09-01T21:13:20.417+01:00,1171306,1567743,190,190,True,True,0x02,"NO_IRQ,OK,NO_IRQ,NO_IRQ","NONE,DELTA,NONE,NONE",
23.232109,2026-09-01T21:13:20.417+01:00,1171496,1567744,202,202,True,True,0x02,"NO_IRQ,OK,NO_IRQ,NO_IRQ","NONE,DELTA,NONE,NONE",
23.233119,2026-09-01T21:13:20.430+01:00,1171698,1567745,178,178,True,True,0x02,"NO_IRQ,OK,NO_IRQ,NO_IRQ","NONE,DELTA,NONE,NONE",
23.233763,2026-09-01T21:13:20.431+01:00,1171876,1567746,192,192,True,True,0x02,"NO_IRQ,OK,NO_IRQ,NO_IRQ","NONE,DELTA,NONE,NONE",
23.238399,2026-09-01T21:13:20.431+01:00,1172068,1567747,180,180,True,True,0x02,"NO_IRQ,OK,NO_IRQ,NO_IRQ","NONE,DELTA,NONE,NONE",
23.248757,2026-09-01T21:13:20.436+01:00,1172248,1567748,204,204,True,True,0x02,"NO_IRQ,OK,NO_IRQ,NO_IRQ","NONE,DELTA,NONE,NONE",
23.249661,2026-09-01T21:13:20.446+01:00,1172452,1567749,184,184,True,True,0x02,"NO_IRQ,OK,NO_IRQ,NO_IRQ","NONE,DELTA,NONE,NONE",
23.253308,2026-09-01T21:13:20.447+01:00,1172636,1567750,216,216,True,True,0x02,"NO_IRQ,OK,NO_IRQ,NO_IRQ","NONE,DELTA,NONE,NONE",
23.258189,2026-09-01T21:13:20.451+01:00,1172852,1567751,196,196,True,True,0x02,"NO_IRQ,OK,NO_IRQ,NO_IRQ","NONE,DELTA,NONE,NONE",
23.264730,2026-09-01T21:13:20.456+01:00,1173048,1567752,200,200,True,True,0x02,"NO_IRQ,OK,NO_IRQ,NO_IRQ","NONE,DELTA,NONE,NONE",
23.268559,2026-09-01T21:13:20.462+01:00,1173248,1567753,194,194,True,True,0x02,"NO_IRQ,OK,NO_IRQ,NO_IRQ","NONE,DELTA,NONE,NONE",
23.273041,2026-09-01T21:13:20.466+01:00,1173442,1567754,170,170,True,True,0x02,"NO_IRQ,OK,NO_IRQ,NO_IRQ","NONE,DELTA,NONE,NONE",
23.281037,2026-09-01T21:13:20.471+01:00,1173612,1567755,164,164,True,True,0x02,"NO_IRQ,OK,NO_IRQ,NO_IRQ","NONE,DELTA,NONE,NONE",
23.283319,2026-09-01T21:13:20.479+01:00,1173776,1567756,190,190,True,True,0x02,"NO_IRQ,OK,NO_IRQ,NO_IRQ","NONE,DELTA,NONE,NONE",
23.288215,2026-09-01T21:13:20.481+01:00,1173966,1567757,180,180,True,True,0x02,"NO_IRQ,OK,NO_IRQ,NO_IRQ","NONE,DELTA,NONE,NONE",
23.299013,2026-09-01T21:13:20.486+01:00,1174146,1567758,162,162,True,True,0x02,"NO_IRQ,OK,NO_IRQ,NO_IRQ","NONE,DELTA,NONE,NONE",
23.299361,2026-09-01T21:13:20.497+01:00,1174308,1567759,206,206,True,True,0x02,"NO_IRQ,OK,NO_IRQ,NO_IRQ","NONE,DELTA,NONE,NONE",
23.303107,2026-09-01T21:13:20.497+01:00,1174514,1567760,174,174,True,True,0x02,"NO_IRQ,OK,NO_IRQ,NO_IRQ","NONE,DELTA,NONE,NONE",
23.308140,2026-09-01T21:13:20.501+01:00,1174688,1567761,194,194,True,True,0x02,"NO_IRQ,OK,NO_IRQ,NO_IRQ","NONE,DELTA,NONE,NONE",
23.315152,2026-09-01T21:13:20.506+01:00,1174882,1567762,196,196,True,True,0x02,"NO_IRQ,OK,NO_IRQ,NO_IRQ","NONE,DELTA,NONE,NONE",
23.318095,2026-09-01T21:13:20.513+01:00,1175078,1567763,202,202,True,True,0x02,"NO_IRQ,OK,NO_IRQ,NO_IRQ","NONE,DELTA,NONE,NONE",
23.323049,2026-09-01T21:13:20.516+01:00,1175280,1567764,220,220,True,True,0x02,"NO_IRQ,OK,NO_IRQ,NO_IRQ","NONE,DELTA,NONE,NONE",
23.330931,2026-09-01T21:13:20.521+01:00,1175500,1567765,200,200,True,True,0x02,"NO_IRQ,OK,NO_IRQ,NO_IRQ","NONE,DELTA,NONE,NONE",
23.332939,2026-09-01T21:13:20.528+01:00,1175700,1567766,220,220,True,True,0x02,"NO_IRQ,OK,NO_IRQ,NO_IRQ","NONE,DELTA,NONE,NONE",
23.338085,2026-09-01T21:13:20.530+01:00,1175920,1567767,212,212,True,True,0x02,"NO_IRQ,OK,NO_IRQ,NO_IRQ","NONE,DELTA,NONE,NONE",
23.346611,2026-09-01T21:13:20.536+01:00,1176132,1567768,232,232,True,True,0x02,"NO_IRQ,OK,NO_IRQ,NO_IRQ","NONE,DELTA,NONE,NONE",
23.348313,2026-09-01T21:13:20.544+01:00,1176364,1567769,188,188,True,True,0x02,"NO_IRQ,OK,NO_IRQ,NO_IRQ","NONE,DELTA,NONE,NONE",
23.353003,2026-09-01T21:13:20.546+01:00,1176552,1567770,218,218,True,True,0x02,"NO_IRQ,OK,NO_IRQ,NO_IRQ","NONE,DELTA,NONE,NONE",
23.358108,2026-09-01T21:13:20.551+01:00,1176770,1567771,192,192,True,True,0x02,"NO_IRQ,OK,NO_IRQ,NO_IRQ","NONE,DELTA,NONE,NONE",
23.365240,2026-09-01T21:13:20.556+01:00,1176962,1567772,204,204,True,True,0x02,"NO_IRQ,OK,NO_IRQ,NO_IRQ","NONE,DELTA,NONE,NONE",
23.367696,2026-09-01T21:13:20.563+01:00,1177166,1567773,196,196,True,True,0x02,"NO_IRQ,OK,NO_IRQ,NO_IRQ","NONE,DELTA,NONE,NONE",
23.372570,2026-09-01T21:13:20.565+01:00,1177362,1567774,142,142,True,True,0x02,"NO_IRQ,OK,NO_IRQ,NO_IRQ","NONE,DELTA,NONE,NONE",
23.383264,2026-09-01T21:13:20.570+01:00,1177504,1567775,180,180,True,True,0x02,"NO_IRQ,OK,NO_IRQ,NO_IRQ","NONE,DELTA,NONE,NONE",
23.386557,2026-09-01T21:13:20.581+01:00,1177684,1567776,198,198,True,True,0x02,"NO_IRQ,OK,NO_IRQ,NO_IRQ","NONE,DELTA,NONE,NONE",
23.387983,2026-09-01T21:13:20.584+01:00,1177882,1567777,220,220,True,True,0x02,"NO_IRQ,OK,NO_IRQ,NO_IRQ","NONE,DELTA,NONE,NONE",
23.392913,2026-09-01T21:13:20.585+01:00,1178102,1567778,170,170,True,True,0x02,"NO_IRQ,OK,NO_IRQ,NO_IRQ","NONE,DELTA,NONE,NONE",
23.402201,2026-09-01T21:13:20.590+01:00,1178272,1567779,194,194,True,True,0x02,"NO_IRQ,OK,NO_IRQ,NO_IRQ","NONE,DELTA,NONE,NONE",
23.402941,2026-09-01T21:13:20.600+01:00,1178466,1567780,194,194,True,True,0x02,"NO_IRQ,OK,NO_IRQ,NO_IRQ","NONE,DELTA,NONE,NONE",
23.407927,2026-09-01T21:13:20.600+01:00,1178660,1567781,226,226,True,True,0x02,"NO_IRQ,OK,NO_IRQ,NO_IRQ","NONE,DELTA,NONE,NONE",
23.417683,2026-09-01T21:13:20.605+01:00,1178886,1567782,204,204,True,True,0x02,"NO_IRQ,OK,NO_IRQ,NO_IRQ","NONE,DELTA,NONE,NONE",
23.418319,2026-09-01T21:13:20.615+01:00,1179090,1567783,242,242,True,True,0x02,"NO_IRQ,OK,NO_IRQ,NO_IRQ","NONE,DELTA,NONE,NONE",
23.422869,2026-09-01T21:13:20.616+01:00,1179332,1567784,220,220,True,True,0x02,"NO_IRQ,OK,NO_IRQ,NO_IRQ","NONE,DELTA,NONE,NONE",
23.433255,2026-09-01T21:13:20.620+01:00,1179552,1567785,202,202,True,True,0x02,"NO_IRQ,OK,NO_IRQ,NO_IRQ","NONE,DELTA,NONE,NONE",
23.433938,2026-09-01T21:13:20.631+01:00,1179754,1567786,196,196,True,True,0x02,"NO_IRQ,OK,NO_IRQ,NO_IRQ","NONE,DELTA,NONE,NONE",
23.437781,2026-09-01T21:13:20.632+01:00,1179950,1567787,170,170,True,True,0x02,"NO_IRQ,OK,NO_IRQ,NO_IRQ","NONE,DELTA,NONE,NONE",
23.442660,2026-09-01T21:13:20.635+01:00,1180120,1567788,232,232,True,True,0x02,"NO_IRQ,OK,NO_IRQ,NO_IRQ","NONE,DELTA,NONE,NONE",
23.448193,2026-09-01T21:13:20.640+01:00,1180352,1567789,208,208,True,True,0x02,"NO_IRQ,OK,NO_IRQ,NO_IRQ","NONE,DELTA,NONE,NONE",
23.454154,2026-09-01T21:13:20.646+01:00,1180560,1567790,246,246,True,True,0x02,"NO_IRQ,OK,NO_IRQ,NO_IRQ","NONE,DELTA,NONE,NONE",
23.457847,2026-09-01T21:13:20.652+01:00,1180806,1567791,178,178,True,True,0x02,"NO_IRQ,OK,NO_IRQ,NO_IRQ","NONE,DELTA,NONE,NONE",
23.462541,2026-09-01T21:13:20.655+01:00,1180984,1567792,132,132,True,True,0x02,"NO_IRQ,OK,NO_IRQ,NO_IRQ","NONE,DELTA,NONE,NONE",
23.469815,2026-09-01T21:13:20.660+01:00,1181116,1567793,186,186,True,True,0x02,"NO_IRQ,OK,NO_IRQ,NO_IRQ","NONE,DELTA,NONE,NONE",
23.473181,2026-09-01T21:13:20.667+01:00,1181302,1567794,158,158,True,True,0x02,"NO_IRQ,OK,NO_IRQ,NO_IRQ","NONE,DELTA,NONE,NONE",
23.477601,2026-09-01T21:13:20.671+01:00,1181460,1567795,196,196,True,True,0x02,"NO_IRQ,OK,NO_IRQ,NO_IRQ","NONE,DELTA,NONE,NONE",
23.486503,2026-09-01T21:13:20.675+01:00,1181656,1567796,184,184,True,True,0x02,"NO_IRQ,OK,NO_IRQ,NO_IRQ","NONE,DELTA,NONE,NONE",
23.487709,2026-09-01T21:13:20.684+01:00,1181840,1567797,180,180,True,True,0x02,"NO_IRQ,OK,NO_IRQ,NO_IRQ","NONE,DELTA,NONE,NONE",
23.492714,2026-09-01T21:13:20.685+01:00,1182020,1567798,166,166,True,True,0x02,"NO_IRQ,OK,NO_IRQ,NO_IRQ","NONE,DELTA,NONE,NONE",
23.501942,2026-09-01T21:13:20.690+01:00,1182186,1567799,184,184,True,True,0x02,"NO_IRQ,OK,NO_IRQ,NO_IRQ","NONE,DELTA,NONE,NONE",
23.502650,2026-09-01T21:13:20.699+01:00,1182370,1567800,180,180,True,True,0x02,"NO_IRQ,OK,NO_IRQ,NO_IRQ","NONE,DELTA,NONE,NONE",
23.507733,2026-09-01T21:13:20.700+01:00,1182550,1567801,202,202,True,True,0x02,"NO_IRQ,OK,NO_IRQ,NO_IRQ","NONE,DELTA,NONE,NONE",
23.513031,2026-09-01T21:13:20.705+01:00,1182752,1567802,212,212,True,True,0x02,"NO_IRQ,OK,NO_IRQ,NO_IRQ","NONE,DELTA,NONE,NONE",
23.517459,2026-09-01T21:13:20.712+01:00,1182964,1567803,162,162,True,True,0x02,"NO_IRQ,OK,NO_IRQ,NO_IRQ","NONE,DELTA,NONE,NONE",
23.522465,2026-09-01T21:13:20.715+01:00,1183126,1567804,182,182,True,True,0x02,"NO_IRQ,OK,NO_IRQ,NO_IRQ","NONE,DELTA,NONE,NONE",
23.527433,2026-09-01T21:13:20.720+01:00,1183308,1567805,186,186,True,True,0x02,"NO_IRQ,OK,NO_IRQ,NO_IRQ","NONE,DELTA,NONE,NONE",
23.538392,2026-09-01T21:13:20.725+01:00,1183494,1567806,188,188,True,True,0x02,"NO_IRQ,OK,NO_IRQ,NO_IRQ","NONE,DELTA,NONE,NONE",
23.538776,2026-09-01T21:13:20.736+01:00,1183682,1567807,204,204,True,True,0x02,"NO_IRQ,OK,NO_IRQ,NO_IRQ","NONE,DELTA,NONE,NONE",
23.551628,2026-09-01T21:13:20.736+01:00,1183886,1567808,182,182,True,True,0x02,"NO_IRQ,OK,NO_IRQ,NO_IRQ","NONE,DELTA,NONE,NONE",
23.552471,2026-09-01T21:13:20.749+01:00,1184068,1567809,166,166,True,True,0x02,"NO_IRQ,OK,NO_IRQ,NO_IRQ","NONE,DELTA,NONE,NONE",
23.553083,2026-09-01T21:13:20.750+01:00,1184234,1567810,188,188,True,True,0x02,"NO_IRQ,OK,NO_IRQ,NO_IRQ","NONE,DELTA,NONE,NONE",
23.558020,2026-09-01T21:13:20.751+01:00,1184422,1567811,214,214,True,True,0x02,"NO_IRQ,OK,NO_IRQ,NO_IRQ","NONE,DELTA,NONE,NONE",
23.568614,2026-09-01T21:13:20.756+01:00,1184636,1567812,204,204,True,True,0x02,"NO_IRQ,OK,NO_IRQ,NO_IRQ","NONE,DELTA,NONE,NONE",
23.569318,2026-09-01T21:13:20.766+01:00,1184840,1567813,206,206,True,True,0x02,"NO_IRQ,OK,NO_IRQ,NO_IRQ","NONE,DELTA,NONE,NONE",
23.572781,2026-09-01T21:13:20.767+01:00,1185046,1567814,208,208,True,True,0x02,"NO_IRQ,OK,NO_IRQ,NO_IRQ","NONE,DELTA,NONE,NONE",
23.577476,2026-09-01T21:13:20.770+01:00,1185254,1567815,178,178,True,True,0x02,"NO_IRQ,OK,NO_IRQ,NO_IRQ","NONE,DELTA,NONE,NONE",
23.586509,2026-09-01T21:13:20.775+01:00,1185432,1567816,190,190,True,True,0x02,"NO_IRQ,OK,NO_IRQ,NO_IRQ","NONE,DELTA,NONE,NONE",
23.587716,2026-09-01T21:13:20.784+01:00,1185622,1567817,204,204,True,True,0x02,"NO_IRQ,OK,NO_IRQ,NO_IRQ","NONE,DELTA,NONE,NONE",
23.592724,2026-09-01T21:13:20.785+01:00,1185826,1567818,174,174,True,True,0x02,"NO_IRQ,OK,NO_IRQ,NO_IRQ","NONE,DELTA,NONE,NONE",
23.602559,2026-09-01T21:13:20.790+01:00,1186000,1567819,358,358,True,True,0x02,"NO_IRQ,OK,NO_IRQ,NO_IRQ","NONE,DELTA,NONE,NONE",
23.603265,2026-09-01T21:13:20.800+01:00,1186358,1567820,382,382,True,True,0x02,"NO_IRQ,OK,NO_IRQ,NO_IRQ","NONE,DELTA,NONE,NONE",
23.607658,2026-09-01T21:13:20.801+01:00,1186740,1567821,360,360,True,True,0x02,"NO_IRQ,OK,NO_IRQ,NO_IRQ","NONE,DELTA,NONE,NONE",
23.616399,2026-09-01T21:13:20.805+01:00,1187100,1567822,422,422,True,True,0x02,"NO_IRQ,OK,NO_IRQ,NO_IRQ","NONE,DELTA,NONE,NONE",
23.619684,2026-09-01T21:13:20.816+01:00,1187522,1567823,436,436,True,True,0x02,"NO_IRQ,OK,NO_IRQ,NO_IRQ","NONE,DELTA,NONE,NONE",
23.623141,2026-09-01T21:13:20.817+01:00,1187958,1567824,430,430,True,True,0x02,"NO_IRQ,OK,NO_IRQ,NO_IRQ","NONE,DELTA,NONE,NONE",
23.627759,2026-09-01T21:13:20.821+01:00,1188388,1567825,394,394,True,True,0x02,"NO_IRQ,OK,NO_IRQ,NO_IRQ","NONE,DELTA,NONE,NONE",
23.635307,2026-09-01T21:13:20.825+01:00,1188782,1567826,412,412,True,True,0x02,"NO_IRQ,OK,NO_IRQ,NO_IRQ","NONE,DELTA,NONE,NONE",
23.638486,2026-09-01T21:13:20.833+01:00,1189194,1567827,356,356,True,True,0x02,"NO_IRQ,OK,NO_IRQ,NO_IRQ","NONE,DELTA,NONE,NONE",
23.642779,2026-09-01T21:13:20.836+01:00,1189550,1567828,302,302,True,True,0x02,"NO_IRQ,OK,NO_IRQ,NO_IRQ","NONE,DELTA,NONE,NONE",
23.648911,2026-09-01T21:13:20.840+01:00,1189852,1567829,356,356,True,True,0x02,"NO_IRQ,OK,NO_IRQ,NO_IRQ","NONE,DELTA,NONE,NONE",
23.653647,2026-09-01T21:13:20.846+01:00,1190208,1567830,410,410,True,True,0x02,"NO_IRQ,OK,NO_IRQ,NO_IRQ","NONE,DELTA,NONE,NONE",
23.657573,2026-09-01T21:13:20.851+01:00,1190618,1567831,388,388,True,True,0x02,"NO_IRQ,OK,NO_IRQ,NO_IRQ","NONE,DELTA,NONE,NONE",
23.662721,2026-09-01T21:13:20.855+01:00,1191006,1567832,428,428,True,True,0x02,"NO_IRQ,OK,NO_IRQ,NO_IRQ","NONE,DELTA,NONE,NONE",
23.669543,2026-09-01T21:13:20.860+01:00,1191434,1567833,384,384,True,True,0x02,"NO_IRQ,OK,NO_IRQ,NO_IRQ","NONE,DELTA,NONE,NONE",
23.672763,2026-09-01T21:13:20.867+01:00,1191818,1567834,404,404,True,True,0x02,"NO_IRQ,OK,NO_IRQ,NO_IRQ","NONE,DELTA,NONE,NONE",
23.677666,2026-09-01T21:13:20.870+01:00,1192222,1567835,394,394,True,True,0x02,"NO_IRQ,OK,NO_IRQ,NO_IRQ","NONE,DELTA,NONE,NONE",
23.683328,2026-09-01T21:13:20.875+01:00,1192616,1567836,404,404,True,True,0x02,"NO_IRQ,OK,NO_IRQ,NO_IRQ","NONE,DELTA,NONE,NONE",
23.687949,2026-09-01T21:13:20.881+01:00,1193020,1567837,432,432,True,True,0x02,"NO_IRQ,OK,NO_IRQ,NO_IRQ","NONE,DELTA,NONE,NONE",
23.693104,2026-09-01T21:13:20.885+01:00,1193452,1567838,490,490,True,True,0x02,"NO_IRQ,OK,NO_IRQ,NO_IRQ","NONE,DELTA,NONE,NONE",
23.704244,2026-09-01T21:13:20.891+01:00,1193942,1567839,458,458,True,True,0x02,"NO_IRQ,OK,NO_IRQ,NO_IRQ","NONE,DELTA,NONE,NONE",
23.709377,2026-09-01T21:13:20.904+01:00,1194400,1567840,454,454,True,True,0x02,"NO_IRQ,OK,NO_IRQ,NO_IRQ","NONE,DELTA,NONE,NONE",
23.710033,2026-09-01T21:13:20.907+01:00,1194854,1567841,434,434,True,True,0x02,"NO_IRQ,OK,NO_IRQ,NO_IRQ","NONE,DELTA,NONE,NONE",
23.712657,2026-09-01T21:13:20.908+01:00,1195288,1567842,416,416,True,True,0x02,"NO_IRQ,OK,NO_IRQ,NO_IRQ","NONE,DELTA,NONE,NONE",
23.717635,2026-09-01T21:13:20.910+01:00,1195704,1567843,444,444,True,True,0x02,"NO_IRQ,OK,NO_IRQ,NO_IRQ","NONE,DELTA,NONE,NONE",
23.725530,2026-09-01T21:13:20.915+01:00,1196148,1567844,464,464,True,True,0x02,"NO_IRQ,OK,NO_IRQ,NO_IRQ","NONE,DELTA,NONE,NONE",
23.727609,2026-09-01T21:13:20.923+01:00,1196612,1567845,418,418,True,True,0x02,"NO_IRQ,OK,NO_IRQ,NO_IRQ","NONE,DELTA,NONE,NONE",
23.732666,2026-09-01T21:13:20.925+01:00,1197030,1567846,410,410,True,True,0x02,"NO_IRQ,OK,NO_IRQ,NO_IRQ","NONE,DELTA,NONE,NONE",
23.741632,2026-09-01T21:13:20.930+01:00,1197440,1567847,432,432,True,True,0x02,"NO_IRQ,OK,NO_IRQ,NO_IRQ","NONE,DELTA,NONE,NONE",
23.742646,2026-09-01T21:13:20.939+01:00,1197872,1567848,426,426,True,True,0x02,"NO_IRQ,OK,NO_IRQ,NO_IRQ","NONE,DELTA,NONE,NONE",
23.747840,2026-09-01T21:13:20.940+01:00,1198298,1567849,418,418,True,True,0x02,"NO_IRQ,OK,NO_IRQ,NO_IRQ","NONE,DELTA,NONE,NONE",
23.758296,2026-09-01T21:13:20.946+01:00,1198716,1567850,636,636,True,True,0x02,"NO_IRQ,OK,NO_IRQ,NO_IRQ","NONE,DELTA,NONE,NONE",
23.759007,2026-09-01T21:13:20.956+01:00,1199352,1567851,618,618,True,True,0x02,"NO_IRQ,OK,NO_IRQ,NO_IRQ","NONE,DELTA,NONE,NONE",
23.763639,2026-09-01T21:13:20.956+01:00,1199970,1567852,664,664,True,True,0x02,"NO_IRQ,OK,NO_IRQ,NO_IRQ","NONE,DELTA,NONE,NONE",
23.768020,2026-09-01T21:13:20.961+01:00,1200634,1567853,644,644,True,True,0x02,"NO_IRQ,OK,NO_IRQ,NO_IRQ","NONE,DELTA,NONE,NONE",
23.775083,2026-09-01T21:13:20.966+01:00,1201278,1567854,626,626,True,True,0x02,"NO_IRQ,OK,NO_IRQ,NO_IRQ","NONE,DELTA,NONE,NONE",
23.778052,2026-09-01T21:13:20.973+01:00,1201904,1567855,624,624,True,True,0x02,"NO_IRQ,OK,NO_IRQ,NO_IRQ","NONE,DELTA,NONE,NONE",
23.783031,2026-09-01T21:13:20.976+01:00,1202528,1567856,594,594,True,True,0x02,"NO_IRQ,OK,NO_IRQ,NO_IRQ","NONE,DELTA,NONE,NONE",
23.792140,2026-09-01T21:13:20.981+01:00,1203122,1567857,608,608,True,True,0x02,"NO_IRQ,OK,NO_IRQ,NO_IRQ","NONE,DELTA,NONE,NONE",
23.792852,2026-09-01T21:13:20.990+01:00,1203730,1567858,628,628,True,True,0x02,"NO_IRQ,OK,NO_IRQ,NO_IRQ","NONE,DELTA,NONE,NONE",
23.798123,2026-09-01T21:13:20.990+01:00,1204358,1567859,582,582,True,True,0x02,"NO_IRQ,OK,NO_IRQ,NO_IRQ","NONE,DELTA,NONE,NONE",
23.808012,2026-09-01T21:13:20.996+01:00,1204940,1567860,660,660,True,True,0x02,"NO_IRQ,OK,NO_IRQ,NO_IRQ","NONE,DELTA,NONE,NONE",
23.808931,2026-09-01T21:13:21.005+01:00,1205600,1567861,634,634,True,True,0x02,"NO_IRQ,OK,NO_IRQ,NO_IRQ","NONE,DELTA,NONE,NONE",
23.813056,2026-09-01T21:13:21.006+01:00,1206234,1567862,584,584,True,True,0x02,"NO_IRQ,OK,NO_IRQ,NO_IRQ","NONE,DELTA,NONE,NONE",
23.817850,2026-09-01T21:13:21.011+01:00,1206818,1567863,604,604,True,True,0x02,"NO_IRQ,OK,NO_IRQ,NO_IRQ","NONE,DELTA,NONE,NONE",
23.824422,2026-09-01T21:13:21.015+01:00,1207422,1567864,544,544,True,True,0x02,"NO_IRQ,OK,NO_IRQ,NO_IRQ","NONE,DELTA,NONE,NONE",
23.828279,2026-09-01T21:13:21.022+01:00,1207966,1567865,574,574,True,True,0x02,"NO_IRQ,OK,NO_IRQ,NO_IRQ","NONE,DELTA,NONE,NONE",
23.832980,2026-09-01T21:13:21.026+01:00,1208540,1567866,576,576,True,True,0x02,"NO_IRQ,OK,NO_IRQ,NO_IRQ","NONE,DELTA,NONE,NONE",
23.837889,2026-09-01T21:13:21.031+01:00,1209116,1567867,670,670,True,True,0x02,"NO_IRQ,OK,NO_IRQ,NO_IRQ","NONE,DELTA,NONE,NONE",
23.843637,2026-09-01T21:13:21.035+01:00,1209786,1567868,614,614,True,True,0x02,"NO_IRQ,OK,NO_IRQ,NO_IRQ","NONE,DELTA,NONE,NONE",
23.847979,2026-09-01T21:13:21.041+01:00,1210400,1567869,640,640,True,True,0x02,"NO_IRQ,OK,NO_IRQ,NO_IRQ","NONE,DELTA,NONE,NONE",
23.852648,2026-09-01T21:13:21.045+01:00,1211040,1567870,1084,1084,True,True,0x02,"NO_IRQ,OK,NO_IRQ,NO_IRQ","NONE,DELTA_SYNC,NONE,NONE",
23.863233,2026-09-01T21:13:21.050+01:00,1212124,1567871,678,678,True,True,0x02,"NO_IRQ,OK,NO_IRQ,NO_IRQ","NONE,DELTA,NONE,NONE",
23.863707,2026-09-01T21:13:21.061+01:00,1212802,1567872,574,574,True,True,0x02,"NO_IRQ,OK,NO_IRQ,NO_IRQ","NONE,DELTA,NONE,NONE",
23.876201,2026-09-01T21:13:21.061+01:00,1213376,1567873,618,618,True,True,0x02,"NO_IRQ,OK,NO_IRQ,NO_IRQ","NONE,DELTA,NONE,NONE",
23.876727,2026-09-01T21:13:21.074+01:00,1213994,1567874,706,706,True,True,0x02,"NO_IRQ,OK,NO_IRQ,NO_IRQ","NONE,DELTA,NONE,NONE",
23.879030,2026-09-01T21:13:21.074+01:00,1214700,1567875,686,686,True,True,0x02,"NO_IRQ,OK,NO_IRQ,NO_IRQ","NONE,DELTA,NONE,NONE",
23.883564,2026-09-01T21:13:21.077+01:00,1215386,1567876,714,714,True,True,0x02,"NO_IRQ,OK,NO_IRQ,NO_IRQ","NONE,DELTA,NONE,NONE",
23.888353,2026-09-01T21:13:21.081+01:00,1216100,1567877,738,738,True,True,0x02,"NO_IRQ,OK,NO_IRQ,NO_IRQ","NONE,DELTA,NONE,NONE",
23.894784,2026-09-01T21:13:21.086+01:00,1216838,1567878,662,662,True,True,0x02,"NO_IRQ,OK,NO_IRQ,NO_IRQ","NONE,DELTA,NONE,NONE",
23.898481,2026-09-01T21:13:21.092+01:00,1217500,1567879,644,644,True,True,0x02,"NO_IRQ,OK,NO_IRQ,NO_IRQ","NONE,DELTA,NONE,NONE",
23.903256,2026-09-01T21:13:21.096+01:00,1218144,1567880,670,670,True,True,0x02,"NO_IRQ,OK,NO_IRQ,NO_IRQ","NONE,DELTA,NONE,NONE",
23.911014,2026-09-01T21:13:21.101+01:00,1218814,1567881,596,596,True,True,0x02,"NO_IRQ,OK,NO_IRQ,NO_IRQ","NONE,DELTA,NONE,NONE",
23.914351,2026-09-01T21:13:21.109+01:00,1219410,1567882,600,600,True,True,0x02,"NO_IRQ,OK,NO_IRQ,NO_IRQ","NONE,DELTA,NONE,NONE",
23.918256,2026-09-01T21:13:21.112+01:00,1220010,1567883,476,476,True,True,0x02,"NO_IRQ,OK,NO_IRQ,NO_IRQ","NONE,DELTA,NONE,NONE",
23.926802,2026-09-01T21:13:21.116+01:00,1220486,1567884,502,502,True,True,0x02,"NO_IRQ,OK,NO_IRQ,NO_IRQ","NONE,DELTA,NONE,NONE",
23.928116,2026-09-01T21:13:21.124+01:00,1220988,1567885,490,490,True,True,0x02,"NO_IRQ,OK,NO_IRQ,NO_IRQ","NONE,DELTA,NONE,NONE",
23.933059,2026-09-01T21:13:21.126+01:00,1221478,1567886,548,548,True,True,0x02,"NO_IRQ,OK,NO_IRQ,NO_IRQ","NONE,DELTA,NONE,NONE",
23.943271,2026-09-01T21:13:21.131+01:00,1222026,1567887,552,552,True,True,0x02,"NO_IRQ,OK,NO_IRQ,NO_IRQ","NONE,DELTA,NONE,NONE",
23.943804,2026-09-01T21:13:21.141+01:00,1222578,1567888,636,636,True,True,0x02,"NO_IRQ,OK,NO_IRQ,NO_IRQ","NONE,DELTA,NONE,NONE",
23.948247,2026-09-01T21:13:21.141+01:00,1223214,1567889,634,634,True,True,0x02,"NO_IRQ,OK,NO_IRQ,NO_IRQ","NONE,DELTA,NONE,NONE",
23.953083,2026-09-01T21:13:21.146+01:00,1223848,1567890,572,572,True,True,0x02,"NO_IRQ,OK,NO_IRQ,NO_IRQ","NONE,DELTA,NONE,NONE",
23.959585,2026-09-01T21:13:21.151+01:00,1224420,1567891,624,624,True,True,0x02,"NO_IRQ,OK,NO_IRQ,NO_IRQ","NONE,DELTA,NONE,NONE",
23.963171,2026-09-01T21:13:21.157+01:00,1225044,1567892,552,552,True,True,0x02,"NO_IRQ,OK,NO_IRQ,NO_IRQ","NONE,DELTA,NONE,NONE",
23.968419,2026-09-01T21:13:21.161+01:00,1225596,1567893,612,612,True,True,0x02,"NO_IRQ,OK,NO_IRQ,NO_IRQ","NONE,DELTA,NONE,NONE",
23.977032,2026-09-01T21:13:21.166+01:00,1226208,1567894,614,614,True,True,0x02,"NO_IRQ,OK,NO_IRQ,NO_IRQ","NONE,DELTA,NONE,NONE",
23.978084,2026-09-01T21:13:21.175+01:00,1226822,1567895,580,580,True,True,0x02,"NO_IRQ,OK,NO_IRQ,NO_IRQ","NONE,DELTA,NONE,NONE",
23.983263,2026-09-01T21:13:21.176+01:00,1227402,1567896,554,554,True,True,0x02,"NO_IRQ,OK,NO_IRQ,NO_IRQ","NONE,DELTA,NONE,NONE",
23.992692,2026-09-01T21:13:21.181+01:00,1227956,1567897,586,586,True,True,0x02,"NO_IRQ,OK,NO_IRQ,NO_IRQ","NONE,DELTA,NONE,NONE",
23.993398,2026-09-01T21:13:21.190+01:00,1228542,1567898,606,606,True,True,0x02,"NO_IRQ,OK,NO_IRQ,NO_IRQ","NONE,DELTA,NONE,NONE",
23.998665,2026-09-01T21:13:21.191+01:00,1229148,1567899,578,578,True,True,0x02,"NO_IRQ,OK,NO_IRQ,NO_IRQ","NONE,DELTA,NONE,NONE",
24.004358,2026-09-01T21:13:21.196+01:00,1229726,1567900,552,552,True,True,0x02,"NO_IRQ,OK,NO_IRQ,NO_IRQ","NONE,DELTA,NONE,NONE",
24.008938,2026-09-01T21:13:21.202+01:00,1230278,1567901,574,574,True,True,0x02,"NO_IRQ,OK,NO_IRQ,NO_IRQ","NONE,DELTA,NONE,NONE",
24.012919,2026-09-01T21:13:21.206+01:00,1230852,1567902,558,558,True,True,0x02,"NO_IRQ,OK,NO_IRQ,NO_IRQ","NONE,DELTA,NONE,NONE",
24.018009,2026-09-01T21:13:21.210+01:00,1231410,1567903,618,618,True,True,0x02,"NO_IRQ,OK,NO_IRQ,NO_IRQ","NONE,DELTA,NONE,NONE",
24.033642,2026-09-01T21:13:21.215+01:00,1232028,1567904,588,588,True,True,0x02,"NO_IRQ,OK,NO_IRQ,NO_IRQ","NONE,DELTA,NONE,NONE",
24.034435,2026-09-01T21:13:21.231+01:00,1232616,1567905,520,520,True,True,0x02,"NO_IRQ,OK,NO_IRQ,NO_IRQ","NONE,DELTA,NONE,NONE",
24.036157,2026-09-01T21:13:21.232+01:00,1233136,1567906,592,592,True,True,0x02,"NO_IRQ,OK,NO_IRQ,NO_IRQ","NONE,DELTA,NONE,NONE",
24.038118,2026-09-01T21:13:21.234+01:00,1233728,1567907,588,588,True,True,0x02,"NO_IRQ,OK,NO_IRQ,NO_IRQ","NONE,DELTA,NONE,NONE",
24.043342,2026-09-01T21:13:21.236+01:00,1234316,1567908,602,602,True,True,0x02,"NO_IRQ,OK,NO_IRQ,NO_IRQ","NONE,DELTA,NONE,NONE",
24.052602,2026-09-01T21:13:21.241+01:00,1234918,1567909,544,544,True,True,0x02,"NO_IRQ,OK,NO_IRQ,NO_IRQ","NONE,DELTA,NONE,NONE",
24.053352,2026-09-01T21:13:21.250+01:00,1235462,1567910,562,562,True,True,0x02,"NO_IRQ,OK,NO_IRQ,NO_IRQ","NONE,DELTA,NONE,NONE",
24.058236,2026-09-01T21:13:21.251+01:00,1236024,1567911,586,586,True,True,0x02,"NO_IRQ,OK,NO_IRQ,NO_IRQ","NONE,DELTA,NONE,NONE",
24.068744,2026-09-01T21:13:21.256+01:00,1236610,1567912,600,600,True,True,0x02,"NO_IRQ,OK,NO_IRQ,NO_IRQ","NONE,DELTA,NONE,NONE",
24.069543,2026-09-01T21:13:21.266+01:00,1237210,1567913,542,542,True,True,0x02,"NO_IRQ,OK,NO_IRQ,NO_IRQ","NONE,DELTA,NONE,NONE",
24.072895,2026-09-01T21:13:21.267+01:00,1237752,1567914,502,502,True,True,0x02,"NO_IRQ,OK,NO_IRQ,NO_IRQ","NONE,DELTA,NONE,NONE",
24.077775,2026-09-01T21:13:21.270+01:00,1238254,1567915,472,472,True,True,0x02,"NO_IRQ,OK,NO_IRQ,NO_IRQ","NONE,DELTA,NONE,NONE",
24.085312,2026-09-01T21:13:21.275+01:00,1238726,1567916,532,532,True,True,0x02,"NO_IRQ,OK,NO_IRQ,NO_IRQ","NONE,DELTA,NONE,NONE",
24.087766,2026-09-01T21:13:21.283+01:00,1239258,1567917,506,506,True,True,0x02,"NO_IRQ,OK,NO_IRQ,NO_IRQ","NONE,DELTA,NONE,NONE",
24.092903,2026-09-01T21:13:21.285+01:00,1239764,1567918,558,558,True,True,0x02,"NO_IRQ,OK,NO_IRQ,NO_IRQ","NONE,DELTA,NONE,NONE",
24.101811,2026-09-01T21:13:21.290+01:00,1240322,1567919,566,566,True,True,0x02,"NO_IRQ,OK,NO_IRQ,NO_IRQ","NONE,DELTA,NONE,NONE",
24.102877,2026-09-01T21:13:21.299+01:00,1240888,1567920,540,540,True,True,0x02,"NO_IRQ,OK,NO_IRQ,NO_IRQ","NONE,DELTA,NONE,NONE",
24.107850,2026-09-01T21:13:21.301+01:00,1241428,1567921,544,544,True,True,0x02,"NO_IRQ,OK,NO_IRQ,NO_IRQ","NONE,DELTA,NONE,NONE",
24.118346,2026-09-01T21:13:21.305+01:00,1241972,1567922,586,586,True,True,0x02,"NO_IRQ,OK,NO_IRQ,NO_IRQ","NONE,DELTA,NONE,NONE",
24.120776,2026-09-01T21:13:21.316+01:00,1242558,1567923,602,602,True,True,0x02,"NO_IRQ,OK,NO_IRQ,NO_IRQ","NONE,DELTA,NONE,NONE",
24.124346,2026-09-01T21:13:21.318+01:00,1243160,1567924,678,678,True,True,0x02,"NO_IRQ,OK,NO_IRQ,NO_IRQ","NONE,DELTA,NONE,NONE",
24.128515,2026-09-01T21:13:21.322+01:00,1243838,1567925,698,698,True,True,0x02,"NO_IRQ,OK,NO_IRQ,NO_IRQ","NONE,DELTA,NONE,NONE",
24.136203,2026-09-01T21:13:21.326+01:00,1244536,1567926,700,700,True,True,0x02,"NO_IRQ,OK,NO_IRQ,NO_IRQ","NONE,DELTA,NONE,NONE",
24.138080,2026-09-01T21:13:21.334+01:00,1245236,1567927,714,714,True,True,0x02,"NO_IRQ,OK,NO_IRQ,NO_IRQ","NONE,DELTA,NONE,NONE",
24.143723,2026-09-01T21:13:21.336+01:00,1245950,1567928,782,782,True,True,0x02,"NO_IRQ,OK,NO_IRQ,NO_IRQ","NONE,DELTA,NONE,NONE",
24.153857,2026-09-01T21:13:21.341+01:00,1246732,1567929,738,738,True,True,0x02,"NO_IRQ,OK,NO_IRQ,NO_IRQ","NONE,DELTA,NONE,NONE",
24.155068,2026-09-01T21:13:21.351+01:00,1247470,1567930,754,754,True,True,0x02,"NO_IRQ,OK,NO_IRQ,NO_IRQ","NONE,DELTA,NONE,NONE",
24.159114,2026-09-01T21:13:21.353+01:00,1248224,1567931,816,816,True,True,0x02,"NO_IRQ,OK,NO_IRQ,NO_IRQ","NONE,DELTA,NONE,NONE",
24.164953,2026-09-01T21:13:21.357+01:00,1249040,1567932,812,812,True,True,0x02,"NO_IRQ,OK,NO_IRQ,NO_IRQ","NONE,DELTA,NONE,NONE",
24.169931,2026-09-01T21:13:21.363+01:00,1249852,1567933,810,810,True,True,0x02,"NO_IRQ,OK,NO_IRQ,NO_IRQ","NONE,DELTA,NONE,NONE",
24.174830,2026-09-01T21:13:21.367+01:00,1250662,1567934,814,814,True,True,0x02,"NO_IRQ,OK,NO_IRQ,NO_IRQ","NONE,DELTA,NONE,NONE",
24.180018,2026-09-01T21:13:21.372+01:00,1251476,1567935,836,836,True,True,0x02,"NO_IRQ,OK,NO_IRQ,NO_IRQ","NONE,DELTA,NONE,NONE",
24.192900,2026-09-01T21:13:21.378+01:00,1252312,1567936,796,796,True,True,0x02,"NO_IRQ,OK,NO_IRQ,NO_IRQ","NONE,DELTA,NONE,NONE",
24.193401,2026-09-01T21:13:21.390+01:00,1253108,1567937,728,728,True,True,0x02,"NO_IRQ,OK,NO_IRQ,NO_IRQ","NONE,DELTA,NONE,NONE",
24.195098,2026-09-01T21:13:21.391+01:00,1253836,1567938,750,750,True,True,0x02,"NO_IRQ,OK,NO_IRQ,NO_IRQ","NONE,DELTA,NONE,NONE",
24.206639,2026-09-01T21:13:21.397+01:00,1254586,1567939,710,710,True,True,0x02,"NO_IRQ,OK,NO_IRQ,NO_IRQ","NONE,DELTA,NONE,NONE",
24.207743,2026-09-01T21:13:21.404+01:00,1255296,1567940,650,650,True,True,0x02,"NO_IRQ,OK,NO_IRQ,NO_IRQ","NONE,DELTA,NONE,NONE",
24.210307,2026-09-01T21:13:21.405+01:00,1255946,1567941,554,554,True,True,0x02,"NO_IRQ,OK,NO_IRQ,NO_IRQ","NONE,DELTA,NONE,NONE",
24.215244,2026-09-01T21:13:21.408+01:00,1256500,1567942,516,516,True,True,0x02,"NO_IRQ,OK,NO_IRQ,NO_IRQ","NONE,DELTA,NONE,NONE",
24.225157,2026-09-01T21:13:21.413+01:00,1257016,1567943,442,442,True,True,0x02,"NO_IRQ,OK,NO_IRQ,NO_IRQ","NONE,DELTA,NONE,NONE",
24.226034,2026-09-01T21:13:21.423+01:00,1257458,1567944,486,486,True,True,0x02,"NO_IRQ,OK,NO_IRQ,NO_IRQ","NONE,DELTA,NONE,NONE",
24.230143,2026-09-01T21:13:21.424+01:00,1257944,1567945,466,466,True,True,0x02,"NO_IRQ,OK,NO_IRQ,NO_IRQ","NONE,DELTA,NONE,NONE",
24.235316,2026-09-01T21:13:21.428+01:00,1258410,1567946,468,468,True,True,0x02,"NO_IRQ,OK,NO_IRQ,NO_IRQ","NONE,DELTA,NONE,NONE",
24.242108,2026-09-01T21:13:21.433+01:00,1258878,1567947,458,458,True,True,0x02,"NO_IRQ,OK,NO_IRQ,NO_IRQ","NONE,DELTA,NONE,NONE",
24.245467,2026-09-01T21:13:21.440+01:00,1259336,1567948,440,440,True,True,0x02,"NO_IRQ,OK,NO_IRQ,NO_IRQ","NONE,DELTA,NONE,NONE",
24.250178,2026-09-01T21:13:21.443+01:00,1259776,1567949,420,420,True,True,0x02,"NO_IRQ,OK,NO_IRQ,NO_IRQ","NONE,DELTA,NONE,NONE",
24.258511,2026-09-01T21:13:21.448+01:00,1260196,1567950,464,464,True,True,0x02,"NO_IRQ,OK,NO_IRQ,NO_IRQ","NONE,DELTA,NONE,NONE",
24.259795,2026-09-01T21:13:21.456+01:00,1260660,1567951,484,484,True,True,0x02,"NO_IRQ,OK,NO_IRQ,NO_IRQ","NONE,DELTA,NONE,NONE",
24.265307,2026-09-01T21:13:21.457+01:00,1261144,1567952,402,402,True,True,0x02,"NO_IRQ,OK,NO_IRQ,NO_IRQ","NONE,DELTA,NONE,NONE",
24.275303,2026-09-01T21:13:21.463+01:00,1261546,1567953,426,426,True,True,0x02,"NO_IRQ,OK,NO_IRQ,NO_IRQ","NONE,DELTA,NONE,NONE",
24.276220,2026-09-01T21:13:21.473+01:00,1261972,1567954,462,462,True,True,0x02,"NO_IRQ,OK,NO_IRQ,NO_IRQ","NONE,DELTA,NONE,NONE",
24.280263,2026-09-01T21:13:21.474+01:00,1262434,1567955,484,484,True,True,0x02,"NO_IRQ,OK,NO_IRQ,NO_IRQ","NONE,DELTA,NONE,NONE",
24.285002,2026-09-01T21:13:21.478+01:00,1262918,1567956,442,442,True,True,0x02,"NO_IRQ,OK,NO_IRQ,NO_IRQ","NONE,DELTA,NONE,NONE",
24.291884,2026-09-01T21:13:21.482+01:00,1263360,1567957,396,396,True,True,0x02,"NO_IRQ,OK,NO_IRQ,NO_IRQ","NONE,DELTA,NONE,NONE",
24.294794,2026-09-01T21:13:21.490+01:00,1263756,1567958,348,348,True,True,0x02,"NO_IRQ,OK,NO_IRQ,NO_IRQ","NONE,DELTA,NONE,NONE",
24.299713,2026-09-01T21:13:21.492+01:00,1264104,1567959,408,408,True,True,0x02,"NO_IRQ,OK,NO_IRQ,NO_IRQ","NONE,DELTA,NONE,NONE",
24.308434,2026-09-01T21:13:21.497+01:00,1264512,1567960,376,376,True,True,0x02,"NO_IRQ,OK,NO_IRQ,NO_IRQ","NONE,DELTA,NONE,NONE",
24.309775,2026-09-01T21:13:21.506+01:00,1264888,1567961,372,372,True,True,0x02,"NO_IRQ,OK,NO_IRQ,NO_IRQ","NONE,DELTA,NONE,NONE",
24.314575,2026-09-01T21:13:21.507+01:00,1265260,1567962,376,376,True,True,0x02,"NO_IRQ,OK,NO_IRQ,NO_IRQ","NONE,DELTA,NONE,NONE",
24.324111,2026-09-01T21:13:21.512+01:00,1265636,1567963,372,372,True,True,0x02,"NO_IRQ,OK,NO_IRQ,NO_IRQ","NONE,DELTA,NONE,NONE",
24.325037,2026-09-01T21:13:21.522+01:00,1266008,1567964,382,382,True,True,0x02,"NO_IRQ,OK,NO_IRQ,NO_IRQ","NONE,DELTA,NONE,NONE",
24.329881,2026-09-01T21:13:21.523+01:00,1266390,1567965,376,376,True,True,0x02,"NO_IRQ,OK,NO_IRQ,NO_IRQ","NONE,DELTA,NONE,NONE",
24.335566,2026-09-01T21:13:21.528+01:00,1266766,1567966,368,368,True,True,0x02,"NO_IRQ,OK,NO_IRQ,NO_IRQ","NONE,DELTA,NONE,NONE",
24.339657,2026-09-01T21:13:21.533+01:00,1267134,1567967,344,344,True,True,0x02,"NO_IRQ,OK,NO_IRQ,NO_IRQ","NONE,DELTA,NONE,NONE",
24.344704,2026-09-01T21:13:21.537+01:00,1267478,1567968,354,354,True,True,0x02,"NO_IRQ,OK,NO_IRQ,NO_IRQ","NONE,DELTA,NONE,NONE",
24.349552,2026-09-01T21:13:21.542+01:00,1267832,1567969,386,386,True,True,0x02,"NO_IRQ,OK,NO_IRQ,NO_IRQ","NONE,DELTA,NONE,NONE",
24.364520,2026-09-01T21:13:21.547+01:00,1268218,1567970,350,350,True,True,0x02,"NO_IRQ,OK,NO_IRQ,NO_IRQ","NONE,DELTA,NONE,NONE",
24.365468,2026-09-01T21:13:21.562+01:00,1268568,1567971,356,356,True,True,0x02,"NO_IRQ,OK,NO_IRQ,NO_IRQ","NONE,DELTA,NONE,NONE",
24.366469,2026-09-01T21:13:21.563+01:00,1268924,1567972,366,366,True,True,0x02,"NO_IRQ,OK,NO_IRQ,NO_IRQ","NONE,DELTA,NONE,NONE",
24.369451,2026-09-01T21:13:21.564+01:00,1269290,1567973,330,330,True,True,0x02,"NO_IRQ,OK,NO_IRQ,NO_IRQ","NONE,DELTA,NONE,NONE",
24.374650,2026-09-01T21:13:21.567+01:00,1269620,1567974,350,350,True,True,0x02,"NO_IRQ,OK,NO_IRQ,NO_IRQ","NONE,DELTA,NONE,NONE",
24.383684,2026-09-01T21:13:21.572+01:00,1269970,1567975,328,328,True,True,0x02,"NO_IRQ,OK,NO_IRQ,NO_IRQ","NONE,DELTA,NONE,NONE",
24.384531,2026-09-01T21:13:21.581+01:00,1270298,1567976,292,292,True,True,0x02,"NO_IRQ,OK,NO_IRQ,NO_IRQ","NONE,DELTA,NONE,NONE",
24.389789,2026-09-01T21:13:21.582+01:00,1270590,1567977,338,338,True,True,0x02,"NO_IRQ,OK,NO_IRQ,NO_IRQ","NONE,DELTA,NONE,NONE",
24.399855,2026-09-01T21:13:21.587+01:00,1270928,1567978,322,322,True,True,0x02,"NO_IRQ,OK,NO_IRQ,NO_IRQ","NONE,DELTA,NONE,NONE",
24.400612,2026-09-01T21:13:21.597+01:00,1271250,1567979,312,312,True,True,0x02,"NO_IRQ,OK,NO_IRQ,NO_IRQ","NONE,DELTA,NONE,NONE",
24.404658,2026-09-01T21:13:21.598+01:00,1271562,1567980,348,348,True,True,0x02,"NO_IRQ,OK,NO_IRQ,NO_IRQ","NONE,DELTA,NONE,NONE",
24.410186,2026-09-01T21:13:21.602+01:00,1271910,1567981,328,328,True,True,0x02,"NO_IRQ,OK,NO_IRQ,NO_IRQ","NONE,DELTA,NONE,NONE",
24.421004,2026-09-01T21:13:21.608+01:00,1272238,1567982,316,316,True,True,0x02,"NO_IRQ,OK,NO_IRQ,NO_IRQ","NONE,DELTA,NONE,NONE",
24.421672,2026-09-01T21:13:21.618+01:00,1272554,1567983,268,268,True,True,0x02,"NO_IRQ,OK,NO_IRQ,NO_IRQ","NONE,DELTA,NONE,NONE",
24.424533,2026-09-01T21:13:21.619+01:00,1272822,1567984,304,304,True,True,0x02,"NO_IRQ,OK,NO_IRQ,NO_IRQ","NONE,DELTA,NONE,NONE",
24.429196,2026-09-01T21:13:21.622+01:00,1273126,1567985,292,292,True,True,0x02,"NO_IRQ,OK,NO_IRQ,NO_IRQ","NONE,DELTA,NONE,NONE",
24.438111,2026-09-01T21:13:21.627+01:00,1273418,1567986,298,298,True,True,0x02,"NO_IRQ,OK,NO_IRQ,NO_IRQ","NONE,DELTA,NONE,NONE",
24.439128,2026-09-01T21:13:21.636+01:00,1273716,1567987,224,224,True,True,0x02,"NO_IRQ,OK,NO_IRQ,NO_IRQ","NONE,DELTA,NONE,NONE",
24.444585,2026-09-01T21:13:21.637+01:00,1273940,1567988,268,268,True,True,0x02,"NO_IRQ,OK,NO_IRQ,NO_IRQ","NONE,DELTA,NONE,NONE",
24.454175,2026-09-01T21:13:21.642+01:00,1274208,1567989,238,238,True,True,0x02,"NO_IRQ,OK,NO_IRQ,NO_IRQ","NONE,DELTA,NONE,NONE",
24.454946,2026-09-01T21:13:21.652+01:00,1274446,1567990,276,276,True,True,0x02,"NO_IRQ,OK,NO_IRQ,NO_IRQ","NONE,DELTA,NONE,NONE",
24.459391,2026-09-01T21:13:21.652+01:00,1274722,1567991,274,274,True,True,0x02,"NO_IRQ,OK,NO_IRQ,NO_IRQ","NONE,DELTA,NONE,NONE",
24.471033,2026-09-01T21:13:21.657+01:00,1274996,1567992,268,268,True,True,0x02,"NO_IRQ,OK,NO_IRQ,NO_IRQ","NONE,DELTA,NONE,NONE",
24.471957,2026-09-01T21:13:21.669+01:00,1275264,1567993,292,292,True,True,0x02,"NO_IRQ,OK,NO_IRQ,NO_IRQ","NONE,DELTA,NONE,NONE",
24.474485,2026-09-01T21:13:21.669+01:00,1275556,1567994,304,304,True,True,0x02,"NO_IRQ,OK,NO_IRQ,NO_IRQ","NONE,DELTA,NONE,NONE",
24.479208,2026-09-01T21:13:21.672+01:00,1275860,1567995,276,276,True,True,0x02,"NO_IRQ,OK,NO_IRQ,NO_IRQ","NONE,DELTA,NONE,NONE",
24.486959,2026-09-01T21:13:21.677+01:00,1276136,1567996,252,252,True,True,0x02,"NO_IRQ,OK,NO_IRQ,NO_IRQ","NONE,DELTA,NONE,NONE",
24.489257,2026-09-01T21:13:21.684+01:00,1276388,1567997,256,256,True,True,0x02,"NO_IRQ,OK,NO_IRQ,NO_IRQ","NONE,DELTA,NONE,NONE",
24.493997,2026-09-01T21:13:21.687+01:00,1276644,1567998,246,246,True,True,0x02,"NO_IRQ,OK,NO_IRQ,NO_IRQ","NONE,DELTA,NONE,NONE",
24.499233,2026-09-01T21:13:21.692+01:00,1276890,1567999,244,244,True,True,0x02,"NO_IRQ,OK,NO_IRQ,NO_IRQ","NONE,DELTA,NONE,NONE",
24.505314,2026-09-01T21:13:21.697+01:00,1277134,1568000,244,244,True,True,0x02,"NO_IRQ,OK,NO_IRQ,NO_IRQ","NONE,DELTA,NONE,NONE",
24.508922,2026-09-01T21:13:21.703+01:00,1277378,1568001,232,232,True,True,0x02,"NO_IRQ,OK,NO_IRQ,NO_IRQ","NONE,DELTA,NONE,NONE",
24.514119,2026-09-01T21:13:21.706+01:00,1277610,1568002,246,246,True,True,0x02,"NO_IRQ,OK,NO_IRQ,NO_IRQ","NONE,DELTA,NONE,NONE",
24.523799,2026-09-01T21:13:21.712+01:00,1277856,1568003,264,264,True,True,0x02,"NO_IRQ,OK,NO_IRQ,NO_IRQ","NONE,DELTA,NONE,NONE",
24.524245,2026-09-01T21:13:21.721+01:00,1278120,1568004,244,244,True,True,0x02,"NO_IRQ,OK,NO_IRQ,NO_IRQ","NONE,DELTA,NONE,NONE",
24.537567,2026-09-01T21:13:21.722+01:00,1278364,1568005,256,256,True,True,0x02,"NO_IRQ,OK,NO_IRQ,NO_IRQ","NONE,DELTA,NONE,NONE",
24.538434,2026-09-01T21:13:21.735+01:00,1278620,1568006,216,216,True,True,0x02,"NO_IRQ,OK,NO_IRQ,NO_IRQ","NONE,DELTA,NONE,NONE",
24.539199,2026-09-01T21:13:21.736+01:00,1278836,1568007,216,216,True,True,0x02,"NO_IRQ,OK,NO_IRQ,NO_IRQ","NONE,DELTA,NONE,NONE",
24.544185,2026-09-01T21:13:21.737+01:00,1279052,1568008,284,284,True,True,0x02,"NO_IRQ,OK,NO_IRQ,NO_IRQ","NONE,DELTA,NONE,NONE",
24.554805,2026-09-01T21:13:21.742+01:00,1279336,1568009,274,274,True,True,0x02,"NO_IRQ,OK,NO_IRQ,NO_IRQ","NONE,DELTA,NONE,NONE",
24.555680,2026-09-01T21:13:21.752+01:00,1279610,1568010,230,230,True,True,0x02,"NO_IRQ,OK,NO_IRQ,NO_IRQ","NONE,DELTA,NONE,NONE",
24.559246,2026-09-01T21:13:21.753+01:00,1279840,1568011,248,248,True,True,0x02,"NO_IRQ,OK,NO_IRQ,NO_IRQ","NONE,DELTA,NONE,NONE",
24.564347,2026-09-01T21:13:21.757+01:00,1280088,1568012,250,250,True,True,0x02,"NO_IRQ,OK,NO_IRQ,NO_IRQ","NONE,DELTA,NONE,NONE",
24.571361,2026-09-01T21:13:21.762+01:00,1280338,1568013,236,236,True,True,0x02,"NO_IRQ,OK,NO_IRQ,NO_IRQ","NONE,DELTA,NONE,NONE",
24.573876,2026-09-01T21:13:21.769+01:00,1280574,1568014,194,194,True,True,0x02,"NO_IRQ,OK,NO_IRQ,NO_IRQ","NONE,DELTA,NONE,NONE",
24.578948,2026-09-01T21:13:21.771+01:00,1280768,1568015,214,214,True,True,0x02,"NO_IRQ,OK,NO_IRQ,NO_IRQ","NONE,DELTA,NONE,NONE",
24.587097,2026-09-01T21:13:21.776+01:00,1280982,1568016,250,250,True,True,0x02,"NO_IRQ,OK,NO_IRQ,NO_IRQ","NONE,DELTA,NONE,NONE",
24.588941,2026-09-01T21:13:21.785+01:00,1281232,1568017,240,240,True,True,0x02,"NO_IRQ,OK,NO_IRQ,NO_IRQ","NONE,DELTA,NONE,NONE",
24.594289,2026-09-01T21:13:21.786+01:00,1281472,1568018,214,214,True,True,0x02,"NO_IRQ,OK,NO_IRQ,NO_IRQ","NONE,DELTA,NONE,NONE",
24.602981,2026-09-01T21:13:21.792+01:00,1281686,1568019,202,202,True,True,0x02,"NO_IRQ,OK,NO_IRQ,NO_IRQ","NONE,DELTA,NONE,NONE",
24.603705,2026-09-01T21:13:21.800+01:00,1281888,1568020,230,230,True,True,0x02,"NO_IRQ,OK,NO_IRQ,NO_IRQ","NONE,DELTA,NONE,NONE",
24.608852,2026-09-01T21:13:21.801+01:00,1282118,1568021,244,244,True,True,0x02,"NO_IRQ,OK,NO_IRQ,NO_IRQ","NONE,DELTA,NONE,NONE",
24.619112,2026-09-01T21:13:21.807+01:00,1282362,1568022,204,204,True,True,0x02,"NO_IRQ,OK,NO_IRQ,NO_IRQ","NONE,DELTA,NONE,NONE",
24.619765,2026-09-01T21:13:21.817+01:00,1282566,1568023,200,200,True,True,0x02,"NO_IRQ,OK,NO_IRQ,NO_IRQ","NONE,DELTA,NONE,NONE",
24.623795,2026-09-01T21:13:21.817+01:00,1282766,1568024,224,224,True,True,0x02,"NO_IRQ,OK,NO_IRQ,NO_IRQ","NONE,DELTA,NONE,NONE",
24.628712,2026-09-01T21:13:21.822+01:00,1282990,1568025,212,212,True,True,0x02,"NO_IRQ,OK,NO_IRQ,NO_IRQ","NONE,DELTA,NONE,NONE",
24.635498,2026-09-01T21:13:21.826+01:00,1283202,1568026,232,232,True,True,0x02,"NO_IRQ,OK,NO_IRQ,NO_IRQ","NONE,DELTA,NONE,NONE",
24.638891,2026-09-01T21:13:21.833+01:00,1283434,1568027,208,208,True,True,0x02,"NO_IRQ,OK,NO_IRQ,NO_IRQ","NONE,DELTA,NONE,NONE",
24.643920,2026-09-01T21:13:21.836+01:00,1283642,1568028,230,230,True,True,0x02,"NO_IRQ,OK,NO_IRQ,NO_IRQ","NONE,DELTA,NONE,NONE",
24.651211,2026-09-01T21:13:21.841+01:00,1283872,1568029,178,178,True,True,0x02,"NO_IRQ,OK,NO_IRQ,NO_IRQ","NONE,DELTA,NONE,NONE",
24.653865,2026-09-01T21:13:21.849+01:00,1284050,1568030,176,176,True,True,0x02,"NO_IRQ,OK,NO_IRQ,NO_IRQ","NONE,DELTA,NONE,NONE",
24.658736,2026-09-01T21:13:21.851+01:00,1284226,1568031,200,200,True,True,0x02,"NO_IRQ,OK,NO_IRQ,NO_IRQ","NONE,DELTA,NONE,NONE",
24.663894,2026-09-01T21:13:21.856+01:00,1284426,1568032,198,198,True,True,0x02,"NO_IRQ,OK,NO_IRQ,NO_IRQ","NONE,DELTA,NONE,NONE",
24.668762,2026-09-01T21:13:21.863+01:00,1284624,1568033,196,196,True,True,0x02,"NO_IRQ,OK,NO_IRQ,NO_IRQ","NONE,DELTA,NONE,NONE",
24.673562,2026-09-01T21:13:21.866+01:00,1284820,1568034,206,206,True,True,0x02,"NO_IRQ,OK,NO_IRQ,NO_IRQ","NONE,DELTA,NONE,NONE",
24.678517,2026-09-01T21:13:21.871+01:00,1285026,1568035,200,200,True,True,0x02,"NO_IRQ,OK,NO_IRQ,NO_IRQ","NONE,DELTA,NONE,NONE",
24.691553,2026-09-01T21:13:21.876+01:00,1285226,1568036,198,198,True,True,0x02,"NO_IRQ,OK,NO_IRQ,NO_IRQ","NONE,DELTA,NONE,NONE",
24.692358,2026-09-01T21:13:21.889+01:00,1285424,1568037,182,182,True,True,0x02,"NO_IRQ,OK,NO_IRQ,NO_IRQ","NONE,DELTA,NONE,NONE",
24.693974,2026-09-01T21:13:21.890+01:00,1285606,1568038,198,198,True,True,0x02,"NO_IRQ,OK,NO_IRQ,NO_IRQ","NONE,DELTA,NONE,NONE",
24.698882,2026-09-01T21:13:21.891+01:00,1285804,1568039,192,192,True,True,0x02,"NO_IRQ,OK,NO_IRQ,NO_IRQ","NONE,DELTA,NONE,NONE",
24.707913,2026-09-01T21:13:21.896+01:00,1285996,1568040,210,210,True,True,0x02,"NO_IRQ,OK,NO_IRQ,NO_IRQ","NONE,DELTA,NONE,NONE",
24.709059,2026-09-01T21:13:21.905+01:00,1286206,1568041,214,214,True,True,0x02,"NO_IRQ,OK,NO_IRQ,NO_IRQ","NONE,DELTA,NONE,NONE",
24.713560,2026-09-01T21:13:21.907+01:00,1286420,1568042,196,196,True,True,0x02,"NO_IRQ,OK,NO_IRQ,NO_IRQ","NONE,DELTA,NONE,NONE",
24.718915,2026-09-01T21:13:21.911+01:00,1286616,1568043,208,208,True,True,0x02,"NO_IRQ,OK,NO_IRQ,NO_IRQ","NONE,DELTA,NONE,NONE",
24.723561,2026-09-01T21:13:21.917+01:00,1286824,1568044,228,228,True,True,0x02,"NO_IRQ,OK,NO_IRQ,NO_IRQ","NONE,DELTA,NONE,NONE",
24.728582,2026-09-01T21:13:21.921+01:00,1287052,1568045,214,214,True,True,0x02,"NO_IRQ,OK,NO_IRQ,NO_IRQ","NONE,DELTA,NONE,NONE",
24.733601,2026-09-01T21:13:21.926+01:00,1287266,1568046,218,218,True,True,0x02,"NO_IRQ,OK,NO_IRQ,NO_IRQ","NONE,DELTA,NONE,NONE",
24.742731,2026-09-01T21:13:21.931+01:00,1287484,1568047,208,208,True,True,0x02,"NO_IRQ,OK,NO_IRQ,NO_IRQ","NONE,DELTA,NONE,NONE",
24.743539,2026-09-01T21:13:21.940+01:00,1287692,1568048,170,170,True,True,0x02,"NO_IRQ,OK,NO_IRQ,NO_IRQ","NONE,DELTA,NONE,NONE",
24.748664,2026-09-01T21:13:21.941+01:00,1287862,1568049,210,210,True,True,0x02,"NO_IRQ,OK,NO_IRQ,NO_IRQ","NONE,DELTA,NONE,NONE",
24.758775,2026-09-01T21:13:21.946+01:00,1288072,1568050,198,198,True,True,0x02,"NO_IRQ,OK,NO_IRQ,NO_IRQ","NONE,DELTA,NONE,NONE",
24.759689,2026-09-01T21:13:21.956+01:00,1288270,1568051,188,188,True,True,0x02,"NO_IRQ,OK,NO_IRQ,NO_IRQ","NONE,DELTA,NONE,NONE",
24.763896,2026-09-01T21:13:21.957+01:00,1288458,1568052,218,218,True,True,0x02,"NO_IRQ,OK,NO_IRQ,NO_IRQ","NONE,DELTA,NONE,NONE",
24.768700,2026-09-01T21:13:21.961+01:00,1288676,1568053,186,186,True,True,0x02,"NO_IRQ,OK,NO_IRQ,NO_IRQ","NONE,DELTA,NONE,NONE",
24.776088,2026-09-01T21:13:21.966+01:00,1288862,1568054,202,202,True,True,0x02,"NO_IRQ,OK,NO_IRQ,NO_IRQ","NONE,DELTA,NONE,NONE",
24.778411,2026-09-01T21:13:21.974+01:00,1289064,1568055,184,184,True,True,0x02,"NO_IRQ,OK,NO_IRQ,NO_IRQ","NONE,DELTA,NONE,NONE",
24.783376,2026-09-01T21:13:21.976+01:00,1289248,1568056,196,196,True,True,0x02,"NO_IRQ,OK,NO_IRQ,NO_IRQ","NONE,DELTA,NONE,NONE",
24.791869,2026-09-01T21:13:21.981+01:00,1289444,1568057,172,172,True,True,0x02,"NO_IRQ,OK,NO_IRQ,NO_IRQ","NONE,DELTA,NONE,NONE",
24.793702,2026-09-01T21:13:21.989+01:00,1289616,1568058,188,188,True,True,0x02,"NO_IRQ,OK,NO_IRQ,NO_IRQ","NONE,DELTA,NONE,NONE",
24.799037,2026-09-01T21:13:21.991+01:00,1289804,1568059,214,214,True,True,0x02,"NO_IRQ,OK,NO_IRQ,NO_IRQ","NONE,DELTA,NONE,NONE",
24.804064,2026-09-01T21:13:21.997+01:00,1290018,1568060,200,200,True,True,0x02,"NO_IRQ,OK,NO_IRQ,NO_IRQ","NONE,DELTA,NONE,NONE",
24.809160,2026-09-01T21:13:22.002+01:00,1290218,1568061,192,192,True,True,0x02,"NO_IRQ,OK,NO_IRQ,NO_IRQ","NONE,DELTA,NONE,NONE",
24.813866,2026-09-01T21:13:22.007+01:00,1290410,1568062,176,176,True,True,0x02,"NO_IRQ,OK,NO_IRQ,NO_IRQ","NONE,DELTA,NONE,NONE",
24.818250,2026-09-01T21:13:22.011+01:00,1290586,1568063,174,174,True,True,0x02,"NO_IRQ,OK,NO_IRQ,NO_IRQ","NONE,DELTA,NONE,NONE",
24.823940,2026-09-01T21:13:22.016+01:00,1290760,1568064,184,184,True,True,0x02,"NO_IRQ,OK,NO_IRQ,NO_IRQ","NONE,DELTA,NONE,NONE",
24.828243,2026-09-01T21:13:22.021+01:00,1290944,1568065,218,218,True,True,0x02,"NO_IRQ,OK,NO_IRQ,NO_IRQ","NONE,DELTA,NONE,NONE",
24.833250,2026-09-01T21:13:22.026+01:00,1291162,1568066,204,204,True,True,0x02,"NO_IRQ,OK,NO_IRQ,NO_IRQ","NONE,DELTA,NONE,NONE",
24.845067,2026-09-01T21:13:22.031+01:00,1291366,1568067,172,172,True,True,0x02,"NO_IRQ,OK,NO_IRQ,NO_IRQ","NONE,DELTA,NONE,NONE",
24.845412,2026-09-01T21:13:22.043+01:00,1291538,1568068,202,202,True,True,0x02,"NO_IRQ,OK,NO_IRQ,NO_IRQ","NONE,DELTA,NONE,NONE",
24.858486,2026-09-01T21:13:22.043+01:00,1291740,1568069,156,156,True,True,0x02,"NO_IRQ,OK,NO_IRQ,NO_IRQ","NONE,DELTA,NONE,NONE",
24.859146,2026-09-01T21:13:22.056+01:00,1291896,1568070,1084,1084,True,True,0x02,"NO_IRQ,OK,NO_IRQ,NO_IRQ","NONE,DELTA_SYNC,NONE,NONE",
24.859963,2026-09-01T21:13:22.057+01:00,1292980,1568071,252,252,True,True,0x02,"NO_IRQ,OK,NO_IRQ,NO_IRQ","NONE,DELTA,NONE,NONE",
24.863686,2026-09-01T21:13:22.057+01:00,1293232,1568072,242,242,True,True,0x02,"NO_IRQ,OK,NO_IRQ,NO_IRQ","NONE,DELTA,NONE,NONE",
24.868293,2026-09-01T21:13:22.061+01:00,1293474,1568073,192,192,True,True,0x02,"NO_IRQ,OK,NO_IRQ,NO_IRQ","NONE,DELTA,NONE,NONE",
24.875144,2026-09-01T21:13:22.066+01:00,1293666,1568074,186,186,True,True,0x02,"NO_IRQ,OK,NO_IRQ,NO_IRQ","NONE,DELTA,NONE,NONE",
24.878496,2026-09-01T21:13:22.073+01:00,1293852,1568075,212,212,True,True,0x02,"NO_IRQ,OK,NO_IRQ,NO_IRQ","NONE,DELTA,NONE,NONE",
24.883209,2026-09-01T21:13:22.076+01:00,1294064,1568076,206,206,True,True,0x02,"NO_IRQ,OK,NO_IRQ,NO_IRQ","NONE,DELTA,NONE,NONE",
24.892067,2026-09-01T21:13:22.081+01:00,1294270,1568077,184,184,True,True,0x02,"NO_IRQ,OK,NO_IRQ,NO_IRQ","NONE,DELTA,NONE,NONE",
24.893257,2026-09-01T21:13:22.090+01:00,1294454,1568078,192,192,True,True,0x02,"NO_IRQ,OK,NO_IRQ,NO_IRQ","NONE,DELTA,NONE,NONE",
24.898455,2026-09-01T21:13:22.091+01:00,1294646,1568079,206,206,True,True,0x02,"NO_IRQ,OK,NO_IRQ,NO_IRQ","NONE,DELTA,NONE,NONE",
24.907710,2026-09-01T21:13:22.096+01:00,1294852,1568080,196,196,True,True,0x02,"NO_IRQ,OK,NO_IRQ,NO_IRQ","NONE,DELTA,NONE,NONE",
24.908756,2026-09-01T21:13:22.105+01:00,1295048,1568081,188,188,True,True,0x02,"NO_IRQ,OK,NO_IRQ,NO_IRQ","NONE,DELTA,NONE,NONE",
24.913470,2026-09-01T21:13:22.106+01:00,1295236,1568082,178,178,True,True,0x02,"NO_IRQ,OK,NO_IRQ,NO_IRQ","NONE,DELTA,NONE,NONE",
24.923666,2026-09-01T21:13:22.111+01:00,1295414,1568083,188,188,True,True,0x02,"NO_IRQ,OK,NO_IRQ,NO_IRQ","NONE,DELTA,NONE,NONE",
24.924321,2026-09-01T21:13:22.121+01:00,1295602,1568084,198,198,True,True,0x02,"NO_IRQ,OK,NO_IRQ,NO_IRQ","NONE,DELTA,NONE,NONE",
24.928248,2026-09-01T21:13:22.122+01:00,1295800,1568085,190,190,True,True,0x02,"NO_IRQ,OK,NO_IRQ,NO_IRQ","NONE,DELTA,NONE,NONE",
24.933075,2026-09-01T21:13:22.126+01:00,1295990,1568086,190,190,True,True,0x02,"NO_IRQ,OK,NO_IRQ,NO_IRQ","NONE,DELTA,NONE,NONE",
24.939509,2026-09-01T21:13:22.131+01:00,1296180,1568087,188,188,True,True,0x02,"NO_IRQ,OK,NO_IRQ,NO_IRQ","NONE,DELTA,NONE,NONE",
24.943400,2026-09-01T21:13:22.137+01:00,1296368,1568088,182,182,True,True,0x02,"NO_IRQ,OK,NO_IRQ,NO_IRQ","NONE,DELTA,NONE,NONE",
24.948393,2026-09-01T21:13:22.141+01:00,1296550,1568089,186,186,True,True,0x02,"NO_IRQ,OK,NO_IRQ,NO_IRQ","NONE,DELTA,NONE,NONE",
24.955364,2026-09-01T21:13:22.146+01:00,1296736,1568090,214,214,True,True,0x02,"NO_IRQ,OK,NO_IRQ,NO_IRQ","NONE,DELTA,NONE,NONE",
24.958367,2026-09-01T21:13:22.153+01:00,1296950,1568091,188,188,True,True,0x02,"NO_IRQ,OK,NO_IRQ,NO_IRQ","NONE,DELTA,NONE,NONE",
24.963183,2026-09-01T21:13:22.156+01:00,1297138,1568092,186,186,True,True,0x02,"NO_IRQ,OK,NO_IRQ,NO_IRQ","NONE,DELTA,NONE,NONE",
24.971565,2026-09-01T21:13:22.161+01:00,1297324,1568093,212,212,True,True,0x02,"NO_IRQ,OK,NO_IRQ,NO_IRQ","NONE,DELTA,NONE,NONE",
24.973153,2026-09-01T21:13:22.169+01:00,1297536,1568094,216,216,True,True,0x02,"NO_IRQ,OK,NO_IRQ,NO_IRQ","NONE,DELTA,NONE,NONE",
24.978300,2026-09-01T21:13:22.171+01:00,1297752,1568095,190,190,True,True,0x02,"NO_IRQ,OK,NO_IRQ,NO_IRQ","NONE,DELTA,NONE,NONE",
24.983028,2026-09-01T21:13:22.176+01:00,1297942,1568096,214,214,True,True,0x02,"NO_IRQ,OK,NO_IRQ,NO_IRQ","NONE,DELTA,NONE,NONE",
24.987885,2026-09-01T21:13:22.181+01:00,1298156,1568097,242,242,True,True,0x02,"NO_IRQ,OK,NO_IRQ,NO_IRQ","NONE,DELTA,NONE,NONE",
24.992916,2026-09-01T21:13:22.185+01:00,1298398,1568098,178,178,True,True,0x02,"NO_IRQ,OK,NO_IRQ,NO_IRQ","NONE,DELTA,NONE,NONE",
24.998399,2026-09-01T21:13:22.190+01:00,1298576,1568099,176,176,True,True,0x02,"NO_IRQ,OK,NO_IRQ,NO_IRQ","NONE,DELTA,NONE,NONE",
25.011457,2026-09-01T21:13:22.196+01:00,1298752,1568100,238,238,True,True,0x02,"NO_IRQ,OK,NO_IRQ,NO_IRQ","NONE,DELTA,NONE,NONE",
25.015389,2026-09-01T21:13:22.212+01:00,1298990,1568101,198,198,True,True,0x02,"NO_IRQ,OK,NO_IRQ,NO_IRQ","NONE,DELTA,NONE,NONE",
25.016344,2026-09-01T21:13:22.213+01:00,1299188,1568102,232,232,True,True,0x02,"NO_IRQ,OK,NO_IRQ,NO_IRQ","NONE,DELTA,NONE,NONE",
25.018185,2026-09-01T21:13:22.214+01:00,1299420,1568103,210,210,True,True,0x02,"NO_IRQ,OK,NO_IRQ,NO_IRQ","NONE,DELTA,NONE,NONE",
25.022976,2026-09-01T21:13:22.216+01:00,1299630,1568104,256,256,True,True,0x02,"NO_IRQ,OK,NO_IRQ,NO_IRQ","NONE,DELTA,NONE,NONE",
25.031938,2026-09-01T21:13:22.220+01:00,1299886,1568105,356,356,True,True,0x02,"NO_IRQ,OK,NO_IRQ,NO_IRQ","NONE,DELTA,NONE,NONE",
25.033271,2026-09-01T21:13:22.229+01:00,1300242,1568106,426,426,True,True,0x02,"NO_IRQ,OK,NO_IRQ,NO_IRQ","NONE,DELTA,NONE,NONE",
25.038445,2026-09-01T21:13:22.231+01:00,1300668,1568107,468,468,True,True,0x02,"NO_IRQ,OK,NO_IRQ,NO_IRQ","NONE,DELTA,NONE,NONE",
25.047456,2026-09-01T21:13:22.236+01:00,1301136,1568108,494,494,True,True,0x02,"NO_IRQ,OK,NO_IRQ,NO_IRQ","NONE,DELTA,NONE,NONE",
25.048340,2026-09-01T21:13:22.245+01:00,1301630,1568109,460,460,True,True,0x02,"NO_IRQ,OK,NO_IRQ,NO_IRQ","NONE,DELTA,NONE,NONE",
25.053519,2026-09-01T21:13:22.246+01:00,1302090,1568110,462,462,True,True,0x02,"NO_IRQ,OK,NO_IRQ,NO_IRQ","NONE,DELTA,NONE,NONE",
25.063566,2026-09-01T21:13:22.251+01:00,1302552,1568111,400,400,True,True,0x02,"NO_IRQ,OK,NO_IRQ,NO_IRQ","NONE,DELTA,NONE,NONE",
25.064399,2026-09-01T21:13:22.261+01:00,1302952,1568112,438,438,True,True,0x02,"NO_IRQ,OK,NO_IRQ,NO_IRQ","NONE,DELTA,NONE,NONE",
25.068787,2026-09-01T21:13:22.262+01:00,1303390,1568113,588,588,True,True,0x02,"NO_IRQ,OK,NO_IRQ,NO_IRQ","NONE,DELTA,NONE,NONE",
25.073470,2026-09-01T21:13:22.266+01:00,1303978,1568114,670,670,True,True,0x02,"NO_IRQ,OK,NO_IRQ,NO_IRQ","NONE,DELTA,NONE,NONE",
25.080454,2026-09-01T21:13:22.271+01:00,1304648,1568115,602,602,True,True,0x02,"NO_IRQ,OK,NO_IRQ,NO_IRQ","NONE,DELTA,NONE,NONE",
25.083665,2026-09-01T21:13:22.278+01:00,1305250,1568116,558,558,True,True,0x02,"NO_IRQ,OK,NO_IRQ,NO_IRQ","NONE,DELTA,NONE,NONE",
25.088354,2026-09-01T21:13:22.281+01:00,1305808,1568117,574,574,True,True,0x02,"NO_IRQ,OK,NO_IRQ,NO_IRQ","NONE,DELTA,NONE,NONE",
25.096061,2026-09-01T21:13:22.286+01:00,1306382,1568118,602,602,True,True,0x02,"NO_IRQ,OK,NO_IRQ,NO_IRQ","NONE,DELTA,NONE,NONE",
25.098930,2026-09-01T21:13:22.294+01:00,1306984,1568119,672,672,True,True,0x02,"NO_IRQ,OK,NO_IRQ,NO_IRQ","NONE,DELTA,NONE,NONE",
25.103754,2026-09-01T21:13:22.296+01:00,1307656,1568120,704,704,True,True,0x02,"NO_IRQ,OK,NO_IRQ,NO_IRQ","NONE,DELTA,NONE,NONE",
25.112355,2026-09-01T21:13:22.301+01:00,1308360,1568121,700,700,True,True,0x02,"NO_IRQ,OK,NO_IRQ,NO_IRQ","NONE,DELTA,NONE,NONE",
25.114670,2026-09-01T21:13:22.310+01:00,1309060,1568122,708,708,True,True,0x02,"NO_IRQ,OK,NO_IRQ,NO_IRQ","NONE,DELTA,NONE,NONE",
25.119214,2026-09-01T21:13:22.312+01:00,1309768,1568123,694,694,True,True,0x02,"NO_IRQ,OK,NO_IRQ,NO_IRQ","NONE,DELTA,NONE,NONE",
25.129164,2026-09-01T21:13:22.317+01:00,1310462,1568124,718,718,True,True,0x02,"NO_IRQ,OK,NO_IRQ,NO_IRQ","NONE,DELTA,NONE,NONE",
25.130172,2026-09-01T21:13:22.327+01:00,1311180,1568125,646,646,True,True,0x02,"NO_IRQ,OK,NO_IRQ,NO_IRQ","NONE,DELTA,NONE,NONE",
25.134372,2026-09-01T21:13:22.328+01:00,1311826,1568126,628,628,True,True,0x02,"NO_IRQ,OK,NO_IRQ,NO_IRQ","NONE,DELTA,NONE,NONE",
25.139087,2026-09-01T21:13:22.332+01:00,1312454,1568127,596,596,True,True,0x02,"NO_IRQ,OK,NO_IRQ,NO_IRQ","NONE,DELTA,NONE,NONE",
25.144682,2026-09-01T21:13:22.337+01:00,1313050,1568128,658,658,True,True,0x02,"NO_IRQ,OK,NO_IRQ,NO_IRQ","NONE,DELTA,NONE,NONE",
25.149631,2026-09-01T21:13:22.342+01:00,1313708,1568129,610,610,True,True,0x02,"NO_IRQ,OK,NO_IRQ,NO_IRQ","NONE,DELTA,NONE,NONE",
25.154054,2026-09-01T21:13:22.347+01:00,1314318,1568130,604,604,True,True,0x02,"NO_IRQ,OK,NO_IRQ,NO_IRQ","NONE,DELTA,NONE,NONE",
25.158991,2026-09-01T21:13:22.352+01:00,1314922,1568131,626,626,True,True,0x02,"NO_IRQ,OK,NO_IRQ,NO_IRQ","NONE,DELTA,NONE,NONE",
25.168924,2026-09-01T21:13:22.356+01:00,1315548,1568132,666,666,True,True,0x02,"NO_IRQ,OK,NO_IRQ,NO_IRQ","NONE,DELTA,NONE,NONE",
25.169433,2026-09-01T21:13:22.366+01:00,1316214,1568133,778,778,True,True,0x02,"NO_IRQ,OK,NO_IRQ,NO_IRQ","NONE,DELTA,NONE,NONE",
25.182073,2026-09-01T21:13:22.367+01:00,1316992,1568134,648,648,True,True,0x02,"NO_IRQ,OK,NO_IRQ,NO_IRQ","NONE,DELTA,NONE,NONE",
25.183097,2026-09-01T21:13:22.380+01:00,1317640,1568135,694,694,True,True,0x02,"NO_IRQ,OK,NO_IRQ,NO_IRQ","NONE,DELTA,NONE,NONE",
25.184581,2026-09-01T21:13:22.381+01:00,1318334,1568136,750,750,True,True,0x02,"NO_IRQ,OK,NO_IRQ,NO_IRQ","NONE,DELTA,NONE,NONE",
25.189636,2026-09-01T21:13:22.382+01:00,1319084,1568137,640,640,True,True,0x02,"NO_IRQ,OK,NO_IRQ,NO_IRQ","NONE,DELTA,NONE,NONE",
25.199348,2026-09-01T21:13:22.387+01:00,1319724,1568138,620,620,True,True,0x02,"NO_IRQ,OK,NO_IRQ,NO_IRQ","NONE,DELTA,NONE,NONE",
25.200782,2026-09-01T21:13:22.397+01:00,1320344,1568139,654,654,True,True,0x02,"NO_IRQ,OK,NO_IRQ,NO_IRQ","NONE,DELTA,NONE,NONE",
25.204733,2026-09-01T21:13:22.399+01:00,1320998,1568140,664,664,True,True,0x02,"NO_IRQ,OK,NO_IRQ,NO_IRQ","NONE,DELTA,NONE,NONE",
25.209505,2026-09-01T21:13:22.402+01:00,1321662,1568141,692,692,True,True,0x02,"NO_IRQ,OK,NO_IRQ,NO_IRQ","NONE,DELTA,NONE,NONE",
25.217075,2026-09-01T21:13:22.407+01:00,1322354,1568142,676,676,True,True,0x02,"NO_IRQ,OK,NO_IRQ,NO_IRQ","NONE,DELTA,NONE,NONE",
25.219974,2026-09-01T21:13:22.415+01:00,1323030,1568143,642,642,True,True,0x02,"NO_IRQ,OK,NO_IRQ,NO_IRQ","NONE,DELTA,NONE,NONE",
25.224806,2026-09-01T21:13:22.417+01:00,1323672,1568144,676,676,True,True,0x02,"NO_IRQ,OK,NO_IRQ,NO_IRQ","NONE,DELTA,NONE,NONE",
25.233250,2026-09-01T21:13:22.422+01:00,1324348,1568145,576,576,True,True,0x02,"NO_IRQ,OK,NO_IRQ,NO_IRQ","NONE,DELTA,NONE,NONE",
25.234405,2026-09-01T21:13:22.431+01:00,1324924,1568146,564,564,True,True,0x02,"NO_IRQ,OK,NO_IRQ,NO_IRQ","NONE,DELTA,NONE,NONE",
25.239643,2026-09-01T21:13:22.432+01:00,1325488,1568147,546,546,True,True,0x02,"NO_IRQ,OK,NO_IRQ,NO_IRQ","NONE,DELTA,NONE,NONE",
25.249229,2026-09-01T21:13:22.437+01:00,1326034,1568148,646,646,True,True,0x02,"NO_IRQ,OK,NO_IRQ,NO_IRQ","NONE,DELTA,NONE,NONE",
25.250385,2026-09-01T21:13:22.447+01:00,1326680,1568149,562,562,True,True,0x02,"NO_IRQ,OK,NO_IRQ,NO_IRQ","NONE,DELTA,NONE,NONE",
25.254939,2026-09-01T21:13:22.448+01:00,1327242,1568150,638,638,True,True,0x02,"NO_IRQ,OK,NO_IRQ,NO_IRQ","NONE,DELTA,NONE,NONE",
25.259722,2026-09-01T21:13:22.452+01:00,1327880,1568151,660,660,True,True,0x02,"NO_IRQ,OK,NO_IRQ,NO_IRQ","NONE,DELTA,NONE,NONE",
25.267638,2026-09-01T21:13:22.457+01:00,1328540,1568152,602,602,True,True,0x02,"NO_IRQ,OK,NO_IRQ,NO_IRQ","NONE,DELTA,NONE,NONE",
25.269671,2026-09-01T21:13:22.465+01:00,1329142,1568153,626,626,True,True,0x02,"NO_IRQ,OK,NO_IRQ,NO_IRQ","NONE,DELTA,NONE,NONE",
25.274769,2026-09-01T21:13:22.467+01:00,1329768,1568154,632,632,True,True,0x02,"NO_IRQ,OK,NO_IRQ,NO_IRQ","NONE,DELTA,NONE,NONE",
25.284552,2026-09-01T21:13:22.472+01:00,1330400,1568155,644,644,True,True,0x02,"NO_IRQ,OK,NO_IRQ,NO_IRQ","NONE,DELTA,NONE,NONE",
25.286038,2026-09-01T21:13:22.482+01:00,1331044,1568156,694,694,True,True,0x02,"NO_IRQ,OK,NO_IRQ,NO_IRQ","NONE,DELTA,NONE,NONE",
25.290015,2026-09-01T21:13:22.484+01:00,1331738,1568157,710,710,True,True,0x02,"NO_IRQ,OK,NO_IRQ,NO_IRQ","NONE,DELTA,NONE,NONE",
25.302107,2026-09-01T21:13:22.488+01:00,1332448,1568158,730,730,True,True,0x02,"NO_IRQ,OK,NO_IRQ,NO_IRQ","NONE,DELTA,NONE,NONE",
25.302860,2026-09-01T21:13:22.500+01:00,1333178,1568159,726,726,True,True,0x02,"NO_IRQ,OK,NO_IRQ,NO_IRQ","NONE,DELTA,NONE,NONE",
25.305072,2026-09-01T21:13:22.500+01:00,1333904,1568160,650,650,True,True,0x02,"NO_IRQ,OK,NO_IRQ,NO_IRQ","NONE,DELTA,NONE,NONE",
25.309849,2026-09-01T21:13:22.503+01:00,1334554,1568161,576,576,True,True,0x02,"NO_IRQ,OK,NO_IRQ,NO_IRQ","NONE,DELTA,NONE,NONE",
25.314883,2026-09-01T21:13:22.507+01:00,1335130,1568162,550,550,True,True,0x02,"NO_IRQ,OK,NO_IRQ,NO_IRQ","NONE,DELTA,NONE,NONE",
25.319744,2026-09-01T21:13:22.514+01:00,1335680,1568163,592,592,True,True,0x02,"NO_IRQ,OK,NO_IRQ,NO_IRQ","NONE,DELTA,NONE,NONE",
25.324763,2026-09-01T21:13:22.517+01:00,1336272,1568164,628,628,True,True,0x02,"NO_IRQ,OK,NO_IRQ,NO_IRQ","NONE,DELTA,NONE,NONE",
25.329810,2026-09-01T21:13:22.522+01:00,1336900,1568165,660,660,True,True,0x02,"NO_IRQ,OK,NO_IRQ,NO_IRQ","NONE,DELTA,NONE,NONE",
25.343698,2026-09-01T21:13:22.527+01:00,1337560,1568166,666,666,True,True,0x02,"NO_IRQ,OK,NO_IRQ,NO_IRQ","NONE,DELTA,NONE,NONE",
25.344718,2026-09-01T21:13:22.541+01:00,1338226,1568167,690,690,True,True,0x02,"NO_IRQ,OK,NO_IRQ,NO_IRQ","NONE,DELTA,NONE,NONE",
25.345578,2026-09-01T21:13:22.542+01:00,1338916,1568168,716,716,True,True,0x02,"NO_IRQ,OK,NO_IRQ,NO_IRQ","NONE,DELTA,NONE,NONE",
25.350851,2026-09-01T21:13:22.543+01:00,1339632,1568169,730,730,True,True,0x02,"NO_IRQ,OK,NO_IRQ,NO_IRQ","NONE,DELTA,NONE,NONE",
25.361415,2026-09-01T21:13:22.548+01:00,1340362,1568170,630,630,True,True,0x02,"NO_IRQ,OK,NO_IRQ,NO_IRQ","NONE,DELTA,NONE,NONE",
25.362317,2026-09-01T21:13:22.559+01:00,1340992,1568171,572,572,True,True,0x02,"NO_IRQ,OK,NO_IRQ,NO_IRQ","NONE,DELTA,NONE,NONE",
25.365738,2026-09-01T21:13:22.560+01:00,1341564,1568172,686,686,True,True,0x02,"NO_IRQ,OK,NO_IRQ,NO_IRQ","NONE,DELTA,NONE,NONE",
25.370152,2026-09-01T21:13:22.563+01:00,1342250,1568173,618,618,True,True,0x02,"NO_IRQ,OK,NO_IRQ,NO_IRQ","NONE,DELTA,NONE,NONE",
25.378775,2026-09-01T21:13:22.568+01:00,1342868,1568174,620,620,True,True,0x02,"NO_IRQ,OK,NO_IRQ,NO_IRQ","NONE,DELTA,NONE,NONE",
25.380458,2026-09-01T21:13:22.576+01:00,1343488,1568175,604,604,True,True,0x02,"NO_IRQ,OK,NO_IRQ,NO_IRQ","NONE,DELTA,NONE,NONE",
25.385432,2026-09-01T21:13:22.578+01:00,1344092,1568176,620,620,True,True,0x02,"NO_IRQ,OK,NO_IRQ,NO_IRQ","NONE,DELTA,NONE,NONE",
25.395398,2026-09-01T21:13:22.583+01:00,1344712,1568177,600,600,True,True,0x02,"NO_IRQ,OK,NO_IRQ,NO_IRQ","NONE,DELTA,NONE,NONE",
25.396616,2026-09-01T21:13:22.593+01:00,1345312,1568178,552,552,True,True,0x02,"NO_IRQ,OK,NO_IRQ,NO_IRQ","NONE,DELTA,NONE,NONE",
25.400446,2026-09-01T21:13:22.594+01:00,1345864,1568179,502,502,True,True,0x02,"NO_IRQ,OK,NO_IRQ,NO_IRQ","NONE,DELTA,NONE,NONE",
25.405177,2026-09-01T21:13:22.598+01:00,1346366,1568180,510,510,True,True,0x02,"NO_IRQ,OK,NO_IRQ,NO_IRQ","NONE,DELTA,NONE,NONE",
25.412062,2026-09-01T21:13:22.603+01:00,1346876,1568181,512,512,True,True,0x02,"NO_IRQ,OK,NO_IRQ,NO_IRQ","NONE,DELTA,NONE,NONE",
25.415069,2026-09-01T21:13:22.610+01:00,1347388,1568182,412,412,True,True,0x02,"NO_IRQ,OK,NO_IRQ,NO_IRQ","NONE,DELTA,NONE,NONE",
25.419758,2026-09-01T21:13:22.613+01:00,1347800,1568183,388,388,True,True,0x02,"NO_IRQ,OK,NO_IRQ,NO_IRQ","NONE,DELTA,NONE,NONE",
25.427855,2026-09-01T21:13:22.617+01:00,1348188,1568184,450,450,True,True,0x02,"NO_IRQ,OK,NO_IRQ,NO_IRQ","NONE,DELTA,NONE,NONE",
25.429881,2026-09-01T21:13:22.626+01:00,1348638,1568185,440,440,True,True,0x02,"NO_IRQ,OK,NO_IRQ,NO_IRQ","NONE,DELTA,NONE,NONE",
25.435192,2026-09-01T21:13:22.627+01:00,1349078,1568186,440,440,True,True,0x02,"NO_IRQ,OK,NO_IRQ,NO_IRQ","NONE,DELTA,NONE,NONE",
25.443985,2026-09-01T21:13:22.633+01:00,1349518,1568187,506,506,True,True,0x02,"NO_IRQ,OK,NO_IRQ,NO_IRQ","NONE,DELTA,NONE,NONE",
25.445336,2026-09-01T21:13:22.641+01:00,1350024,1568188,590,590,True,True,0x02,"NO_IRQ,OK,NO_IRQ,NO_IRQ","NONE,DELTA,NONE,NONE",
25.450355,2026-09-01T21:13:22.643+01:00,1350614,1568189,552,552,True,True,0x02,"NO_IRQ,OK,NO_IRQ,NO_IRQ","NONE,DELTA,NONE,NONE",
25.460282,2026-09-01T21:13:22.648+01:00,1351166,1568190,498,498,True,True,0x02,"NO_IRQ,OK,NO_IRQ,NO_IRQ","NONE,DELTA,NONE,NONE",
25.461001,2026-09-01T21:13:22.658+01:00,1351664,1568191,536,536,True,True,0x02,"NO_IRQ,OK,NO_IRQ,NO_IRQ","NONE,DELTA,NONE,NONE",
25.465569,2026-09-01T21:13:22.658+01:00,1352200,1568192,568,568,True,True,0x02,"NO_IRQ,OK,NO_IRQ,NO_IRQ","NONE,DELTA,NONE,NONE",
25.469962,2026-09-01T21:13:22.663+01:00,1352768,1568193,586,586,True,True,0x02,"NO_IRQ,OK,NO_IRQ,NO_IRQ","NONE,DELTA,NONE,NONE",
25.475957,2026-09-01T21:13:22.668+01:00,1353354,1568194,516,516,True,True,0x02,"NO_IRQ,OK,NO_IRQ,NO_IRQ","NONE,DELTA,NONE,NONE",
25.480080,2026-09-01T21:13:22.673+01:00,1353870,1568195,594,594,True,True,0x02,"NO_IRQ,OK,NO_IRQ,NO_IRQ","NONE,DELTA,NONE,NONE",
25.485018,2026-09-01T21:13:22.678+01:00,1354464,1568196,618,618,True,True,0x02,"NO_IRQ,OK,NO_IRQ,NO_IRQ","NONE,DELTA,NONE,NONE",
25.498280,2026-09-01T21:13:22.682+01:00,1355082,1568197,550,550,True,True,0x02,"NO_IRQ,OK,NO_IRQ,NO_IRQ","NONE,DELTA,NONE,NONE",
25.499183,2026-09-01T21:13:22.696+01:00,1355632,1568198,538,538,True,True,0x02,"NO_IRQ,OK,NO_IRQ,NO_IRQ","NONE,DELTA,NONE,NONE",
25.511724,2026-09-01T21:13:22.700+01:00,1356170,1568199,568,568,True,True,0x02,"NO_IRQ,OK,NO_IRQ,NO_IRQ","NONE,DELTA,NONE,NONE",
25.512508,2026-09-01T21:13:22.709+01:00,1356738,1568200,558,558,True,True,0x02,"NO_IRQ,OK,NO_IRQ,NO_IRQ","NONE,DELTA,NONE,NONE",
25.513201,2026-09-01T21:13:22.710+01:00,1357296,1568201,644,644,True,True,0x02,"NO_IRQ,OK,NO_IRQ,NO_IRQ","NONE,DELTA,NONE,NONE",
25.515606,2026-09-01T21:13:22.711+01:00,1357940,1568202,780,780,True,True,0x02,"NO_IRQ,OK,NO_IRQ,NO_IRQ","NONE,DELTA,NONE,NONE",
25.520557,2026-09-01T21:13:22.713+01:00,1358720,1568203,798,798,True,True,0x02,"NO_IRQ,OK,NO_IRQ,NO_IRQ","NONE,DELTA,NONE,NONE",
25.530775,2026-09-01T21:13:22.718+01:00,1359518,1568204,844,844,True,True,0x02,"NO_IRQ,OK,NO_IRQ,NO_IRQ","NONE,DELTA,NONE,NONE",
25.533779,2026-09-01T21:13:22.728+01:00,1360362,1568205,916,916,True,True,0x02,"NO_IRQ,OK,NO_IRQ,NO_IRQ","NONE,DELTA,NONE,NONE",
25.536411,2026-09-01T21:13:22.731+01:00,1361278,1568206,914,914,True,True,0x02,"NO_IRQ,OK,NO_IRQ,NO_IRQ","NONE,DELTA,NONE,NONE",
25.541988,2026-09-01T21:13:22.734+01:00,1362192,1568207,924,924,True,True,0x02,"NO_IRQ,OK,NO_IRQ,NO_IRQ","NONE,DELTA,NONE,NONE",
25.550924,2026-09-01T21:13:22.740+01:00,1363116,1568208,876,876,True,True,0x02,"NO_IRQ,OK,NO_IRQ,NO_IRQ","NONE,DELTA,NONE,NONE",
25.552491,2026-09-01T21:13:22.748+01:00,1363992,1568209,876,876,True,True,0x02,"NO_IRQ,OK,NO_IRQ,NO_IRQ","NONE,DELTA,NONE,NONE",
25.558069,2026-09-01T21:13:22.750+01:00,1364868,1568210,870,870,True,True,0x02,"NO_IRQ,OK,NO_IRQ,NO_IRQ","NONE,DELTA,NONE,NONE",
25.567377,2026-09-01T21:13:22.756+01:00,1365738,1568211,760,760,True,True,0x02,"NO_IRQ,OK,NO_IRQ,NO_IRQ","NONE,DELTA,NONE,NONE",
25.568189,2026-09-01T21:13:22.765+01:00,1366498,1568212,754,754,True,True,0x02,"NO_IRQ,OK,NO_IRQ,NO_IRQ","NONE,DELTA,NONE,NONE",
25.573162,2026-09-01T21:13:22.766+01:00,1367252,1568213,710,710,True,True,0x02,"NO_IRQ,OK,NO_IRQ,NO_IRQ","NONE,DELTA,NONE,NONE",
25.583608,2026-09-01T21:13:22.771+01:00,1367962,1568214,592,592,True,True,0x02,"NO_IRQ,OK,NO_IRQ,NO_IRQ","NONE,DELTA,NONE,NONE",
25.584414,2026-09-01T21:13:22.781+01:00,1368554,1568215,576,576,True,True,0x02,"NO_IRQ,OK,NO_IRQ,NO_IRQ","NONE,DELTA,NONE,NONE",
25.588094,2026-09-01T21:13:22.782+01:00,1369130,1568216,592,592,True,True,0x02,"NO_IRQ,OK,NO_IRQ,NO_IRQ","NONE,DELTA,NONE,NONE",
25.593124,2026-09-01T21:13:22.786+01:00,1369722,1568217,522,522,True,True,0x02,"NO_IRQ,OK,NO_IRQ,NO_IRQ","NONE,DELTA,NONE,NONE",
25.600256,2026-09-01T21:13:22.791+01:00,1370244,1568218,510,510,True,True,0x02,"NO_IRQ,OK,NO_IRQ,NO_IRQ","NONE,DELTA,NONE,NONE",
25.602960,2026-09-01T21:13:22.798+01:00,1370754,1568219,536,536,True,True,0x02,"NO_IRQ,OK,NO_IRQ,NO_IRQ","NONE,DELTA,NONE,NONE",
25.607705,2026-09-01T21:13:22.800+01:00,1371290,1568220,504,504,True,True,0x02,"NO_IRQ,OK,NO_IRQ,NO_IRQ","NONE,DELTA,NONE,NONE",
25.616493,2026-09-01T21:13:22.805+01:00,1371794,1568221,510,510,True,True,0x02,"NO_IRQ,OK,NO_IRQ,NO_IRQ","NONE,DELTA,NONE,NONE",
25.617578,2026-09-01T21:13:22.814+01:00,1372304,1568222,502,502,True,True,0x02,"NO_IRQ,OK,NO_IRQ,NO_IRQ","NONE,DELTA,NONE,NONE",
25.622853,2026-09-01T21:13:22.815+01:00,1372806,1568223,442,442,True,True,0x02,"NO_IRQ,OK,NO_IRQ,NO_IRQ","NONE,DELTA,NONE,NONE",
25.633150,2026-09-01T21:13:22.820+01:00,1373248,1568224,494,494,True,True,0x02,"NO_IRQ,OK,NO_IRQ,NO_IRQ","NONE,DELTA,NONE,NONE",
25.633897,2026-09-01T21:13:22.831+01:00,1373742,1568225,464,464,True,True,0x02,"NO_IRQ,OK,NO_IRQ,NO_IRQ","NONE,DELTA,NONE,NONE",
25.637674,2026-09-01T21:13:22.832+01:00,1374206,1568226,504,504,True,True,0x02,"NO_IRQ,OK,NO_IRQ,NO_IRQ","NONE,DELTA,NONE,NONE",
25.642519,2026-09-01T21:13:22.835+01:00,1374710,1568227,512,512,True,True,0x02,"NO_IRQ,OK,NO_IRQ,NO_IRQ","NONE,DELTA,NONE,NONE",
25.647856,2026-09-01T21:13:22.840+01:00,1375222,1568228,412,412,True,True,0x02,"NO_IRQ,OK,NO_IRQ,NO_IRQ","NONE,DELTA,NONE,NONE",
25.652826,2026-09-01T21:13:22.845+01:00,1375634,1568229,470,470,True,True,0x02,"NO_IRQ,OK,NO_IRQ,NO_IRQ","NONE,DELTA,NONE,NONE",
25.657383,2026-09-01T21:13:22.850+01:00,1376104,1568230,492,492,True,True,0x02,"NO_IRQ,OK,NO_IRQ,NO_IRQ","NONE,DELTA,NONE,NONE",
25.662404,2026-09-01T21:13:22.855+01:00,1376596,1568231,442,442,True,True,0x02,"NO_IRQ,OK,NO_IRQ,NO_IRQ","NONE,DELTA,NONE,NONE",
25.675844,2026-09-01T21:13:22.860+01:00,1377038,1568232,432,432,True,True,0x02,"NO_IRQ,OK,NO_IRQ,NO_IRQ","NONE,DELTA,NONE,NONE",
25.676858,2026-09-01T21:13:22.873+01:00,1377470,1568233,394,394,True,True,0x02,"NO_IRQ,OK,NO_IRQ,NO_IRQ","NONE,DELTA,NONE,NONE",
25.677565,2026-09-01T21:13:22.874+01:00,1377864,1568234,406,406,True,True,0x02,"NO_IRQ,OK,NO_IRQ,NO_IRQ","NONE,DELTA,NONE,NONE",
25.682675,2026-09-01T21:13:22.875+01:00,1378270,1568235,408,408,True,True,0x02,"NO_IRQ,OK,NO_IRQ,NO_IRQ","NONE,DELTA,NONE,NONE",
25.692546,2026-09-01T21:13:22.880+01:00,1378678,1568236,358,358,True,True,0x02,"NO_IRQ,OK,NO_IRQ,NO_IRQ","NONE,DELTA,NONE,NONE",
25.693237,2026-09-01T21:13:22.890+01:00,1379036,1568237,378,378,True,True,0x02,"NO_IRQ,OK,NO_IRQ,NO_IRQ","NONE,DELTA,NONE,NONE",
25.698204,2026-09-01T21:13:22.891+01:00,1379414,1568238,372,372,True,True,0x02,"NO_IRQ,OK,NO_IRQ,NO_IRQ","NONE,DELTA,NONE,NONE",
25.702403,2026-09-01T21:13:22.896+01:00,1379786,1568239,368,368,True,True,0x02,"NO_IRQ,OK,NO_IRQ,NO_IRQ","NONE,DELTA,NONE,NONE",
25.709006,2026-09-01T21:13:22.900+01:00,1380154,1568240,334,334,True,True,0x02,"NO_IRQ,OK,NO_IRQ,NO_IRQ","NONE,DELTA,NONE,NONE",
25.712486,2026-09-01T21:13:22.907+01:00,1380488,1568241,406,406,True,True,0x02,"NO_IRQ,OK,NO_IRQ,NO_IRQ","NONE,DELTA,NONE,NONE",
25.717359,2026-09-01T21:13:22.910+01:00,1380894,1568242,378,378,True,True,0x02,"NO_IRQ,OK,NO_IRQ,NO_IRQ","NONE,DELTA,NONE,NONE",
25.724822,2026-09-01T21:13:22.915+01:00,1381272,1568243,368,368,True,True,0x02,"NO_IRQ,OK,NO_IRQ,NO_IRQ","NONE,DELTA,NONE,NONE",
25.727271,2026-09-01T21:13:22.922+01:00,1381640,1568244,336,336,True,True,0x02,"NO_IRQ,OK,NO_IRQ,NO_IRQ","NONE,DELTA,NONE,NONE",
25.732206,2026-09-01T21:13:22.925+01:00,1381976,1568245,392,392,True,True,0x02,"NO_IRQ,OK,NO_IRQ,NO_IRQ","NONE,DELTA,NONE,NONE",
25.740387,2026-09-01T21:13:22.930+01:00,1382368,1568246,336,336,True,True,0x02,"NO_IRQ,OK,NO_IRQ,NO_IRQ","NONE,DELTA,NONE,NONE",
25.742266,2026-09-01T21:13:22.938+01:00,1382704,1568247,334,334,True,True,0x02,"NO_IRQ,OK,NO_IRQ,NO_IRQ","NONE,DELTA,NONE,NONE",
25.747823,2026-09-01T21:13:22.940+01:00,1383038,1568248,344,344,True,True,0x02,"NO_IRQ,OK,NO_IRQ,NO_IRQ","NONE,DELTA,NONE,NONE",
25.756464,2026-09-01T21:13:22.945+01:00,1383382,1568249,316,316,True,True,0x02,"NO_IRQ,OK,NO_IRQ,NO_IRQ","NONE,DELTA,NONE,NONE",
25.757269,2026-09-01T21:13:22.954+01:00,1383698,1568250,318,318,True,True,0x02,"NO_IRQ,OK,NO_IRQ,NO_IRQ","NONE,DELTA,NONE,NONE",
25.762344,2026-09-01T21:13:22.955+01:00,1384016,1568251,334,334,True,True,0x02,"NO_IRQ,OK,NO_IRQ,NO_IRQ","NONE,DELTA,NONE,NONE",
25.767253,2026-09-01T21:13:22.960+01:00,1384350,1568252,284,284,True,True,0x02,"NO_IRQ,OK,NO_IRQ,NO_IRQ","NONE,DELTA,NONE,NONE",
25.773763,2026-09-01T21:13:22.965+01:00,1384634,1568253,308,308,True,True,0x02,"NO_IRQ,OK,NO_IRQ,NO_IRQ","NONE,DELTA,NONE,NONE",
25.777028,2026-09-01T21:13:22.971+01:00,1384942,1568254,220,220,True,True,0x02,"NO_IRQ,OK,NO_IRQ,NO_IRQ","NONE,DELTA,NONE,NONE",
25.782178,2026-09-01T21:13:22.975+01:00,1385162,1568255,264,264,True,True,0x02,"NO_IRQ,OK,NO_IRQ,NO_IRQ","NONE,DELTA,NONE,NONE",
25.789246,2026-09-01T21:13:22.980+01:00,1385426,1568256,268,268,True,True,0x02,"NO_IRQ,OK,NO_IRQ,NO_IRQ","NONE,DELTA,NONE,NONE",
25.792133,2026-09-01T21:13:22.987+01:00,1385694,1568257,268,268,True,True,0x02,"NO_IRQ,OK,NO_IRQ,NO_IRQ","NONE,DELTA,NONE,NONE",
25.797928,2026-09-01T21:13:22.990+01:00,1385962,1568258,242,242,True,True,0x02,"NO_IRQ,OK,NO_IRQ,NO_IRQ","NONE,DELTA,NONE,NONE",
25.802044,2026-09-01T21:13:22.995+01:00,1386204,1568259,270,270,True,True,0x02,"NO_IRQ,OK,NO_IRQ,NO_IRQ","NONE,DELTA,NONE,NONE",
25.807546,2026-09-01T21:13:23.000+01:00,1386474,1568260,254,254,True,True,0x02,"NO_IRQ,OK,NO_IRQ,NO_IRQ","NONE,DELTA,NONE,NONE",
25.811900,2026-09-01T21:13:23.005+01:00,1386728,1568261,300,300,True,True,0x02,"NO_IRQ,OK,NO_IRQ,NO_IRQ","NONE,DELTA,NONE,NONE",
25.816778,2026-09-01T21:13:23.009+01:00,1387028,1568262,270,270,True,True,0x02,"NO_IRQ,OK,NO_IRQ,NO_IRQ","NONE,DELTA,NONE,NONE",
25.826849,2026-09-01T21:13:23.014+01:00,1387298,1568263,264,264,True,True,0x02,"NO_IRQ,OK,NO_IRQ,NO_IRQ","NONE,DELTA,NONE,NONE",
25.827315,2026-09-01T21:13:23.024+01:00,1387562,1568264,282,282,True,True,0x02,"NO_IRQ,OK,NO_IRQ,NO_IRQ","NONE,DELTA,NONE,NONE",
25.839942,2026-09-01T21:13:23.025+01:00,1387844,1568265,294,294,True,True,0x02,"NO_IRQ,OK,NO_IRQ,NO_IRQ","NONE,DELTA,NONE,NONE",
25.840618,2026-09-01T21:13:23.037+01:00,1388138,1568266,244,244,True,True,0x02,"NO_IRQ,OK,NO_IRQ,NO_IRQ","NONE,DELTA,NONE,NONE",
25.841740,2026-09-01T21:13:23.038+01:00,1388382,1568267,246,246,True,True,0x02,"NO_IRQ,OK,NO_IRQ,NO_IRQ","NONE,DELTA,NONE,NONE",
25.847160,2026-09-01T21:13:23.039+01:00,1388628,1568268,190,190,True,True,0x02,"NO_IRQ,OK,NO_IRQ,NO_IRQ","NONE,DELTA,NONE,NONE",
25.856732,2026-09-01T21:13:23.045+01:00,1388818,1568269,1084,1084,True,True,0x02,"NO_IRQ,OK,NO_IRQ,NO_IRQ","NONE,DELTA_SYNC,NONE,NONE",
25.857131,2026-09-01T21:13:23.054+01:00,1389902,1568270,266,266,True,True,0x02,"NO_IRQ,OK,NO_IRQ,NO_IRQ","NONE,DELTA,NONE,NONE",
25.861742,2026-09-01T21:13:23.055+01:00,1390168,1568271,280,280,True,True,0x02,"NO_IRQ,OK,NO_IRQ,NO_IRQ","NONE,DELTA,NONE,NONE",
25.866670,2026-09-01T21:13:23.059+01:00,1390448,1568272,228,228,True,True,0x02,"NO_IRQ,OK,NO_IRQ,NO_IRQ","NONE,DELTA,NONE,NONE",
25.872902,2026-09-01T21:13:23.064+01:00,1390676,1568273,222,222,True,True,0x02,"NO_IRQ,OK,NO_IRQ,NO_IRQ","NONE,DELTA,NONE,NONE",
25.877912,2026-09-01T21:13:23.071+01:00,1390898,1568274,226,226,True,True,0x02,"NO_IRQ,OK,NO_IRQ,NO_IRQ","NONE,DELTA,NONE,NONE",
25.882196,2026-09-01T21:13:23.075+01:00,1391124,1568275,218,218,True,True,0x02,"NO_IRQ,OK,NO_IRQ,NO_IRQ","NONE,DELTA,NONE,NONE",
25.890489,2026-09-01T21:13:23.080+01:00,1391342,1568276,210,210,True,True,0x02,"NO_IRQ,OK,NO_IRQ,NO_IRQ","NONE,DELTA,NONE,NONE",
25.891760,2026-09-01T21:13:23.088+01:00,1391552,1568277,206,206,True,True,0x02,"NO_IRQ,OK,NO_IRQ,NO_IRQ","NONE,DELTA,NONE,NONE",
25.897209,2026-09-01T21:13:23.089+01:00,1391758,1568278,206,206,True,True,0x02,"NO_IRQ,OK,NO_IRQ,NO_IRQ","NONE,DELTA,NONE,NONE",
25.906304,2026-09-01T21:13:23.095+01:00,1391964,1568279,242,242,True,True,0x02,"NO_IRQ,OK,NO_IRQ,NO_IRQ","NONE,DELTA,NONE,NONE",
25.907067,2026-09-01T21:13:23.104+01:00,1392206,1568280,208,208,True,True,0x02,"NO_IRQ,OK,NO_IRQ,NO_IRQ","NONE,DELTA,NONE,NONE",
25.911687,2026-09-01T21:13:23.105+01:00,1392414,1568281,210,210,True,True,0x02,"NO_IRQ,OK,NO_IRQ,NO_IRQ","NONE,DELTA,NONE,NONE",
25.922448,2026-09-01T21:13:23.109+01:00,1392624,1568282,220,220,True,True,0x02,"NO_IRQ,OK,NO_IRQ,NO_IRQ","NONE,DELTA,NONE,NONE",
25.923804,2026-09-01T21:13:23.120+01:00,1392844,1568283,188,188,True,True,0x02,"NO_IRQ,OK,NO_IRQ,NO_IRQ","NONE,DELTA,NONE,NONE",
25.926890,2026-09-01T21:13:23.121+01:00,1393032,1568284,210,210,True,True,0x02,"NO_IRQ,OK,NO_IRQ,NO_IRQ","NONE,DELTA,NONE,NONE",
25.932398,2026-09-01T21:13:23.124+01:00,1393242,1568285,226,226,True,True,0x02,"NO_IRQ,OK,NO_IRQ,NO_IRQ","NONE,DELTA,NONE,NONE",
25.940100,2026-09-01T21:13:23.130+01:00,1393468,1568286,202,202,True,True,0x02,"NO_IRQ,OK,NO_IRQ,NO_IRQ","NONE,DELTA,NONE,NONE",
25.941713,2026-09-01T21:13:23.138+01:00,1393670,1568287,216,216,True,True,0x02,"NO_IRQ,OK,NO_IRQ,NO_IRQ","NONE,DELTA,NONE,NONE",
25.946834,2026-09-01T21:13:23.139+01:00,1393886,1568288,190,190,True,True,0x02,"NO_IRQ,OK,NO_IRQ,NO_IRQ","NONE,DELTA,NONE,NONE",
25.955899,2026-09-01T21:13:23.144+01:00,1394076,1568289,190,190,True,True,0x02,"NO_IRQ,OK,NO_IRQ,NO_IRQ","NONE,DELTA,NONE,NONE",
25.956751,2026-09-01T21:13:23.154+01:00,1394266,1568290,232,232,True,True,0x02,"NO_IRQ,OK,NO_IRQ,NO_IRQ","NONE,DELTA,NONE,NONE",
25.962044,2026-09-01T21:13:23.154+01:00,1394498,1568291,198,198,True,True,0x02,"NO_IRQ,OK,NO_IRQ,NO_IRQ","NONE,DELTA,NONE,NONE",
25.967066,2026-09-01T21:13:23.160+01:00,1394696,1568292,212,212,True,True,0x02,"NO_IRQ,OK,NO_IRQ,NO_IRQ","NONE,DELTA,NONE,NONE",
25.971564,2026-09-01T21:13:23.165+01:00,1394908,1568293,230,230,True,True,0x02,"NO_IRQ,OK,NO_IRQ,NO_IRQ","NONE,DELTA,NONE,NONE",
25.976360,2026-09-01T21:13:23.169+01:00,1395138,1568294,208,208,True,True,0x02,"NO_IRQ,OK,NO_IRQ,NO_IRQ","NONE,DELTA,NONE,NONE",
25.981722,2026-09-01T21:13:23.174+01:00,1395346,1568295,206,206,True,True,0x02,"NO_IRQ,OK,NO_IRQ,NO_IRQ","NONE,DELTA,NONE,NONE",
25.996090,2026-09-01T21:13:23.179+01:00,1395552,1568296,192,192,True,True,0x02,"NO_IRQ,OK,NO_IRQ,NO_IRQ","NONE,DELTA,NONE,NONE",
25.997758,2026-09-01T21:13:23.194+01:00,1395744,1568297,192,192,True,True,0x02,"NO_IRQ,OK,NO_IRQ,NO_IRQ","NONE,DELTA,NONE,NONE",
25.998040,2026-09-01T21:13:23.195+01:00,1395936,1568298,210,210,True,True,0x02,"NO_IRQ,OK,NO_IRQ,NO_IRQ","NONE,DELTA,NONE,NONE",
26.001691,2026-09-01T21:13:23.196+01:00,1396146,1568299,202,202,True,True,0x02,"NO_IRQ,OK,NO_IRQ,NO_IRQ","NONE,DELTA,NONE,NONE",
26.006515,2026-09-01T21:13:23.199+01:00,1396348,1568300,206,206,True,True,0x02,"NO_IRQ,OK,NO_IRQ,NO_IRQ","NONE,DELTA,NONE,NONE",
26.013217,2026-09-01T21:13:23.204+01:00,1396554,1568301,196,196,True,True,0x02,"NO_IRQ,OK,NO_IRQ,NO_IRQ","NONE,DELTA,NONE,NONE",
26.016938,2026-09-01T21:13:23.211+01:00,1396750,1568302,202,202,True,True,0x02,"NO_IRQ,OK,NO_IRQ,NO_IRQ","NONE,DELTA,NONE,NONE",
26.021345,2026-09-01T21:13:23.214+01:00,1396952,1568303,214,214,True,True,0x02,"NO_IRQ,OK,NO_IRQ,NO_IRQ","NONE,DELTA,NONE,NONE",
26.029034,2026-09-01T21:13:23.219+01:00,1397166,1568304,218,218,True,True,0x02,"NO_IRQ,OK,NO_IRQ,NO_IRQ","NONE,DELTA,NONE,NONE",
26.031717,2026-09-01T21:13:23.227+01:00,1397384,1568305,206,206,True,True,0x02,"NO_IRQ,OK,NO_IRQ,NO_IRQ","NONE,DELTA,NONE,NONE",
26.036628,2026-09-01T21:13:23.229+01:00,1397590,1568306,206,206,True,True,0x02,"NO_IRQ,OK,NO_IRQ,NO_IRQ","NONE,DELTA,NONE,NONE",
26.044998,2026-09-01T21:13:23.234+01:00,1397796,1568307,176,176,True,True,0x02,"NO_IRQ,OK,NO_IRQ,NO_IRQ","NONE,DELTA,NONE,NONE",
26.046464,2026-09-01T21:13:23.242+01:00,1397972,1568308,182,182,True,True,0x02,"NO_IRQ,OK,NO_IRQ,NO_IRQ","NONE,DELTA,NONE,NONE",
26.051512,2026-09-01T21:13:23.244+01:00,1398154,1568309,214,214,True,True,0x02,"NO_IRQ,OK,NO_IRQ,NO_IRQ","NONE,DELTA,NONE,NONE",
26.061287,2026-09-01T21:13:23.249+01:00,1398368,1568310,200,200,True,True,0x02,"NO_IRQ,OK,NO_IRQ,NO_IRQ","NONE,DELTA,NONE,NONE",
26.061940,2026-09-01T21:13:23.259+01:00,1398568,1568311,194,194,True,True,0x02,"NO_IRQ,OK,NO_IRQ,NO_IRQ","NONE,DELTA,NONE,NONE",
26.066630,2026-09-01T21:13:23.259+01:00,1398762,1568312,212,212,True,True,0x02,"NO_IRQ,OK,NO_IRQ,NO_IRQ","NONE,DELTA,NONE,NONE",
26.077384,2026-09-01T21:13:23.264+01:00,1398974,1568313,186,186,True,True,0x02,"NO_IRQ,OK,NO_IRQ,NO_IRQ","NONE,DELTA,NONE,NONE",
26.078259,2026-09-01T21:13:23.275+01:00,1399160,1568314,190,190,True,True,0x02,"NO_IRQ,OK,NO_IRQ,NO_IRQ","NONE,DELTA,NONE,NONE",
26.081376,2026-09-01T21:13:23.276+01:00,1399350,1568315,184,184,True,True,0x02,"NO_IRQ,OK,NO_IRQ,NO_IRQ","NONE,DELTA,NONE,NONE",
26.086312,2026-09-01T21:13:23.279+01:00,1399534,1568316,210,210,True,True,0x02,"NO_IRQ,OK,NO_IRQ,NO_IRQ","NONE,DELTA,NONE,NONE",
26.093184,2026-09-01T21:13:23.284+01:00,1399744,1568317,220,220,True,True,0x02,"NO_IRQ,OK,NO_IRQ,NO_IRQ","NONE,DELTA,NONE,NONE",
26.096466,2026-09-01T21:13:23.291+01:00,1399964,1568318,188,188,True,True,0x02,"NO_IRQ,OK,NO_IRQ,NO_IRQ","NONE,DELTA,NONE,NONE",
26.101233,2026-09-01T21:13:23.294+01:00,1400152,1568319,192,192,True,True,0x02,"NO_IRQ,OK,NO_IRQ,NO_IRQ","NONE,DELTA,NONE,NONE",
26.108579,2026-09-01T21:13:23.299+01:00,1400344,1568320,196,196,True,True,0x02,"NO_IRQ,OK,NO_IRQ,NO_IRQ","NONE,DELTA,NONE,NONE",
26.111415,2026-09-01T21:13:23.306+01:00,1400540,1568321,194,194,True,True,0x02,"NO_IRQ,OK,NO_IRQ,NO_IRQ","NONE,DELTA,NONE,NONE",
26.116328,2026-09-01T21:13:23.309+01:00,1400734,1568322,176,176,True,True,0x02,"NO_IRQ,OK,NO_IRQ,NO_IRQ","NONE,DELTA,NONE,NONE",
26.121700,2026-09-01T21:13:23.314+01:00,1400910,1568323,200,200,True,True,0x02,"NO_IRQ,OK,NO_IRQ,NO_IRQ","NONE,DELTA,NONE,NONE",
26.126242,2026-09-01T21:13:23.319+01:00,1401110,1568324,224,224,True,True,0x02,"NO_IRQ,OK,NO_IRQ,NO_IRQ","NONE,DELTA,NONE,NONE",
26.131091,2026-09-01T21:13:23.324+01:00,1401334,1568325,206,206,True,True,0x02,"NO_IRQ,OK,NO_IRQ,NO_IRQ","NONE,DELTA,NONE,NONE",
26.136059,2026-09-01T21:13:23.329+01:00,1401540,1568326,216,216,True,True,0x02,"NO_IRQ,OK,NO_IRQ,NO_IRQ","NONE,DELTA,NONE,NONE",
26.145814,2026-09-01T21:13:23.334+01:00,1401756,1568327,212,212,True,True,0x02,"NO_IRQ,OK,NO_IRQ,NO_IRQ","NONE,DELTA,NONE,NONE",
26.146147,2026-09-01T21:13:23.343+01:00,1401968,1568328,192,192,True,True,0x02,"NO_IRQ,OK,NO_IRQ,NO_IRQ","NONE,DELTA,NONE,NONE",
26.155857,2026-09-01T21:13:23.344+01:00,1402160,1568329,210,210,True,True,0x02,"NO_IRQ,OK,NO_IRQ,NO_IRQ","NONE,DELTA,NONE,NONE",
26.161586,2026-09-01T21:13:23.353+01:00,1402370,1568330,198,198,True,True,0x02,"NO_IRQ,OK,NO_IRQ,NO_IRQ","NONE,DELTA,NONE,NONE",
26.162386,2026-09-01T21:13:23.359+01:00,1402568,1568331,162,162,True,True,0x02,"NO_IRQ,OK,NO_IRQ,NO_IRQ","NONE,DELTA,NONE,NONE",
26.166259,2026-09-01T21:13:23.360+01:00,1402730,1568332,192,192,True,True,0x02,"NO_IRQ,OK,NO_IRQ,NO_IRQ","NONE,DELTA,NONE,NONE",
26.176879,2026-09-01T21:13:23.364+01:00,1402922,1568333,198,198,True,True,0x02,"NO_IRQ,OK,NO_IRQ,NO_IRQ","NONE,DELTA,NONE,NONE",
26.177521,2026-09-01T21:13:23.374+01:00,1403120,1568334,190,190,True,True,0x02,"NO_IRQ,OK,NO_IRQ,NO_IRQ","NONE,DELTA,NONE,NONE",
26.181286,2026-09-01T21:13:23.375+01:00,1403310,1568335,210,210,True,True,0x02,"NO_IRQ,OK,NO_IRQ,NO_IRQ","NONE,DELTA,NONE,NONE",
26.186233,2026-09-01T21:13:23.379+01:00,1403520,1568336,204,204,True,True,0x02,"NO_IRQ,OK,NO_IRQ,NO_IRQ","NONE,DELTA,NONE,NONE",
26.193639,2026-09-01T21:13:23.384+01:00,1403724,1568337,174,174,True,True,0x02,"NO_IRQ,OK,NO_IRQ,NO_IRQ","NONE,DELTA,NONE,NONE",
26.196081,2026-09-01T21:13:23.391+01:00,1403898,1568338,166,166,True,True,0x02,"NO_IRQ,OK,NO_IRQ,NO_IRQ","NONE,DELTA,NONE,NONE",
26.201281,2026-09-01T21:13:23.394+01:00,1404064,1568339,194,194,True,True,0x02,"NO_IRQ,OK,NO_IRQ,NO_IRQ","NONE,DELTA,NONE,NONE",
26.209518,2026-09-01T21:13:23.399+01:00,1404258,1568340,194,194,True,True,0x02,"NO_IRQ,OK,NO_IRQ,NO_IRQ","NONE,DELTA,NONE,NONE",
26.210973,2026-09-01T21:13:23.407+01:00,1404452,1568341,198,198,True,True,0x02,"NO_IRQ,OK,NO_IRQ,NO_IRQ","NONE,DELTA,NONE,NONE",
26.215960,2026-09-01T21:13:23.409+01:00,1404650,1568342,174,174,True,True,0x02,"NO_IRQ,OK,NO_IRQ,NO_IRQ","NONE,DELTA,NONE,NONE",
26.225366,2026-09-01T21:13:23.414+01:00,1404824,1568343,264,264,True,True,0x02,"NO_IRQ,OK,NO_IRQ,NO_IRQ","NONE,DELTA,NONE,NONE",
26.226234,2026-09-01T21:13:23.423+01:00,1405088,1568344,318,318,True,True,0x02,"NO_IRQ,OK,NO_IRQ,NO_IRQ","NONE,DELTA,NONE,NONE",
26.231410,2026-09-01T21:13:23.424+01:00,1405406,1568345,340,340,True,True,0x02,"NO_IRQ,OK,NO_IRQ,NO_IRQ","NONE,DELTA,NONE,NONE",
26.241123,2026-09-01T21:13:23.429+01:00,1405746,1568346,390,390,True,True,0x02,"NO_IRQ,OK,NO_IRQ,NO_IRQ","NONE,DELTA,NONE,NONE",
26.241781,2026-09-01T21:13:23.439+01:00,1406136,1568347,364,364,True,True,0x02,"NO_IRQ,OK,NO_IRQ,NO_IRQ","NONE,DELTA,NONE,NONE",
26.246404,2026-09-01T21:13:23.439+01:00,1406500,1568348,338,338,True,True,0x02,"NO_IRQ,OK,NO_IRQ,NO_IRQ","NONE,DELTA,NONE,NONE",
26.257381,2026-09-01T21:13:23.444+01:00,1406838,1568349,344,344,True,True,0x02,"NO_IRQ,OK,NO_IRQ,NO_IRQ","NONE,DELTA,NONE,NONE",
26.258132,2026-09-01T21:13:23.455+01:00,1407182,1568350,380,380,True,True,0x02,"NO_IRQ,OK,NO_IRQ,NO_IRQ","NONE,DELTA,NONE,NONE",
26.261118,2026-09-01T21:13:23.456+01:00,1407562,1568351,356,356,True,True,0x02,"NO_IRQ,OK,NO_IRQ,NO_IRQ","NONE,DELTA,NONE,NONE",
26.266172,2026-09-01T21:13:23.459+01:00,1407918,1568352,336,336,True,True,0x02,"NO_IRQ,OK,NO_IRQ,NO_IRQ","NONE,DELTA,NONE,NONE",
26.273411,2026-09-01T21:13:23.464+01:00,1408254,1568353,352,352,True,True,0x02,"NO_IRQ,OK,NO_IRQ,NO_IRQ","NONE,DELTA,NONE,NONE",
26.276583,2026-09-01T21:13:23.471+01:00,1408606,1568354,386,386,True,True,0x02,"NO_IRQ,OK,NO_IRQ,NO_IRQ","NONE,DELTA,NONE,NONE",
26.281783,2026-09-01T21:13:23.474+01:00,1408992,1568355,424,424,True,True,0x02,"NO_IRQ,OK,NO_IRQ,NO_IRQ","NONE,DELTA,NONE,NONE",
26.286752,2026-09-01T21:13:23.479+01:00,1409416,1568356,384,384,True,True,0x02,"NO_IRQ,OK,NO_IRQ,NO_IRQ","NONE,DELTA,NONE,NONE",
26.291705,2026-09-01T21:13:23.484+01:00,1409800,1568357,364,364,True,True,0x02,"NO_IRQ,OK,NO_IRQ,NO_IRQ","NONE,DELTA,NONE,NONE",
26.296083,2026-09-01T21:13:23.489+01:00,1410164,1568358,400,400,True,True,0x02,"NO_IRQ,OK,NO_IRQ,NO_IRQ","NONE,DELTA,NONE,NONE",
26.300982,2026-09-01T21:13:23.494+01:00,1410564,1568359,364,364,True,True,0x02,"NO_IRQ,OK,NO_IRQ,NO_IRQ","NONE,DELTA,NONE,NONE",
26.315974,2026-09-01T21:13:23.498+01:00,1410928,1568360,358,358,True,True,0x02,"NO_IRQ,OK,NO_IRQ,NO_IRQ","NONE,DELTA,NONE,NONE",
26.316700,2026-09-01T21:13:23.513+01:00,1411286,1568361,344,344,True,True,0x02,"NO_IRQ,OK,NO_IRQ,NO_IRQ","NONE,DELTA,NONE,NONE",
26.317351,2026-09-01T21:13:23.514+01:00,1411630,1568362,384,384,True,True,0x02,"NO_IRQ,OK,NO_IRQ,NO_IRQ","NONE,DELTA,NONE,NONE",
26.321295,2026-09-01T21:13:23.515+01:00,1412014,1568363,386,386,True,True,0x02,"NO_IRQ,OK,NO_IRQ,NO_IRQ","NONE,DELTA,NONE,NONE",
26.332665,2026-09-01T21:13:23.519+01:00,1412400,1568364,566,566,True,True,0x02,"NO_IRQ,OK,NO_IRQ,NO_IRQ","NONE,DELTA,NONE,NONE",
26.334410,2026-09-01T21:13:23.531+01:00,1412966,1568365,654,654,True,True,0x02,"NO_IRQ,OK,NO_IRQ,NO_IRQ","NONE,DELTA,NONE,NONE",
26.336942,2026-09-01T21:13:23.532+01:00,1413620,1568366,672,672,True,True,0x02,"NO_IRQ,OK,NO_IRQ,NO_IRQ","NONE,DELTA,NONE,NONE",
26.341819,2026-09-01T21:13:23.534+01:00,1414292,1568367,706,706,True,True,0x02,"NO_IRQ,OK,NO_IRQ,NO_IRQ","NONE,DELTA,NONE,NONE",
26.350328,2026-09-01T21:13:23.539+01:00,1414998,1568368,642,642,True,True,0x02,"NO_IRQ,OK,NO_IRQ,NO_IRQ","NONE,DELTA,NONE,NONE",
26.351836,2026-09-01T21:13:23.548+01:00,1415640,1568369,646,646,True,True,0x02,"NO_IRQ,OK,NO_IRQ,NO_IRQ","NONE,DELTA,NONE,NONE",
26.357337,2026-09-01T21:13:23.550+01:00,1416286,1568370,606,606,True,True,0x02,"NO_IRQ,OK,NO_IRQ,NO_IRQ","NONE,DELTA,NONE,NONE",
26.368223,2026-09-01T21:13:23.555+01:00,1416892,1568371,574,574,True,True,0x02,"NO_IRQ,OK,NO_IRQ,NO_IRQ","NONE,DELTA,NONE,NONE",
26.369284,2026-09-01T21:13:23.566+01:00,1417466,1568372,650,650,True,True,0x02,"NO_IRQ,OK,NO_IRQ,NO_IRQ","NONE,DELTA,NONE,NONE",
26.371870,2026-09-01T21:13:23.567+01:00,1418116,1568373,670,670,True,True,0x02,"NO_IRQ,OK,NO_IRQ,NO_IRQ","NONE,DELTA,NONE,NONE",
26.376585,2026-09-01T21:13:23.569+01:00,1418786,1568374,626,626,True,True,0x02,"NO_IRQ,OK,NO_IRQ,NO_IRQ","NONE,DELTA,NONE,NONE",
26.385540,2026-09-01T21:13:23.574+01:00,1419412,1568375,674,674,True,True,0x02,"NO_IRQ,OK,NO_IRQ,NO_IRQ","NONE,DELTA,NONE,NONE",
26.386607,2026-09-01T21:13:23.583+01:00,1420086,1568376,672,672,True,True,0x02,"NO_IRQ,OK,NO_IRQ,NO_IRQ","NONE,DELTA,NONE,NONE",
26.392101,2026-09-01T21:13:23.584+01:00,1420758,1568377,646,646,True,True,0x02,"NO_IRQ,OK,NO_IRQ,NO_IRQ","NONE,DELTA,NONE,NONE",
26.401751,2026-09-01T21:13:23.590+01:00,1421404,1568378,662,662,True,True,0x02,"NO_IRQ,OK,NO_IRQ,NO_IRQ","NONE,DELTA,NONE,NONE",
26.402799,2026-09-01T21:13:23.599+01:00,1422066,1568379,654,654,True,True,0x02,"NO_IRQ,OK,NO_IRQ,NO_IRQ","NONE,DELTA,NONE,NONE",
26.406631,2026-09-01T21:13:23.600+01:00,1422720,1568380,566,566,True,True,0x02,"NO_IRQ,OK,NO_IRQ,NO_IRQ","NONE,DELTA,NONE,NONE",
26.411632,2026-09-01T21:13:23.604+01:00,1423286,1568381,604,604,True,True,0x02,"NO_IRQ,OK,NO_IRQ,NO_IRQ","NONE,DELTA,NONE,NONE",
26.418557,2026-09-01T21:13:23.609+01:00,1423890,1568382,632,632,True,True,0x02,"NO_IRQ,OK,NO_IRQ,NO_IRQ","NONE,DELTA,NONE,NONE",
26.422209,2026-09-01T21:13:23.616+01:00,1424522,1568383,614,614,True,True,0x02,"NO_IRQ,OK,NO_IRQ,NO_IRQ","NONE,DELTA,NONE,NONE",
26.426811,2026-09-01T21:13:23.620+01:00,1425136,1568384,600,600,True,True,0x02,"NO_IRQ,OK,NO_IRQ,NO_IRQ","NONE,DELTA,NONE,NONE",
26.434412,2026-09-01T21:13:23.625+01:00,1425736,1568385,598,598,True,True,0x02,"NO_IRQ,OK,NO_IRQ,NO_IRQ","NONE,DELTA,NONE,NONE",
26.436852,2026-09-01T21:13:23.632+01:00,1426334,1568386,630,630,True,True,0x02,"NO_IRQ,OK,NO_IRQ,NO_IRQ","NONE,DELTA,NONE,NONE",
26.442111,2026-09-01T21:13:23.634+01:00,1426964,1568387,630,630,True,True,0x02,"NO_IRQ,OK,NO_IRQ,NO_IRQ","NONE,DELTA,NONE,NONE",
26.447043,2026-09-01T21:13:23.640+01:00,1427594,1568388,666,666,True,True,0x02,"NO_IRQ,OK,NO_IRQ,NO_IRQ","NONE,DELTA,NONE,NONE",
26.452005,2026-09-01T21:13:23.645+01:00,1428260,1568389,646,646,True,True,0x02,"NO_IRQ,OK,NO_IRQ,NO_IRQ","NONE,DELTA,NONE,NONE",
26.456871,2026-09-01T21:13:23.649+01:00,1428906,1568390,602,602,True,True,0x02,"NO_IRQ,OK,NO_IRQ,NO_IRQ","NONE,DELTA,NONE,NONE",
26.461770,2026-09-01T21:13:23.654+01:00,1429508,1568391,572,572,True,True,0x02,"NO_IRQ,OK,NO_IRQ,NO_IRQ","NONE,DELTA,NONE,NONE",
26.472150,2026-09-01T21:13:23.659+01:00,1430080,1568392,536,536,True,True,0x02,"NO_IRQ,OK,NO_IRQ,NO_IRQ","NONE,DELTA,NONE,NONE",
26.472710,2026-09-01T21:13:23.670+01:00,1430616,1568393,594,594,True,True,0x02,"NO_IRQ,OK,NO_IRQ,NO_IRQ","NONE,DELTA,NONE,NONE",
26.484729,2026-09-01T21:13:23.670+01:00,1431210,1568394,568,568,True,True,0x02,"NO_IRQ,OK,NO_IRQ,NO_IRQ","NONE,DELTA,NONE,NONE",
26.485520,2026-09-01T21:13:23.683+01:00,1431778,1568395,538,538,True,True,0x02,"NO_IRQ,OK,NO_IRQ,NO_IRQ","NONE,DELTA,NONE,NONE",
26.487736,2026-09-01T21:13:23.683+01:00,1432316,1568396,618,618,True,True,0x02,"NO_IRQ,OK,NO_IRQ,NO_IRQ","NONE,DELTA,NONE,NONE",
26.493057,2026-09-01T21:13:23.685+01:00,1432934,1568397,540,540,True,True,0x02,"NO_IRQ,OK,NO_IRQ,NO_IRQ","NONE,DELTA,NONE,NONE",
26.503315,2026-09-01T21:13:23.691+01:00,1433474,1568398,550,550,True,True,0x02,"NO_IRQ,OK,NO_IRQ,NO_IRQ","NONE,DELTA,NONE,NONE",
26.504208,2026-09-01T21:13:23.701+01:00,1434024,1568399,580,580,True,True,0x02,"NO_IRQ,OK,NO_IRQ,NO_IRQ","NONE,DELTA,NONE,NONE",
26.506812,2026-09-01T21:13:23.702+01:00,1434604,1568400,542,542,True,True,0x02,"NO_IRQ,OK,NO_IRQ,NO_IRQ","NONE,DELTA,NONE,NONE",
26.511450,2026-09-01T21:13:23.704+01:00,1435146,1568401,560,560,True,True,0x02,"NO_IRQ,OK,NO_IRQ,NO_IRQ","NONE,DELTA,NONE,NONE",
26.517217,2026-09-01T21:13:23.709+01:00,1435706,1568402,650,650,True,True,0x02,"NO_IRQ,OK,NO_IRQ,NO_IRQ","NONE,DELTA,NONE,NONE",
26.522218,2026-09-01T21:13:23.715+01:00,1436356,1568403,650,650,True,True,0x02,"NO_IRQ,OK,NO_IRQ,NO_IRQ","NONE,DELTA,NONE,NONE",
26.526690,2026-09-01T21:13:23.720+01:00,1437006,1568404,566,566,True,True,0x02,"NO_IRQ,OK,NO_IRQ,NO_IRQ","NONE,DELTA,NONE,NONE",
26.531819,2026-09-01T21:13:23.724+01:00,1437572,1568405,550,550,True,True,0x02,"NO_IRQ,OK,NO_IRQ,NO_IRQ","NONE,DELTA,NONE,NONE",
26.539060,2026-09-01T21:13:23.730+01:00,1438122,1568406,572,572,True,True,0x02,"NO_IRQ,OK,NO_IRQ,NO_IRQ","NONE,DELTA,NONE,NONE",
26.541475,2026-09-01T21:13:23.737+01:00,1438694,1568407,528,528,True,True,0x02,"NO_IRQ,OK,NO_IRQ,NO_IRQ","NONE,DELTA,NONE,NONE",
26.547688,2026-09-01T21:13:23.739+01:00,1439222,1568408,510,510,True,True,0x02,"NO_IRQ,OK,NO_IRQ,NO_IRQ","NONE,DELTA,NONE,NONE",
26.555825,2026-09-01T21:13:23.745+01:00,1439732,1568409,558,558,True,True,0x02,"NO_IRQ,OK,NO_IRQ,NO_IRQ","NONE,DELTA,NONE,NONE",
26.556768,2026-09-01T21:13:23.754+01:00,1440290,1568410,534,534,True,True,0x02,"NO_IRQ,OK,NO_IRQ,NO_IRQ","NONE,DELTA,NONE,NONE",
26.561508,2026-09-01T21:13:23.754+01:00,1440824,1568411,484,484,True,True,0x02,"NO_IRQ,OK,NO_IRQ,NO_IRQ","NONE,DELTA,NONE,NONE",
26.571422,2026-09-01T21:13:23.759+01:00,1441308,1568412,444,444,True,True,0x02,"NO_IRQ,OK,NO_IRQ,NO_IRQ","NONE,DELTA,NONE,NONE",
26.572330,2026-09-01T21:13:23.769+01:00,1441752,1568413,464,464,True,True,0x02,"NO_IRQ,OK,NO_IRQ,NO_IRQ","NONE,DELTA,NONE,NONE",
26.576236,2026-09-01T21:13:23.770+01:00,1442216,1568414,404,404,True,True,0x02,"NO_IRQ,OK,NO_IRQ,NO_IRQ","NONE,DELTA,NONE,NONE",
26.586910,2026-09-01T21:13:23.774+01:00,1442620,1568415,570,570,True,True,0x02,"NO_IRQ,OK,NO_IRQ,NO_IRQ","NONE,DELTA,NONE,NONE",
26.587685,2026-09-01T21:13:23.784+01:00,1443190,1568416,544,544,True,True,0x02,"NO_IRQ,OK,NO_IRQ,NO_IRQ","NONE,DELTA,NONE,NONE",
26.591656,2026-09-01T21:13:23.785+01:00,1443734,1568417,654,654,True,True,0x02,"NO_IRQ,OK,NO_IRQ,NO_IRQ","NONE,DELTA,NONE,NONE",
26.596513,2026-09-01T21:13:23.789+01:00,1444388,1568418,618,618,True,True,0x02,"NO_IRQ,OK,NO_IRQ,NO_IRQ","NONE,DELTA,NONE,NONE",
26.603125,2026-09-01T21:13:23.794+01:00,1445006,1568419,574,574,True,True,0x02,"NO_IRQ,OK,NO_IRQ,NO_IRQ","NONE,DELTA,NONE,NONE",
26.606716,2026-09-01T21:13:23.801+01:00,1445580,1568420,620,620,True,True,0x02,"NO_IRQ,OK,NO_IRQ,NO_IRQ","NONE,DELTA,NONE,NONE",
26.611445,2026-09-01T21:13:23.804+01:00,1446200,1568421,528,528,True,True,0x02,"NO_IRQ,OK,NO_IRQ,NO_IRQ","NONE,DELTA,NONE,NONE",
26.616880,2026-09-01T21:13:23.809+01:00,1446728,1568422,550,550,True,True,0x02,"NO_IRQ,OK,NO_IRQ,NO_IRQ","NONE,DELTA,NONE,NONE",
26.621444,2026-09-01T21:13:23.814+01:00,1447278,1568423,578,578,True,True,0x02,"NO_IRQ,OK,NO_IRQ,NO_IRQ","NONE,DELTA,NONE,NONE",
26.626615,2026-09-01T21:13:23.819+01:00,1447856,1568424,602,602,True,True,0x02,"NO_IRQ,OK,NO_IRQ,NO_IRQ","NONE,DELTA,NONE,NONE",
26.639788,2026-09-01T21:13:23.824+01:00,1448458,1568425,580,580,True,True,0x02,"NO_IRQ,OK,NO_IRQ,NO_IRQ","NONE,DELTA,NONE,NONE",
26.643352,2026-09-01T21:13:23.840+01:00,1449038,1568426,610,610,True,True,0x02,"NO_IRQ,OK,NO_IRQ,NO_IRQ","NONE,DELTA,NONE,NONE",
26.644071,2026-09-01T21:13:23.841+01:00,1449648,1568427,592,592,True,True,0x02,"NO_IRQ,OK,NO_IRQ,NO_IRQ","NONE,DELTA,NONE,NONE",
26.646820,2026-09-01T21:13:23.842+01:00,1450240,1568428,668,668,True,True,0x02,"NO_IRQ,OK,NO_IRQ,NO_IRQ","NONE,DELTA,NONE,NONE",
26.652006,2026-09-01T21:13:23.844+01:00,1450908,1568429,646,646,True,True,0x02,"NO_IRQ,OK,NO_IRQ,NO_IRQ","NONE,DELTA,NONE,NONE",
26.660761,2026-09-01T21:13:23.850+01:00,1451554,1568430,556,556,True,True,0x02,"NO_IRQ,OK,NO_IRQ,NO_IRQ","NONE,DELTA,NONE,NONE",
26.661673,2026-09-01T21:13:23.858+01:00,1452110,1568431,606,606,True,True,0x02,"NO_IRQ,OK,NO_IRQ,NO_IRQ","NONE,DELTA,NONE,NONE",
26.666794,2026-09-01T21:13:23.859+01:00,1452716,1568432,600,600,True,True,0x02,"NO_IRQ,OK,NO_IRQ,NO_IRQ","NONE,DELTA,NONE,NONE",
26.676642,2026-09-01T21:13:23.864+01:00,1453316,1568433,576,576,True,True,0x02,"NO_IRQ,OK,NO_IRQ,NO_IRQ","NONE,DELTA,NONE,NONE",
26.677481,2026-09-01T21:13:23.874+01:00,1453892,1568434,590,590,True,True,0x02,"NO_IRQ,OK,NO_IRQ,NO_IRQ","NONE,DELTA,NONE,NONE",
26.681436,2026-09-01T21:13:23.875+01:00,1454482,1568435,516,516,True,True,0x02,"NO_IRQ,OK,NO_IRQ,NO_IRQ","NONE,DELTA,NONE,NONE",
26.686809,2026-09-01T21:13:23.879+01:00,1454998,1568436,476,476,True,True,0x02,"NO_IRQ,OK,NO_IRQ,NO_IRQ","NONE,DELTA,NONE,NONE",
26.693542,2026-09-01T21:13:23.884+01:00,1455474,1568437,430,430,True,True,0x02,"NO_IRQ,OK,NO_IRQ,NO_IRQ","NONE,DELTA,NONE,NONE",
26.696303,2026-09-01T21:13:23.891+01:00,1455904,1568438,458,458,True,True,0x02,"NO_IRQ,OK,NO_IRQ,NO_IRQ","NONE,DELTA,NONE,NONE",
26.701176,2026-09-01T21:13:23.894+01:00,1456362,1568439,502,502,True,True,0x02,"NO_IRQ,OK,NO_IRQ,NO_IRQ","NONE,DELTA,NONE,NONE",
26.710498,2026-09-01T21:13:23.899+01:00,1456864,1568440,578,578,True,True,0x02,"NO_IRQ,OK,NO_IRQ,NO_IRQ","NONE,DELTA,NONE,NONE",
26.711243,2026-09-01T21:13:23.908+01:00,1457442,1568441,552,552,True,True,0x02,"NO_IRQ,OK,NO_IRQ,NO_IRQ","NONE,DELTA,NONE,NONE",
26.716447,2026-09-01T21:13:23.909+01:00,1457994,1568442,516,516,True,True,0x02,"NO_IRQ,OK,NO_IRQ,NO_IRQ","NONE,DELTA,NONE,NONE",
26.726070,2026-09-01T21:13:23.914+01:00,1458510,1568443,524,524,True,True,0x02,"NO_IRQ,OK,NO_IRQ,NO_IRQ","NONE,DELTA,NONE,NONE",
26.727024,2026-09-01T21:13:23.924+01:00,1459034,1568444,522,522,True,True,0x02,"NO_IRQ,OK,NO_IRQ,NO_IRQ","NONE,DELTA,NONE,NONE",
26.731801,2026-09-01T21:13:23.924+01:00,1459556,1568445,548,548,True,True,0x02,"NO_IRQ,OK,NO_IRQ,NO_IRQ","NONE,DELTA,NONE,NONE",
26.736186,2026-09-01T21:13:23.929+01:00,1460104,1568446,554,554,True,True,0x02,"NO_IRQ,OK,NO_IRQ,NO_IRQ","NONE,DELTA,NONE,NONE",
26.742692,2026-09-01T21:13:23.934+01:00,1460658,1568447,528,528,True,True,0x02,"NO_IRQ,OK,NO_IRQ,NO_IRQ","NONE,DELTA,NONE,NONE",
26.746323,2026-09-01T21:13:23.940+01:00,1461186,1568448,484,484,True,True,0x02,"NO_IRQ,OK,NO_IRQ,NO_IRQ","NONE,DELTA,NONE,NONE",
26.751280,2026-09-01T21:13:23.944+01:00,1461670,1568449,456,456,True,True,0x02,"NO_IRQ,OK,NO_IRQ,NO_IRQ","NONE,DELTA,NONE,NONE",
26.758773,2026-09-01T21:13:23.949+01:00,1462126,1568450,442,442,True,True,0x02,"NO_IRQ,OK,NO_IRQ,NO_IRQ","NONE,DELTA,NONE,NONE",
26.761224,2026-09-01T21:13:23.956+01:00,1462568,1568451,540,540,True,True,0x02,"NO_IRQ,OK,NO_IRQ,NO_IRQ","NONE,DELTA,NONE,NONE",
26.766289,2026-09-01T21:13:23.959+01:00,1463108,1568452,512,512,True,True,0x02,"NO_IRQ,OK,NO_IRQ,NO_IRQ","NONE,DELTA,NONE,NONE",
26.771011,2026-09-01T21:13:23.964+01:00,1463620,1568453,518,518,True,True,0x02,"NO_IRQ,OK,NO_IRQ,NO_IRQ","NONE,DELTA,NONE,NONE",
26.778448,2026-09-01T21:13:23.968+01:00,1464138,1568454,534,534,True,True,0x02,"NO_IRQ,OK,NO_IRQ,NO_IRQ","NONE,DELTA,NONE,NONE",
26.781046,2026-09-01T21:13:23.976+01:00,1464672,1568455,530,530,True,True,0x02,"NO_IRQ,OK,NO_IRQ,NO_IRQ","NONE,DELTA,NONE,NONE",
26.785942,2026-09-01T21:13:23.979+01:00,1465202,1568456,528,528,True,True,0x02,"NO_IRQ,OK,NO_IRQ,NO_IRQ","NONE,DELTA,NONE,NONE",
26.797174,2026-09-01T21:13:23.983+01:00,1465730,1568457,544,544,True,True,0x02,"NO_IRQ,OK,NO_IRQ,NO_IRQ","NONE,DELTA,NONE,NONE",
26.797706,2026-09-01T21:13:23.995+01:00,1466274,1568458,610,610,True,True,0x02,"NO_IRQ,OK,NO_IRQ,NO_IRQ","NONE,DELTA,NONE,NONE",
26.810566,2026-09-01T21:13:23.995+01:00,1466884,1568459,564,564,True,True,0x02,"NO_IRQ,OK,NO_IRQ,NO_IRQ","NONE,DELTA,NONE,NONE",
26.811401,2026-09-01T21:13:24.008+01:00,1467448,1568460,504,504,True,True,0x02,"NO_IRQ,OK,NO_IRQ,NO_IRQ","NONE,DELTA,NONE,NONE",
26.812094,2026-09-01T21:13:24.009+01:00,1467952,1568461,514,514,True,True,0x02,"NO_IRQ,OK,NO_IRQ,NO_IRQ","NONE,DELTA,NONE,NONE",
26.816118,2026-09-01T21:13:24.010+01:00,1468466,1568462,420,420,True,True,0x02,"NO_IRQ,OK,NO_IRQ,NO_IRQ","NONE,DELTA,NONE,NONE",
26.820949,2026-09-01T21:13:24.014+01:00,1468886,1568463,494,494,True,True,0x02,"NO_IRQ,OK,NO_IRQ,NO_IRQ","NONE,DELTA,NONE,NONE",
26.828049,2026-09-01T21:13:24.018+01:00,1469380,1568464,430,430,True,True,0x02,"NO_IRQ,OK,NO_IRQ,NO_IRQ","NONE,DELTA,NONE,NONE",
26.831379,2026-09-01T21:13:24.026+01:00,1469810,1568465,374,374,True,True,0x02,"NO_IRQ,OK,NO_IRQ,NO_IRQ","NONE,DELTA,NONE,NONE",
26.835716,2026-09-01T21:13:24.029+01:00,1470184,1568466,340,340,True,True,0x02,"NO_IRQ,OK,NO_IRQ,NO_IRQ","NONE,DELTA,NONE,NONE",
26.843984,2026-09-01T21:13:24.033+01:00,1470524,1568467,406,406,True,True,0x02,"NO_IRQ,OK,NO_IRQ,NO_IRQ","NONE,DELTA,NONE,NONE",
26.845779,2026-09-01T21:13:24.041+01:00,1470930,1568468,422,422,True,True,0x02,"NO_IRQ,OK,NO_IRQ,NO_IRQ","NONE,DELTA,NONE,NONE",
26.851100,2026-09-01T21:13:24.043+01:00,1471352,1568469,1084,1084,True,True,0x02,"NO_IRQ,OK,NO_IRQ,NO_IRQ","NONE,DELTA_SYNC,NONE,NONE",
26.860249,2026-09-01T21:13:24.049+01:00,1472436,1568470,452,452,True,True,0x02,"NO_IRQ,OK,NO_IRQ,NO_IRQ","NONE,DELTA,NONE,NONE",
26.861078,2026-09-01T21:13:24.058+01:00,1472888,1568471,516,516,True,True,0x02,"NO_IRQ,OK,NO_IRQ,NO_IRQ","NONE,DELTA,NONE,NONE",
26.866041,2026-09-01T21:13:24.059+01:00,1473404,1568472,536,536,True,True,0x02,"NO_IRQ,OK,NO_IRQ,NO_IRQ","NONE,DELTA,NONE,NONE",
26.876308,2026-09-01T21:13:24.064+01:00,1473940,1568473,548,548,True,True,0x02,"NO_IRQ,OK,NO_IRQ,NO_IRQ","NONE,DELTA,NONE,NONE",
26.876998,2026-09-01T21:13:24.074+01:00,1474488,1568474,518,518,True,True,0x02,"NO_IRQ,OK,NO_IRQ,NO_IRQ","NONE,DELTA,NONE,NONE",
26.881129,2026-09-01T21:13:24.075+01:00,1475006,1568475,514,514,True,True,0x02,"NO_IRQ,OK,NO_IRQ,NO_IRQ","NONE,DELTA,NONE,NONE",
26.885987,2026-09-01T21:13:24.079+01:00,1475520,1568476,544,544,True,True,0x02,"NO_IRQ,OK,NO_IRQ,NO_IRQ","NONE,DELTA,NONE,NONE",
26.894710,2026-09-01T21:13:24.083+01:00,1476064,1568477,560,560,True,True,0x02,"NO_IRQ,OK,NO_IRQ,NO_IRQ","NONE,DELTA,NONE,NONE",
26.895969,2026-09-01T21:13:24.092+01:00,1476624,1568478,630,630,True,True,0x02,"NO_IRQ,OK,NO_IRQ,NO_IRQ","NONE,DELTA,NONE,NONE",
26.901148,2026-09-01T21:13:24.093+01:00,1477254,1568479,660,660,True,True,0x02,"NO_IRQ,OK,NO_IRQ,NO_IRQ","NONE,DELTA,NONE,NONE",
26.911163,2026-09-01T21:13:24.099+01:00,1477914,1568480,680,680,True,True,0x02,"NO_IRQ,OK,NO_IRQ,NO_IRQ","NONE,DELTA,NONE,NONE",
26.912165,2026-09-01T21:13:24.109+01:00,1478594,1568481,752,752,True,True,0x02,"NO_IRQ,OK,NO_IRQ,NO_IRQ","NONE,DELTA,NONE,NONE",
26.916687,2026-09-01T21:13:24.110+01:00,1479346,1568482,684,684,True,True,0x02,"NO_IRQ,OK,NO_IRQ,NO_IRQ","NONE,DELTA,NONE,NONE",
26.927134,2026-09-01T21:13:24.114+01:00,1480030,1568483,742,742,True,True,0x02,"NO_IRQ,OK,NO_IRQ,NO_IRQ","NONE,DELTA,NONE,NONE",
26.927929,2026-09-01T21:13:24.125+01:00,1480772,1568484,830,830,True,True,0x02,"NO_IRQ,OK,NO_IRQ,NO_IRQ","NONE,DELTA,NONE,NONE",
26.932193,2026-09-01T21:13:24.125+01:00,1481602,1568485,826,826,True,True,0x02,"NO_IRQ,OK,NO_IRQ,NO_IRQ","NONE,DELTA,NONE,NONE",
26.937334,2026-09-01T21:13:24.130+01:00,1482428,1568486,804,804,True,True,0x02,"NO_IRQ,OK,NO_IRQ,NO_IRQ","NONE,DELTA,NONE,NONE",
26.943087,2026-09-01T21:13:24.135+01:00,1483232,1568487,844,844,True,True,0x02,"NO_IRQ,OK,NO_IRQ,NO_IRQ","NONE,DELTA,NONE,NONE",
26.948245,2026-09-01T21:13:24.141+01:00,1484076,1568488,876,876,True,True,0x02,"NO_IRQ,OK,NO_IRQ,NO_IRQ","NONE,DELTA,NONE,NONE",
26.953457,2026-09-01T21:13:24.146+01:00,1484952,1568489,854,854,True,True,0x02,"NO_IRQ,OK,NO_IRQ,NO_IRQ","NONE,DELTA,NONE,NONE",
26.968041,2026-09-01T21:13:24.151+01:00,1485806,1568490,840,840,True,True,0x02,"NO_IRQ,OK,NO_IRQ,NO_IRQ","NONE,DELTA,NONE,NONE",
26.968944,2026-09-01T21:13:24.166+01:00,1486646,1568491,748,748,True,True,0x02,"NO_IRQ,OK,NO_IRQ,NO_IRQ","NONE,DELTA,NONE,NONE",
26.969867,2026-09-01T21:13:24.167+01:00,1487394,1568492,740,740,True,True,0x02,"NO_IRQ,OK,NO_IRQ,NO_IRQ","NONE,DELTA,NONE,NONE",
26.973716,2026-09-01T21:13:24.167+01:00,1488134,1568493,664,664,True,True,0x02,"NO_IRQ,OK,NO_IRQ,NO_IRQ","NONE,DELTA,NONE,NONE",
26.985028,2026-09-01T21:13:24.171+01:00,1488798,1568494,638,638,True,True,0x02,"NO_IRQ,OK,NO_IRQ,NO_IRQ","NONE,DELTA,NONE,NONE",
26.985793,2026-09-01T21:13:24.183+01:00,1489436,1568495,520,520,True,True,0x02,"NO_IRQ,OK,NO_IRQ,NO_IRQ","NONE,DELTA,NONE,NONE",
26.988620,2026-09-01T21:13:24.183+01:00,1489956,1568496,582,582,True,True,0x02,"NO_IRQ,OK,NO_IRQ,NO_IRQ","NONE,DELTA,NONE,NONE",
26.993245,2026-09-01T21:13:24.186+01:00,1490538,1568497,528,528,True,True,0x02,"NO_IRQ,OK,NO_IRQ,NO_IRQ","NONE,DELTA,NONE,NONE",
27.001932,2026-09-01T21:13:24.191+01:00,1491066,1568498,574,574,True,True,0x02,"NO_IRQ,OK,NO_IRQ,NO_IRQ","NONE,DELTA,NONE,NONE",
27.003502,2026-09-01T21:13:24.199+01:00,1491640,1568499,544,544,True,True,0x02,"NO_IRQ,OK,NO_IRQ,NO_IRQ","NONE,DELTA,NONE,NONE",
27.008465,2026-09-01T21:13:24.201+01:00,1492184,1568500,522,522,True,True,0x02,"NO_IRQ,OK,NO_IRQ,NO_IRQ","NONE,DELTA,NONE,NONE",
27.017505,2026-09-01T21:13:24.206+01:00,1492706,1568501,534,534,True,True,0x02,"NO_IRQ,OK,NO_IRQ,NO_IRQ","NONE,DELTA,NONE,NONE",
27.018390,2026-09-01T21:13:24.215+01:00,1493240,1568502,458,458,True,True,0x02,"NO_IRQ,OK,NO_IRQ,NO_IRQ","NONE,DELTA,NONE,NONE",
27.023264,2026-09-01T21:13:24.216+01:00,1493698,1568503,442,442,True,True,0x02,"NO_IRQ,OK,NO_IRQ,NO_IRQ","NONE,DELTA,NONE,NONE",
27.032931,2026-09-01T21:13:24.221+01:00,1494140,1568504,468,468,True,True,0x02,"NO_IRQ,OK,NO_IRQ,NO_IRQ","NONE,DELTA,NONE,NONE",
27.033814,2026-09-01T21:13:24.230+01:00,1494608,1568505,466,466,True,True,0x02,"NO_IRQ,OK,NO_IRQ,NO_IRQ","NONE,DELTA,NONE,NONE",
27.038412,2026-09-01T21:13:24.231+01:00,1495074,1568506,524,524,True,True,0x02,"NO_IRQ,OK,NO_IRQ,NO_IRQ","NONE,DELTA,NONE,NONE",
27.047317,2026-09-01T21:13:24.236+01:00,1495598,1568507,446,446,True,True,0x02,"NO_IRQ,OK,NO_IRQ,NO_IRQ","NONE,DELTA,NONE,NONE",
27.051070,2026-09-01T21:13:24.245+01:00,1496044,1568508,466,466,True,True,0x02,"NO_IRQ,OK,NO_IRQ,NO_IRQ","NONE,DELTA,NONE,NONE",
27.053239,2026-09-01T21:13:24.249+01:00,1496510,1568509,382,382,True,True,0x02,"NO_IRQ,OK,NO_IRQ,NO_IRQ","NONE,DELTA,NONE,NONE",
27.058088,2026-09-01T21:13:24.251+01:00,1496892,1568510,362,362,True,True,0x02,"NO_IRQ,OK,NO_IRQ,NO_IRQ","NONE,DELTA,NONE,NONE",
27.068516,2026-09-01T21:13:24.256+01:00,1497254,1568511,342,342,True,True,0x02,"NO_IRQ,OK,NO_IRQ,NO_IRQ","NONE,DELTA,NONE,NONE",
27.069202,2026-09-01T21:13:24.266+01:00,1497596,1568512,330,330,True,True,0x02,"NO_IRQ,OK,NO_IRQ,NO_IRQ","NONE,DELTA,NONE,NONE",
27.073059,2026-09-01T21:13:24.267+01:00,1497926,1568513,384,384,True,True,0x02,"NO_IRQ,OK,NO_IRQ,NO_IRQ","NONE,DELTA,NONE,NONE",
27.077871,2026-09-01T21:13:24.271+01:00,1498310,1568514,354,354,True,True,0x02,"NO_IRQ,OK,NO_IRQ,NO_IRQ","NONE,DELTA,NONE,NONE",
27.084292,2026-09-01T21:13:24.275+01:00,1498664,1568515,332,332,True,True,0x02,"NO_IRQ,OK,NO_IRQ,NO_IRQ","NONE,DELTA,NONE,NONE",
27.087885,2026-09-01T21:13:24.282+01:00,1498996,1568516,320,320,True,True,0x02,"NO_IRQ,OK,NO_IRQ,NO_IRQ","NONE,DELTA,NONE,NONE",
27.092737,2026-09-01T21:13:24.286+01:00,1499316,1568517,304,304,True,True,0x02,"NO_IRQ,OK,NO_IRQ,NO_IRQ","NONE,DELTA,NONE,NONE",
27.098234,2026-09-01T21:13:24.290+01:00,1499620,1568518,292,292,True,True,0x02,"NO_IRQ,OK,NO_IRQ,NO_IRQ","NONE,DELTA,NONE,NONE",
27.102830,2026-09-01T21:13:24.296+01:00,1499912,1568519,376,376,True,True,0x02,"NO_IRQ,OK,NO_IRQ,NO_IRQ","NONE,DELTA,NONE,NONE",
27.108093,2026-09-01T21:13:24.300+01:00,1500288,1568520,396,396,True,True,0x02,"NO_IRQ,OK,NO_IRQ,NO_IRQ","NONE,DELTA,NONE,NONE",
27.121025,2026-09-01T21:13:24.306+01:00,1500684,1568521,354,354,True,True,0x02,"NO_IRQ,OK,NO_IRQ,NO_IRQ","NONE,DELTA,NONE,NONE",
27.121427,2026-09-01T21:13:24.319+01:00,1501038,1568522,392,392,True,True,0x02,"NO_IRQ,OK,NO_IRQ,NO_IRQ","NONE,DELTA,NONE,NONE",
27.123093,2026-09-01T21:13:24.319+01:00,1501430,1568523,300,300,True,True,0x02,"NO_IRQ,OK,NO_IRQ,NO_IRQ","NONE,DELTA,NONE,NONE",
27.134350,2026-09-01T21:13:24.325+01:00,1501730,1568524,336,336,True,True,0x02,"NO_IRQ,OK,NO_IRQ,NO_IRQ","NONE,DELTA,NONE,NONE",
27.135146,2026-09-01T21:13:24.332+01:00,1502066,1568525,334,334,True,True,0x02,"NO_IRQ,OK,NO_IRQ,NO_IRQ","NONE,DELTA,NONE,NONE",
27.137677,2026-09-01T21:13:24.333+01:00,1502400,1568526,308,308,True,True,0x02,"NO_IRQ,OK,NO_IRQ,NO_IRQ","NONE,DELTA,NONE,NONE",
27.142782,2026-09-01T21:13:24.335+01:00,1502708,1568527,312,312,True,True,0x02,"NO_IRQ,OK,NO_IRQ,NO_IRQ","NONE,DELTA,NONE,NONE",
27.150887,2026-09-01T21:13:24.340+01:00,1503020,1568528,266,266,True,True,0x02,"NO_IRQ,OK,NO_IRQ,NO_IRQ","NONE,DELTA,NONE,NONE",
27.152493,2026-09-01T21:13:24.348+01:00,1503286,1568529,264,264,True,True,0x02,"NO_IRQ,OK,NO_IRQ,NO_IRQ","NONE,DELTA,NONE,NONE",
27.157576,2026-09-01T21:13:24.350+01:00,1503550,1568530,226,226,True,True,0x02,"NO_IRQ,OK,NO_IRQ,NO_IRQ","NONE,DELTA,NONE,NONE",
27.166642,2026-09-01T21:13:24.355+01:00,1503776,1568531,292,292,True,True,0x02,"NO_IRQ,OK,NO_IRQ,NO_IRQ","NONE,DELTA,NONE,NONE",
27.167600,2026-09-01T21:13:24.364+01:00,1504068,1568532,232,232,True,True,0x02,"NO_IRQ,OK,NO_IRQ,NO_IRQ","NONE,DELTA,NONE,NONE",
27.172519,2026-09-01T21:13:24.365+01:00,1504300,1568533,238,238,True,True,0x02,"NO_IRQ,OK,NO_IRQ,NO_IRQ","NONE,DELTA,NONE,NONE",
27.182573,2026-09-01T21:13:24.370+01:00,1504538,1568534,224,224,True,True,0x02,"NO_IRQ,OK,NO_IRQ,NO_IRQ","NONE,DELTA,NONE,NONE",
27.183540,2026-09-01T21:13:24.380+01:00,1504762,1568535,234,234,True,True,0x02,"NO_IRQ,OK,NO_IRQ,NO_IRQ","NONE,DELTA,NONE,NONE",
27.218204,2026-09-01T21:13:24.381+01:00,1504996,1568536,296,296,True,True,0x02,"NO_IRQ,OK,NO_IRQ,NO_IRQ","NONE,DELTA,NONE,NONE",
27.218922,2026-09-01T21:13:24.416+01:00,1505292,1568537,290,290,True,True,0x02,"NO_IRQ,OK,NO_IRQ,NO_IRQ","NONE,DELTA,NONE,NONE",
27.219376,2026-09-01T21:13:24.416+01:00,1505582,1568538,256,256,True,True,0x02,"NO_IRQ,OK,NO_IRQ,NO_IRQ","NONE,DELTA,NONE,NONE",
27.220610,2026-09-01T21:13:24.417+01:00,1505838,1568539,288,288,True,True,0x02,"NO_IRQ,OK,NO_IRQ,NO_IRQ","NONE,DELTA,NONE,NONE",
27.220950,2026-09-01T21:13:24.418+01:00,1506126,1568540,214,214,True,True,0x02,"NO_IRQ,OK,NO_IRQ,NO_IRQ","NONE,DELTA,NONE,NONE",
27.221685,2026-09-01T21:13:24.418+01:00,1506340,1568541,210,210,True,True,0x02,"NO_IRQ,OK,NO_IRQ,NO_IRQ","NONE,DELTA,NONE,NONE",
27.222374,2026-09-01T21:13:24.419+01:00,1506550,1568542,302,302,True,True,0x02,"NO_IRQ,OK,NO_IRQ,NO_IRQ","NONE,DELTA,NONE,NONE",
27.223267,2026-09-01T21:13:24.420+01:00,1506852,1568543,270,270,True,True,0x02,"NO_IRQ,OK,NO_IRQ,NO_IRQ","NONE,DELTA,NONE,NONE",
27.227616,2026-09-01T21:13:24.421+01:00,1507122,1568544,254,254,True,True,0x02,"NO_IRQ,OK,NO_IRQ,NO_IRQ","NONE,DELTA,NONE,NONE",
27.236626,2026-09-01T21:13:24.425+01:00,1507376,1568545,224,224,True,True,0x02,"NO_IRQ,OK,NO_IRQ,NO_IRQ","NONE,DELTA,NONE,NONE",
27.237505,2026-09-01T21:13:24.434+01:00,1507600,1568546,268,268,True,True,0x02,"NO_IRQ,OK,NO_IRQ,NO_IRQ","NONE,DELTA,NONE,NONE",
27.242581,2026-09-01T21:13:24.435+01:00,1507868,1568547,248,248,True,True,0x02,"NO_IRQ,OK,NO_IRQ,NO_IRQ","NONE,DELTA,NONE,NONE",
27.252418,2026-09-01T21:13:24.440+01:00,1508116,1568548,228,228,True,True,0x02,"NO_IRQ,OK,NO_IRQ,NO_IRQ","NONE,DELTA,NONE,NONE",
27.253186,2026-09-01T21:13:24.450+01:00,1508344,1568549,302,302,True,True,0x02,"NO_IRQ,OK,NO_IRQ,NO_IRQ","NONE,DELTA,NONE,NONE",
27.257695,2026-09-01T21:13:24.451+01:00,1508646,1568550,290,290,True,True,0x02,"NO_IRQ,OK,NO_IRQ,NO_IRQ","NONE,DELTA,NONE,NONE",
27.269578,2026-09-01T21:13:24.455+01:00,1508936,1568551,254,254,True,True,0x02,"NO_IRQ,OK,NO_IRQ,NO_IRQ","NONE,DELTA,NONE,NONE",
27.270482,2026-09-01T21:13:24.467+01:00,1509190,1568552,208,208,True,True,0x02,"NO_IRQ,OK,NO_IRQ,NO_IRQ","NONE,DELTA,NONE,NONE",
27.272461,2026-09-01T21:13:24.468+01:00,1509398,1568553,228,228,True,True,0x02,"NO_IRQ,OK,NO_IRQ,NO_IRQ","NONE,DELTA,NONE,NONE",
27.277441,2026-09-01T21:13:24.470+01:00,1509626,1568554,234,234,True,True,0x02,"NO_IRQ,OK,NO_IRQ,NO_IRQ","NONE,DELTA,NONE,NONE",
27.285324,2026-09-01T21:13:24.475+01:00,1509860,1568555,250,250,True,True,0x02,"NO_IRQ,OK,NO_IRQ,NO_IRQ","NONE,DELTA,NONE,NONE",
27.287372,2026-09-01T21:13:24.483+01:00,1510110,1568556,242,242,True,True,0x02,"NO_IRQ,OK,NO_IRQ,NO_IRQ","NONE,DELTA,NONE,NONE",
27.292290,2026-09-01T21:13:24.485+01:00,1510352,1568557,270,270,True,True,0x02,"NO_IRQ,OK,NO_IRQ,NO_IRQ","NONE,DELTA,NONE,NONE",
27.297718,2026-09-01T21:13:24.490+01:00,1510622,1568558,184,184,True,True,0x02,"NO_IRQ,OK,NO_IRQ,NO_IRQ","NONE,DELTA,NONE,NONE",
27.302467,2026-09-01T21:13:24.495+01:00,1510806,1568559,208,208,True,True,0x02,"NO_IRQ,OK,NO_IRQ,NO_IRQ","NONE,DELTA,NONE,NONE",
27.307309,2026-09-01T21:13:24.500+01:00,1511014,1568560,254,254,True,True,0x02,"NO_IRQ,OK,NO_IRQ,NO_IRQ","NONE,DELTA,NONE,NONE",
27.312174,2026-09-01T21:13:24.505+01:00,1511268,1568561,260,260,True,True,0x02,"NO_IRQ,OK,NO_IRQ,NO_IRQ","NONE,DELTA,NONE,NONE",
27.325172,2026-09-01T21:13:24.510+01:00,1511528,1568562,248,248,True,True,0x02,"NO_IRQ,OK,NO_IRQ,NO_IRQ","NONE,DELTA,NONE,NONE",
27.325956,2026-09-01T21:13:24.523+01:00,1511776,1568563,264,264,True,True,0x02,"NO_IRQ,OK,NO_IRQ,NO_IRQ","NONE,DELTA,NONE,NONE",
27.327275,2026-09-01T21:13:24.523+01:00,1512040,1568564,196,196,True,True,0x02,"NO_IRQ,OK,NO_IRQ,NO_IRQ","NONE,DELTA,NONE,NONE",
27.332440,2026-09-01T21:13:24.525+01:00,1512236,1568565,266,266,True,True,0x02,"NO_IRQ,OK,NO_IRQ,NO_IRQ","NONE,DELTA,NONE,NONE",
27.341609,2026-09-01T21:13:24.530+01:00,1512502,1568566,220,220,True,True,0x02,"NO_IRQ,OK,NO_IRQ,NO_IRQ","NONE,DELTA,NONE,NONE",
27.342003,2026-09-01T21:13:24.539+01:00,1512722,1568567,230,230,True,True,0x02,"NO_IRQ,OK,NO_IRQ,NO_IRQ","NONE,DELTA,NONE,NONE",
27.347658,2026-09-01T21:13:24.539+01:00,1512952,1568568,244,244,True,True,0x02,"NO_IRQ,OK,NO_IRQ,NO_IRQ","NONE,DELTA,NONE,NONE",
27.357430,2026-09-01T21:13:24.545+01:00,1513196,1568569,278,278,True,True,0x02,"NO_IRQ,OK,NO_IRQ,NO_IRQ","NONE,DELTA,NONE,NONE",
27.358047,2026-09-01T21:13:24.555+01:00,1513474,1568570,224,224,True,True,0x02,"NO_IRQ,OK,NO_IRQ,NO_IRQ","NONE,DELTA,NONE,NONE",
27.362358,2026-09-01T21:13:24.556+01:00,1513698,1568571,224,224,True,True,0x02,"NO_IRQ,OK,NO_IRQ,NO_IRQ","NONE,DELTA,NONE,NONE",
27.368107,2026-09-01T21:13:24.560+01:00,1513922,1568572,246,246,True,True,0x02,"NO_IRQ,OK,NO_IRQ,NO_IRQ","NONE,DELTA,NONE,NONE",
27.374018,2026-09-01T21:13:24.566+01:00,1514168,1568573,220,220,True,True,0x02,"NO_IRQ,OK,NO_IRQ,NO_IRQ","NONE,DELTA,NONE,NONE",
27.377403,2026-09-01T21:13:24.571+01:00,1514388,1568574,238,238,True,True,0x02,"NO_IRQ,OK,NO_IRQ,NO_IRQ","NONE,DELTA,NONE,NONE",
27.382292,2026-09-01T21:13:24.575+01:00,1514626,1568575,188,188,True,True,0x02,"NO_IRQ,OK,NO_IRQ,NO_IRQ","NONE,DELTA,NONE,NONE",
27.389533,2026-09-01T21:13:24.580+01:00,1514814,1568576,262,262,True,True,0x02,"NO_IRQ,OK,NO_IRQ,NO_IRQ","NONE,DELTA,NONE,NONE",
27.392161,2026-09-01T21:13:24.587+01:00,1515076,1568577,232,232,True,True,0x02,"NO_IRQ,OK,NO_IRQ,NO_IRQ","NONE,DELTA,NONE,NONE",
27.397970,2026-09-01T21:13:24.590+01:00,1515308,1568578,222,222,True,True,0x02,"NO_IRQ,OK,NO_IRQ,NO_IRQ","NONE,DELTA,NONE,NONE",
27.407169,2026-09-01T21:13:24.595+01:00,1515530,1568579,204,204,True,True,0x02,"NO_IRQ,OK,NO_IRQ,NO_IRQ","NONE,DELTA,NONE,NONE",
27.408471,2026-09-01T21:13:24.605+01:00,1515734,1568580,186,186,True,True,0x02,"NO_IRQ,OK,NO_IRQ,NO_IRQ","NONE,DELTA,NONE,NONE",
27.412716,2026-09-01T21:13:24.606+01:00,1515920,1568581,210,210,True,True,0x02,"NO_IRQ,OK,NO_IRQ,NO_IRQ","NONE,DELTA,NONE,NONE",
27.416987,2026-09-01T21:13:24.610+01:00,1516130,1568582,200,200,True,True,0x02,"NO_IRQ,OK,NO_IRQ,NO_IRQ","NONE,DELTA,NONE,NONE",
27.423172,2026-09-01T21:13:24.614+01:00,1516330,1568583,200,200,True,True,0x02,"NO_IRQ,OK,NO_IRQ,NO_IRQ","NONE,DELTA,NONE,NONE",
27.427137,2026-09-01T21:13:24.621+01:00,1516530,1568584,208,208,True,True,0x02,"NO_IRQ,OK,NO_IRQ,NO_IRQ","NONE,DELTA,NONE,NONE",
27.432093,2026-09-01T21:13:24.625+01:00,1516738,1568585,190,190,True,True,0x02,"NO_IRQ,OK,NO_IRQ,NO_IRQ","NONE,DELTA,NONE,NONE",
27.439589,2026-09-01T21:13:24.630+01:00,1516928,1568586,210,210,True,True,0x02,"NO_IRQ,OK,NO_IRQ,NO_IRQ","NONE,DELTA,NONE,NONE",
27.442115,2026-09-01T21:13:24.637+01:00,1517138,1568587,182,182,True,True,0x02,"NO_IRQ,OK,NO_IRQ,NO_IRQ","NONE,DELTA,NONE,NONE",
27.447502,2026-09-01T21:13:24.640+01:00,1517320,1568588,182,182,True,True,0x02,"NO_IRQ,OK,NO_IRQ,NO_IRQ","NONE,DELTA,NONE,NONE",
27.452096,2026-09-01T21:13:24.645+01:00,1517502,1568589,212,212,True,True,0x02,"NO_IRQ,OK,NO_IRQ,NO_IRQ","NONE,DELTA,NONE,NONE",
27.458460,2026-09-01T21:13:24.651+01:00,1517714,1568590,200,200,True,True,0x02,"NO_IRQ,OK,NO_IRQ,NO_IRQ","NONE,DELTA,NONE,NONE",
27.461816,2026-09-01T21:13:24.656+01:00,1517914,1568591,206,206,True,True,0x02,"NO_IRQ,OK,NO_IRQ,NO_IRQ","NONE,DELTA,NONE,NONE",
27.466834,2026-09-01T21:13:24.659+01:00,1518120,1568592,208,208,True,True,0x02,"NO_IRQ,OK,NO_IRQ,NO_IRQ","NONE,DELTA,NONE,NONE",
27.476675,2026-09-01T21:13:24.664+01:00,1518328,1568593,212,212,True,True,0x02,"NO_IRQ,OK,NO_IRQ,NO_IRQ","NONE,DELTA,NONE,NONE",
27.477030,2026-09-01T21:13:24.674+01:00,1518540,1568594,222,222,True,True,0x02,"NO_IRQ,OK,NO_IRQ,NO_IRQ","NONE,DELTA,NONE,NONE",
27.486381,2026-09-01T21:13:24.674+01:00,1518762,1568595,198,198,True,True,0x02,"NO_IRQ,OK,NO_IRQ,NO_IRQ","NONE,DELTA,NONE,NONE",
27.490313,2026-09-01T21:13:24.685+01:00,1518960,1568596,186,186,True,True,0x02,"NO_IRQ,OK,NO_IRQ,NO_IRQ","NONE,DELTA,NONE,NONE",
27.491820,2026-09-01T21:13:24.688+01:00,1519146,1568597,224,224,True,True,0x02,"NO_IRQ,OK,NO_IRQ,NO_IRQ","NONE,DELTA,NONE,NONE",
27.497650,2026-09-01T21:13:24.689+01:00,1519370,1568598,230,230,True,True,0x02,"NO_IRQ,OK,NO_IRQ,NO_IRQ","NONE,DELTA,NONE,NONE",
27.507356,2026-09-01T21:13:24.695+01:00,1519600,1568599,260,260,True,True,0x02,"NO_IRQ,OK,NO_IRQ,NO_IRQ","NONE,DELTA,NONE,NONE",
27.508070,2026-09-01T21:13:24.705+01:00,1519860,1568600,250,250,True,True,0x02,"NO_IRQ,OK,NO_IRQ,NO_IRQ","NONE,DELTA,NONE,NONE",
27.512548,2026-09-01T21:13:24.706+01:00,1520110,1568601,196,196,True,True,0x02,"NO_IRQ,OK,NO_IRQ,NO_IRQ","NONE,DELTA,NONE,NONE",
27.517193,2026-09-01T21:13:24.710+01:00,1520306,1568602,224,224,True,True,0x02,"NO_IRQ,OK,NO_IRQ,NO_IRQ","NONE,DELTA,NONE,NONE",
27.524254,2026-09-01T21:13:24.715+01:00,1520530,1568603,174,174,True,True,0x02,"NO_IRQ,OK,NO_IRQ,NO_IRQ","NONE,DELTA,NONE,NONE",
27.526901,2026-09-01T21:13:24.722+01:00,1520704,1568604,230,230,True,True,0x02,"NO_IRQ,OK,NO_IRQ,NO_IRQ","NONE,DELTA,NONE,NONE",
27.532312,2026-09-01T21:13:24.724+01:00,1520934,1568605,218,218,True,True,0x02,"NO_IRQ,OK,NO_IRQ,NO_IRQ","NONE,DELTA,NONE,NONE",
27.541452,2026-09-01T21:13:24.730+01:00,1521152,1568606,224,224,True,True,0x02,"NO_IRQ,OK,NO_IRQ,NO_IRQ","NONE,DELTA,NONE,NONE",
27.542412,2026-09-01T21:13:24.739+01:00,1521376,1568607,190,190,True,True,0x02,"NO_IRQ,OK,NO_IRQ,NO_IRQ","NONE,DELTA,NONE,NONE",
27.547331,2026-09-01T21:13:24.740+01:00,1521566,1568608,208,208,True,True,0x02,"NO_IRQ,OK,NO_IRQ,NO_IRQ","NONE,DELTA,NONE,NONE",
27.551634,2026-09-01T21:13:24.745+01:00,1521774,1568609,172,172,True,True,0x02,"NO_IRQ,OK,NO_IRQ,NO_IRQ","NONE,DELTA,NONE,NONE",
27.558131,2026-09-01T21:13:24.749+01:00,1521946,1568610,194,194,True,True,0x02,"NO_IRQ,OK,NO_IRQ,NO_IRQ","NONE,DELTA,NONE,NONE",
27.562755,2026-09-01T21:13:24.756+01:00,1522140,1568611,234,234,True,True,0x02,"NO_IRQ,OK,NO_IRQ,NO_IRQ","NONE,DELTA,NONE,NONE",
27.566811,2026-09-01T21:13:24.761+01:00,1522374,1568612,234,234,True,True,0x02,"NO_IRQ,OK,NO_IRQ,NO_IRQ","NONE,DELTA,NONE,NONE",
27.574181,2026-09-01T21:13:24.764+01:00,1522608,1568613,232,232,True,True,0x02,"NO_IRQ,OK,NO_IRQ,NO_IRQ","NONE,DELTA,NONE,NONE",
27.576624,2026-09-01T21:13:24.772+01:00,1522840,1568614,182,182,True,True,0x02,"NO_IRQ,OK,NO_IRQ,NO_IRQ","NONE,DELTA,NONE,NONE",
27.581701,2026-09-01T21:13:24.774+01:00,1523022,1568615,198,198,True,True,0x02,"NO_IRQ,OK,NO_IRQ,NO_IRQ","NONE,DELTA,NONE,NONE",
27.586707,2026-09-01T21:13:24.779+01:00,1523220,1568616,210,210,True,True,0x02,"NO_IRQ,OK,NO_IRQ,NO_IRQ","NONE,DELTA,NONE,NONE",
27.591574,2026-09-01T21:13:24.785+01:00,1523430,1568617,210,210,True,True,0x02,"NO_IRQ,OK,NO_IRQ,NO_IRQ","NONE,DELTA,NONE,NONE",
27.596867,2026-09-01T21:13:24.789+01:00,1523640,1568618,222,222,True,True,0x02,"NO_IRQ,OK,NO_IRQ,NO_IRQ","NONE,DELTA,NONE,NONE",
27.605527,2026-09-01T21:13:24.794+01:00,1523862,1568619,224,224,True,True,0x02,"NO_IRQ,OK,NO_IRQ,NO_IRQ","NONE,DELTA,NONE,NONE",
27.606652,2026-09-01T21:13:24.803+01:00,1524086,1568620,182,182,True,True,0x02,"NO_IRQ,OK,NO_IRQ,NO_IRQ","NONE,DELTA,NONE,NONE",
27.612156,2026-09-01T21:13:24.804+01:00,1524268,1568621,214,214,True,True,0x02,"NO_IRQ,OK,NO_IRQ,NO_IRQ","NONE,DELTA,NONE,NONE",
27.616639,2026-09-01T21:13:24.810+01:00,1524482,1568622,208,208,True,True,0x02,"NO_IRQ,OK,NO_IRQ,NO_IRQ","NONE,DELTA,NONE,NONE",
27.622483,2026-09-01T21:13:24.815+01:00,1524690,1568623,190,190,True,True,0x02,"NO_IRQ,OK,NO_IRQ,NO_IRQ","NONE,DELTA,NONE,NONE",
27.626752,2026-09-01T21:13:24.820+01:00,1524880,1568624,204,204,True,True,0x02,"NO_IRQ,OK,NO_IRQ,NO_IRQ","NONE,DELTA,NONE,NONE",
27.631458,2026-09-01T21:13:24.824+01:00,1525084,1568625,198,198,True,True,0x02,"NO_IRQ,OK,NO_IRQ,NO_IRQ","NONE,DELTA,NONE,NONE",
27.644805,2026-09-01T21:13:24.829+01:00,1525282,1568626,204,204,True,True,0x02,"NO_IRQ,OK,NO_IRQ,NO_IRQ","NONE,DELTA,NONE,NONE",
27.645799,2026-09-01T21:13:24.842+01:00,1525486,1568627,162,162,True,True,0x02,"NO_IRQ,OK,NO_IRQ,NO_IRQ","NONE,DELTA,NONE,NONE",
27.646852,2026-09-01T21:13:24.843+01:00,1525648,1568628,208,208,True,True,0x02,"NO_IRQ,OK,NO_IRQ,NO_IRQ","NONE,DELTA,NONE,NONE",
27.651921,2026-09-01T21:13:24.844+01:00,1525856,1568629,204,204,True,True,0x02,"NO_IRQ,OK,NO_IRQ,NO_IRQ","NONE,DELTA,NONE,NONE",
27.661650,2026-09-01T21:13:24.850+01:00,1526060,1568630,190,190,True,True,0x02,"NO_IRQ,OK,NO_IRQ,NO_IRQ","NONE,DELTA,NONE,NONE",
27.662866,2026-09-01T21:13:24.859+01:00,1526250,1568631,220,220,True,True,0x02,"NO_IRQ,OK,NO_IRQ,NO_IRQ","NONE,DELTA,NONE,NONE",
27.666757,2026-09-01T21:13:24.860+01:00,1526470,1568632,232,232,True,True,0x02,"NO_IRQ,OK,NO_IRQ,NO_IRQ","NONE,DELTA,NONE,NONE",
27.671539,2026-09-01T21:13:24.864+01:00,1526702,1568633,202,202,True,True,0x02,"NO_IRQ,OK,NO_IRQ,NO_IRQ","NONE,DELTA,NONE,NONE",
27.677747,2026-09-01T21:13:24.869+01:00,1526904,1568634,196,196,True,True,0x02,"NO_IRQ,OK,NO_IRQ,NO_IRQ","NONE,DELTA,NONE,NONE",
27.682013,2026-09-01T21:13:24.875+01:00,1527100,1568635,198,198,True,True,0x02,"NO_IRQ,OK,NO_IRQ,NO_IRQ","NONE,DELTA,NONE,NONE",
27.686426,2026-09-01T21:13:24.879+01:00,1527298,1568636,208,208,True,True,0x02,"NO_IRQ,OK,NO_IRQ,NO_IRQ","NONE,DELTA,NONE,NONE",
27.693207,2026-09-01T21:13:24.884+01:00,1527506,1568637,212,212,True,True,0x02,"NO_IRQ,OK,NO_IRQ,NO_IRQ","NONE,DELTA,NONE,NONE",
27.696442,2026-09-01T21:13:24.891+01:00,1527718,1568638,244,244,True,True,0x02,"NO_IRQ,OK,NO_IRQ,NO_IRQ","NONE,DELTA,NONE,NONE",
27.701780,2026-09-01T21:13:24.894+01:00,1527962,1568639,184,184,True,True,0x02,"NO_IRQ,OK,NO_IRQ,NO_IRQ","NONE,DELTA,NONE,NONE",
27.710533,2026-09-01T21:13:24.900+01:00,1528146,1568640,160,160,True,True,0x02,"NO_IRQ,OK,NO_IRQ,NO_IRQ","NONE,DELTA,NONE,NONE",
27.711684,2026-09-01T21:13:24.908+01:00,1528306,1568641,202,202,True,True,0x02,"NO_IRQ,OK,NO_IRQ,NO_IRQ","NONE,DELTA,NONE,NONE",
27.716697,2026-09-01T21:13:24.909+01:00,1528508,1568642,204,204,True,True,0x02,"NO_IRQ,OK,NO_IRQ,NO_IRQ","NONE,DELTA,NONE,NONE",
27.726822,2026-09-01T21:13:24.914+01:00,1528712,1568643,164,164,True,True,0x02,"NO_IRQ,OK,NO_IRQ,NO_IRQ","NONE,DELTA,NONE,NONE",
27.727727,2026-09-01T21:13:24.924+01:00,1528876,1568644,216,216,True,True,0x02,"NO_IRQ,OK,NO_IRQ,NO_IRQ","NONE,DELTA,NONE,NONE",
27.731941,2026-09-01T21:13:24.925+01:00,1529092,1568645,240,240,True,True,0x02,"NO_IRQ,OK,NO_IRQ,NO_IRQ","NONE,DELTA,NONE,NONE",
27.736428,2026-09-01T21:13:24.930+01:00,1529332,1568646,204,204,True,True,0x02,"NO_IRQ,OK,NO_IRQ,NO_IRQ","NONE,DELTA,NONE,NONE",
27.742906,2026-09-01T21:13:24.934+01:00,1529536,1568647,216,216,True,True,0x02,"NO_IRQ,OK,NO_IRQ,NO_IRQ","NONE,DELTA,NONE,NONE",
27.746796,2026-09-01T21:13:24.940+01:00,1529752,1568648,306,306,True,True,0x02,"NO_IRQ,OK,NO_IRQ,NO_IRQ","NONE,DELTA,NONE,NONE",
27.751853,2026-09-01T21:13:24.944+01:00,1530058,1568649,422,422,True,True,0x02,"NO_IRQ,OK,NO_IRQ,NO_IRQ","NONE,DELTA,NONE,NONE",
27.759627,2026-09-01T21:13:24.950+01:00,1530480,1568650,504,504,True,True,0x02,"NO_IRQ,OK,NO_IRQ,NO_IRQ","NONE,DELTA,NONE,NONE",
27.762118,2026-09-01T21:13:24.957+01:00,1530984,1568651,598,598,True,True,0x02,"NO_IRQ,OK,NO_IRQ,NO_IRQ","NONE,DELTA,NONE,NONE",
27.767401,2026-09-01T21:13:24.960+01:00,1531582,1568652,628,628,True,True,0x02,"NO_IRQ,OK,NO_IRQ,NO_IRQ","NONE,DELTA,NONE,NONE",
27.772437,2026-09-01T21:13:24.965+01:00,1532210,1568653,550,550,True,True,0x02,"NO_IRQ,OK,NO_IRQ,NO_IRQ","NONE,DELTA,NONE,NONE",
27.776854,2026-09-01T21:13:24.970+01:00,1532760,1568654,564,564,True,True,0x02,"NO_IRQ,OK,NO_IRQ,NO_IRQ","NONE,DELTA,NONE,NONE",
27.782239,2026-09-01T21:13:24.974+01:00,1533324,1568655,554,554,True,True,0x02,"NO_IRQ,OK,NO_IRQ,NO_IRQ","NONE,DELTA,NONE,NONE",
27.786933,2026-09-01T21:13:24.980+01:00,1533878,1568656,642,642,True,True,0x02,"NO_IRQ,OK,NO_IRQ,NO_IRQ","NONE,DELTA,NONE,NONE",
27.799244,2026-09-01T21:13:24.984+01:00,1534520,1568657,612,612,True,True,0x02,"NO_IRQ,OK,NO_IRQ,NO_IRQ","NONE,DELTA,NONE,NONE",
27.799712,2026-09-01T21:13:24.997+01:00,1535132,1568658,588,588,True,True,0x02,"NO_IRQ,OK,NO_IRQ,NO_IRQ","NONE,DELTA,NONE,NONE",
27.812384,2026-09-01T21:13:24.997+01:00,1535720,1568659,582,582,True,True,0x02,"NO_IRQ,OK,NO_IRQ,NO_IRQ","NONE,DELTA,NONE,NONE",
27.813425,2026-09-01T21:13:25.010+01:00,1536302,1568660,548,548,True,True,0x02,"NO_IRQ,OK,NO_IRQ,NO_IRQ","NONE,DELTA,NONE,NONE",
27.814342,2026-09-01T21:13:25.011+01:00,1536850,1568661,632,632,True,True,0x02,"NO_IRQ,OK,NO_IRQ,NO_IRQ","NONE,DELTA,NONE,NONE",
27.817143,2026-09-01T21:13:25.012+01:00,1537482,1568662,638,638,True,True,0x02,"NO_IRQ,OK,NO_IRQ,NO_IRQ","NONE,DELTA,NONE,NONE",
27.821955,2026-09-01T21:13:25.015+01:00,1538120,1568663,616,616,True,True,0x02,"NO_IRQ,OK,NO_IRQ,NO_IRQ","NONE,DELTA,NONE,NONE",
27.829604,2026-09-01T21:13:25.019+01:00,1538736,1568664,650,650,True,True,0x02,"NO_IRQ,OK,NO_IRQ,NO_IRQ","NONE,DELTA,NONE,NONE",
27.832208,2026-09-01T21:13:25.027+01:00,1539386,1568665,622,622,True,True,0x02,"NO_IRQ,OK,NO_IRQ,NO_IRQ","NONE,DELTA,NONE,NONE",
27.837062,2026-09-01T21:13:25.030+01:00,1540008,1568666,608,608,True,True,0x02,"NO_IRQ,OK,NO_IRQ,NO_IRQ","NONE,DELTA,NONE,NONE",
27.846145,2026-09-01T21:13:25.035+01:00,1540616,1568667,662,662,True,True,0x02,"NO_IRQ,OK,NO_IRQ,NO_IRQ","NONE,DELTA,NONE,NONE",
27.847005,2026-09-01T21:13:25.044+01:00,1541278,1568668,654,654,True,True,0x02,"NO_IRQ,OK,NO_IRQ,NO_IRQ","NONE,DELTA,NONE,NONE",
27.851959,2026-09-01T21:13:25.044+01:00,1541932,1568669,1084,1084,True,True,0x02,"NO_IRQ,OK,NO_IRQ,NO_IRQ","NONE,DELTA_SYNC,NONE,NONE",
27.862046,2026-09-01T21:13:25.049+01:00,1543016,1568670,718,718,True,True,0x02,"NO_IRQ,OK,NO_IRQ,NO_IRQ","NONE,DELTA,NONE,NONE",
27.862819,2026-09-01T21:13:25.060+01:00,1543734,1568671,562,562,True,True,0x02,"NO_IRQ,OK,NO_IRQ,NO_IRQ","NONE,DELTA,NONE,NONE",
27.867437,2026-09-01T21:13:25.060+01:00,1544296,1568672,636,636,True,True,0x02,"NO_IRQ,OK,NO_IRQ,NO_IRQ","NONE,DELTA,NONE,NONE",
27.871969,2026-09-01T21:13:25.065+01:00,1544932,1568673,562,562,True,True,0x02,"NO_IRQ,OK,NO_IRQ,NO_IRQ","NONE,DELTA,NONE,NONE",
27.880170,2026-09-01T21:13:25.069+01:00,1545494,1568674,590,590,True,True,0x02,"NO_IRQ,OK,NO_IRQ,NO_IRQ","NONE,DELTA,NONE,NONE",
27.882222,2026-09-01T21:13:25.078+01:00,1546084,1568675,574,574,True,True,0x02,"NO_IRQ,OK,NO_IRQ,NO_IRQ","NONE,DELTA,NONE,NONE",
27.886899,2026-09-01T21:13:25.080+01:00,1546658,1568676,562,562,True,True,0x02,"NO_IRQ,OK,NO_IRQ,NO_IRQ","NONE,DELTA,NONE,NONE",
27.896579,2026-09-01T21:13:25.085+01:00,1547220,1568677,562,562,True,True,0x02,"NO_IRQ,OK,NO_IRQ,NO_IRQ","NONE,DELTA,NONE,NONE",
27.897389,2026-09-01T21:13:25.094+01:00,1547782,1568678,570,570,True,True,0x02,"NO_IRQ,OK,NO_IRQ,NO_IRQ","NONE,DELTA,NONE,NONE",
27.902334,2026-09-01T21:13:25.095+01:00,1548352,1568679,624,624,True,True,0x02,"NO_IRQ,OK,NO_IRQ,NO_IRQ","NONE,DELTA,NONE,NONE",
27.906984,2026-09-01T21:13:25.100+01:00,1548976,1568680,500,500,True,True,0x02,"NO_IRQ,OK,NO_IRQ,NO_IRQ","NONE,DELTA,NONE,NONE",
27.913421,2026-09-01T21:13:25.104+01:00,1549476,1568681,624,624,True,True,0x02,"NO_IRQ,OK,NO_IRQ,NO_IRQ","NONE,DELTA,NONE,NONE",
27.917127,2026-09-01T21:13:25.111+01:00,1550100,1568682,600,600,True,True,0x02,"NO_IRQ,OK,NO_IRQ,NO_IRQ","NONE,DELTA,NONE,NONE",
27.922058,2026-09-01T21:13:25.115+01:00,1550700,1568683,574,574,True,True,0x02,"NO_IRQ,OK,NO_IRQ,NO_IRQ","NONE,DELTA,NONE,NONE",
27.929326,2026-09-01T21:13:25.120+01:00,1551274,1568684,638,638,True,True,0x02,"NO_IRQ,OK,NO_IRQ,NO_IRQ","NONE,DELTA,NONE,NONE",
27.931990,2026-09-01T21:13:25.127+01:00,1551912,1568685,608,608,True,True,0x02,"NO_IRQ,OK,NO_IRQ,NO_IRQ","NONE,DELTA,NONE,NONE",
27.936995,2026-09-01T21:13:25.130+01:00,1552520,1568686,528,528,True,True,0x02,"NO_IRQ,OK,NO_IRQ,NO_IRQ","NONE,DELTA,NONE,NONE",
27.942184,2026-09-01T21:13:25.135+01:00,1553048,1568687,490,490,True,True,0x02,"NO_IRQ,OK,NO_IRQ,NO_IRQ","NONE,DELTA,NONE,NONE",
27.946688,2026-09-01T21:13:25.140+01:00,1553538,1568688,508,508,True,True,0x02,"NO_IRQ,OK,NO_IRQ,NO_IRQ","NONE,DELTA,NONE,NONE",
27.951774,2026-09-01T21:13:25.144+01:00,1554046,1568689,562,562,True,True,0x02,"NO_IRQ,OK,NO_IRQ,NO_IRQ","NONE,DELTA,NONE,NONE",
27.956729,2026-09-01T21:13:25.149+01:00,1554608,1568690,554,554,True,True,0x02,"NO_IRQ,OK,NO_IRQ,NO_IRQ","NONE,DELTA,NONE,NONE",
27.970698,2026-09-01T21:13:25.154+01:00,1555162,1568691,584,584,True,True,0x02,"NO_IRQ,OK,NO_IRQ,NO_IRQ","NONE,DELTA,NONE,NONE",
27.971500,2026-09-01T21:13:25.168+01:00,1555746,1568692,550,550,True,True,0x02,"NO_IRQ,OK,NO_IRQ,NO_IRQ","NONE,DELTA,NONE,NONE",
27.972406,2026-09-01T21:13:25.169+01:00,1556296,1568693,578,578,True,True,0x02,"NO_IRQ,OK,NO_IRQ,NO_IRQ","NONE,DELTA,NONE,NONE",
27.977197,2026-09-01T21:13:25.170+01:00,1556874,1568694,648,648,True,True,0x02,"NO_IRQ,OK,NO_IRQ,NO_IRQ","NONE,DELTA,NONE,NONE",
27.987366,2026-09-01T21:13:25.175+01:00,1557522,1568695,508,508,True,True,0x02,"NO_IRQ,OK,NO_IRQ,NO_IRQ","NONE,DELTA,NONE,NONE",
27.988112,2026-09-01T21:13:25.185+01:00,1558030,1568696,472,472,True,True,0x02,"NO_IRQ,OK,NO_IRQ,NO_IRQ","NONE,DELTA,NONE,NONE",
27.992054,2026-09-01T21:13:25.186+01:00,1558502,1568697,512,512,True,True,0x02,"NO_IRQ,OK,NO_IRQ,NO_IRQ","NONE,DELTA,NONE,NONE",
27.996679,2026-09-01T21:13:25.190+01:00,1559014,1568698,436,436,True,True,0x02,"NO_IRQ,OK,NO_IRQ,NO_IRQ","NONE,DELTA,NONE,NONE",
28.003813,2026-09-01T21:13:25.194+01:00,1559450,1568699,504,504,True,True,0x02,"NO_IRQ,OK,NO_IRQ,NO_IRQ","NONE,DELTA,NONE,NONE",
28.006606,2026-09-01T21:13:25.201+01:00,1559954,1568700,434,434,True,True,0x02,"NO_IRQ,OK,NO_IRQ,NO_IRQ","NONE,DELTA,NONE,NONE",
28.011936,2026-09-01T21:13:25.204+01:00,1560388,1568701,534,534,True,True,0x02,"NO_IRQ,OK,NO_IRQ,NO_IRQ","NONE,DELTA,NONE,NONE",
28.019846,2026-09-01T21:13:25.209+01:00,1560922,1568702,462,462,True,True,0x02,"NO_IRQ,OK,NO_IRQ,NO_IRQ","NONE,DELTA,NONE,NONE",
28.021700,2026-09-01T21:13:25.217+01:00,1561384,1568703,392,392,True,True,0x02,"NO_IRQ,OK,NO_IRQ,NO_IRQ","NONE,DELTA,NONE,NONE",
28.026770,2026-09-01T21:13:25.219+01:00,1561776,1568704,406,406,True,True,0x02,"NO_IRQ,OK,NO_IRQ,NO_IRQ","NONE,DELTA,NONE,NONE",
28.036833,2026-09-01T21:13:25.224+01:00,1562182,1568705,438,438,True,True,0x02,"NO_IRQ,OK,NO_IRQ,NO_IRQ","NONE,DELTA,NONE,NONE",
28.037555,2026-09-01T21:13:25.234+01:00,1562620,1568706,468,468,True,True,0x02,"NO_IRQ,OK,NO_IRQ,NO_IRQ","NONE,DELTA,NONE,NONE",
28.041994,2026-09-01T21:13:25.235+01:00,1563088,1568707,544,544,True,True,0x02,"NO_IRQ,OK,NO_IRQ,NO_IRQ","NONE,DELTA,NONE,NONE",
28.046614,2026-09-01T21:13:25.239+01:00,1563632,1568708,544,544,True,True,0x02,"NO_IRQ,OK,NO_IRQ,NO_IRQ","NONE,DELTA,NONE,NONE",
28.053262,2026-09-01T21:13:25.244+01:00,1564176,1568709,538,538,True,True,0x02,"NO_IRQ,OK,NO_IRQ,NO_IRQ","NONE,DELTA,NONE,NONE",
28.056993,2026-09-01T21:13:25.251+01:00,1564714,1568710,482,482,True,True,0x02,"NO_IRQ,OK,NO_IRQ,NO_IRQ","NONE,DELTA,NONE,NONE",
28.061534,2026-09-01T21:13:25.254+01:00,1565196,1568711,488,488,True,True,0x02,"NO_IRQ,OK,NO_IRQ,NO_IRQ","NONE,DELTA,NONE,NONE",
28.069501,2026-09-01T21:13:25.259+01:00,1565684,1568712,564,564,True,True,0x02,"NO_IRQ,OK,NO_IRQ,NO_IRQ","NONE,DELTA,NONE,NONE",
28.071755,2026-09-01T21:13:25.267+01:00,1566248,1568713,518,518,True,True,0x02,"NO_IRQ,OK,NO_IRQ,NO_IRQ","NONE,DELTA,NONE,NONE",
28.077259,2026-09-01T21:13:25.269+01:00,1566766,1568714,544,544,True,True,0x02,"NO_IRQ,OK,NO_IRQ,NO_IRQ","NONE,DELTA,NONE,NONE",
28.086537,2026-09-01T21:13:25.275+01:00,1567310,1568715,516,516,True,True,0x02,"NO_IRQ,OK,NO_IRQ,NO_IRQ","NONE,DELTA,NONE,NONE",
28.087559,2026-09-01T21:13:25.284+01:00,1567826,1568716,474,474,True,True,0x02,"NO_IRQ,OK,NO_IRQ,NO_IRQ","NONE,DELTA,NONE,NONE",
28.092010,2026-09-01T21:13:25.285+01:00,1568300,1568717,556,556,True,True,0x02,"NO_IRQ,OK,NO_IRQ,NO_IRQ","NONE,DELTA,NONE,NONE",
28.096511,2026-09-01T21:13:25.290+01:00,1568856,1568718,558,558,True,True,0x02,"NO_IRQ,OK,NO_IRQ,NO_IRQ","NONE,DELTA,NONE,NONE",
28.102887,2026-09-01T21:13:25.294+01:00,1569414,1568719,604,604,True,True,0x02,"NO_IRQ,OK,NO_IRQ,NO_IRQ","NONE,DELTA,NONE,NONE",
28.106752,2026-09-01T21:13:25.300+01:00,1570018,1568720,662,662,True,True,0x02,"NO_IRQ,OK,NO_IRQ,NO_IRQ","NONE,DELTA,NONE,NONE",
28.111800,2026-09-01T21:13:25.304+01:00,1570680,1568721,630,630,True,True,0x02,"NO_IRQ,OK,NO_IRQ,NO_IRQ","NONE,DELTA,NONE,NONE",
28.116453,2026-09-01T21:13:25.309+01:00,1571310,1568722,556,556,True,True,0x02,"NO_IRQ,OK,NO_IRQ,NO_IRQ","NONE,DELTA,NONE,NONE",
28.125765,2026-09-01T21:13:25.314+01:00,1571866,1568723,470,470,True,True,0x02,"NO_IRQ,OK,NO_IRQ,NO_IRQ","NONE,DELTA,NONE,NONE",
28.126278,2026-09-01T21:13:25.323+01:00,1572336,1568724,476,476,True,True,0x02,"NO_IRQ,OK,NO_IRQ,NO_IRQ","NONE,DELTA,NONE,NONE",
28.138912,2026-09-01T21:13:25.324+01:00,1572812,1568725,430,430,True,True,0x02,"NO_IRQ,OK,NO_IRQ,NO_IRQ","NONE,DELTA,NONE,NONE",
28.139945,2026-09-01T21:13:25.337+01:00,1573242,1568726,340,340,True,True,0x02,"NO_IRQ,OK,NO_IRQ,NO_IRQ","NONE,DELTA,NONE,NONE",
28.141318,2026-09-01T21:13:25.337+01:00,1573582,1568727,356,356,True,True,0x02,"NO_IRQ,OK,NO_IRQ,NO_IRQ","NONE,DELTA,NONE,NONE",
28.146229,2026-09-01T21:13:25.339+01:00,1573938,1568728,406,406,True,True,0x02,"NO_IRQ,OK,NO_IRQ,NO_IRQ","NONE,DELTA,NONE,NONE",
28.156058,2026-09-01T21:13:25.344+01:00,1574344,1568729,448,448,True,True,0x02,"NO_IRQ,OK,NO_IRQ,NO_IRQ","NONE,DELTA,NONE,NONE",
28.156901,2026-09-01T21:13:25.354+01:00,1574792,1568730,362,362,True,True,0x02,"NO_IRQ,OK,NO_IRQ,NO_IRQ","NONE,DELTA,NONE,NONE",
28.161815,2026-09-01T21:13:25.355+01:00,1575154,1568731,458,458,True,True,0x02,"NO_IRQ,OK,NO_IRQ,NO_IRQ","NONE,DELTA,NONE,NONE",
28.166311,2026-09-01T21:13:25.359+01:00,1575612,1568732,460,460,True,True,0x02,"NO_IRQ,OK,NO_IRQ,NO_IRQ","NONE,DELTA,NONE,NONE",
28.172664,2026-09-01T21:13:25.364+01:00,1576072,1568733,390,390,True,True,0x02,"NO_IRQ,OK,NO_IRQ,NO_IRQ","NONE,DELTA,NONE,NONE",
28.176479,2026-09-01T21:13:25.370+01:00,1576462,1568734,426,426,True,True,0x02,"NO_IRQ,OK,NO_IRQ,NO_IRQ","NONE,DELTA,NONE,NONE",
28.181692,2026-09-01T21:13:25.374+01:00,1576888,1568735,448,448,True,True,0x02,"NO_IRQ,OK,NO_IRQ,NO_IRQ","NONE,DELTA,NONE,NONE",
28.188714,2026-09-01T21:13:25.380+01:00,1577336,1568736,462,462,True,True,0x02,"NO_IRQ,OK,NO_IRQ,NO_IRQ","NONE,DELTA,NONE,NONE",
28.191443,2026-09-01T21:13:25.386+01:00,1577798,1568737,432,432,True,True,0x02,"NO_IRQ,OK,NO_IRQ,NO_IRQ","NONE,DELTA,NONE,NONE",
28.196516,2026-09-01T21:13:25.389+01:00,1578230,1568738,372,372,True,True,0x02,"NO_IRQ,OK,NO_IRQ,NO_IRQ","NONE,DELTA,NONE,NONE",
28.205458,2026-09-01T21:13:25.394+01:00,1578602,1568739,422,422,True,True,0x02,"NO_IRQ,OK,NO_IRQ,NO_IRQ","NONE,DELTA,NONE,NONE",
28.206394,2026-09-01T21:13:25.403+01:00,1579024,1568740,474,474,True,True,0x02,"NO_IRQ,OK,NO_IRQ,NO_IRQ","NONE,DELTA,NONE,NONE",
28.211376,2026-09-01T21:13:25.404+01:00,1579498,1568741,428,428,True,True,0x02,"NO_IRQ,OK,NO_IRQ,NO_IRQ","NONE,DELTA,NONE,NONE",
28.221467,2026-09-01T21:13:25.409+01:00,1579926,1568742,532,532,True,True,0x02,"NO_IRQ,OK,NO_IRQ,NO_IRQ","NONE,DELTA,NONE,NONE",
28.222159,2026-09-01T21:13:25.419+01:00,1580458,1568743,462,462,True,True,0x02,"NO_IRQ,OK,NO_IRQ,NO_IRQ","NONE,DELTA,NONE,NONE",
28.226271,2026-09-01T21:13:25.420+01:00,1580920,1568744,434,434,True,True,0x02,"NO_IRQ,OK,NO_IRQ,NO_IRQ","NONE,DELTA,NONE,NONE",
28.232238,2026-09-01T21:13:25.424+01:00,1581354,1568745,488,488,True,True,0x02,"NO_IRQ,OK,NO_IRQ,NO_IRQ","NONE,DELTA,NONE,NONE",
28.238045,2026-09-01T21:13:25.431+01:00,1581842,1568746,438,438,True,True,0x02,"NO_IRQ,OK,NO_IRQ,NO_IRQ","NONE,DELTA,NONE,NONE",
28.241526,2026-09-01T21:13:25.436+01:00,1582280,1568747,502,502,True,True,0x02,"NO_IRQ,OK,NO_IRQ,NO_IRQ","NONE,DELTA,NONE,NONE",
28.246356,2026-09-01T21:13:25.439+01:00,1582782,1568748,396,396,True,True,0x02,"NO_IRQ,OK,NO_IRQ,NO_IRQ","NONE,DELTA,NONE,NONE",
28.254760,2026-09-01T21:13:25.444+01:00,1583178,1568749,474,474,True,True,0x02,"NO_IRQ,OK,NO_IRQ,NO_IRQ","NONE,DELTA,NONE,NONE",
28.257062,2026-09-01T21:13:25.453+01:00,1583652,1568750,562,562,True,True,0x02,"NO_IRQ,OK,NO_IRQ,NO_IRQ","NONE,DELTA,NONE,NONE",
28.261269,2026-09-01T21:13:25.455+01:00,1584214,1568751,488,488,True,True,0x02,"NO_IRQ,OK,NO_IRQ,NO_IRQ","NONE,DELTA,NONE,NONE",
28.267321,2026-09-01T21:13:25.459+01:00,1584702,1568752,506,506,True,True,0x02,"NO_IRQ,OK,NO_IRQ,NO_IRQ","NONE,DELTA,NONE,NONE",
28.271875,2026-09-01T21:13:25.465+01:00,1585208,1568753,474,474,True,True,0x02,"NO_IRQ,OK,NO_IRQ,NO_IRQ","NONE,DELTA,NONE,NONE",
28.276023,2026-09-01T21:13:25.469+01:00,1585682,1568754,432,432,True,True,0x02,"NO_IRQ,OK,NO_IRQ,NO_IRQ","NONE,DELTA,NONE,NONE",
28.281000,2026-09-01T21:13:25.473+01:00,1586114,1568755,378,378,True,True,0x02,"NO_IRQ,OK,NO_IRQ,NO_IRQ","NONE,DELTA,NONE,NONE",
28.294393,2026-09-01T21:13:25.478+01:00,1586492,1568756,378,378,True,True,0x02,"NO_IRQ,OK,NO_IRQ,NO_IRQ","NONE,DELTA,NONE,NONE",
28.295506,2026-09-01T21:13:25.492+01:00,1586870,1568757,318,318,True,True,0x02,"NO_IRQ,OK,NO_IRQ,NO_IRQ","NONE,DELTA,NONE,NONE",
28.295899,2026-09-01T21:13:25.493+01:00,1587188,1568758,380,380,True,True,0x02,"NO_IRQ,OK,NO_IRQ,NO_IRQ","NONE,DELTA,NONE,NONE",
28.301564,2026-09-01T21:13:25.493+01:00,1587568,1568759,346,346,True,True,0x02,"NO_IRQ,OK,NO_IRQ,NO_IRQ","NONE,DELTA,NONE,NONE",
28.305772,2026-09-01T21:13:25.499+01:00,1587914,1568760,356,356,True,True,0x02,"NO_IRQ,OK,NO_IRQ,NO_IRQ","NONE,DELTA,NONE,NONE",
28.313194,2026-09-01T21:13:25.504+01:00,1588270,1568761,336,336,True,True,0x02,"NO_IRQ,OK,NO_IRQ,NO_IRQ","NONE,DELTA,NONE,NONE",
28.315912,2026-09-01T21:13:25.511+01:00,1588606,1568762,340,340,True,True,0x02,"NO_IRQ,OK,NO_IRQ,NO_IRQ","NONE,DELTA,NONE,NONE",
28.321067,2026-09-01T21:13:25.514+01:00,1588946,1568763,324,324,True,True,0x02,"NO_IRQ,OK,NO_IRQ,NO_IRQ","NONE,DELTA,NONE,NONE",
28.328912,2026-09-01T21:13:25.519+01:00,1589270,1568764,366,366,True,True,0x02,"NO_IRQ,OK,NO_IRQ,NO_IRQ","NONE,DELTA,NONE,NONE",
28.331036,2026-09-01T21:13:25.526+01:00,1589636,1568765,346,346,True,True,0x02,"NO_IRQ,OK,NO_IRQ,NO_IRQ","NONE,DELTA,NONE,NONE",
28.336179,2026-09-01T21:13:25.529+01:00,1589982,1568766,354,354,True,True,0x02,"NO_IRQ,OK,NO_IRQ,NO_IRQ","NONE,DELTA,NONE,NONE",
28.344925,2026-09-01T21:13:25.534+01:00,1590336,1568767,402,402,True,True,0x02,"NO_IRQ,OK,NO_IRQ,NO_IRQ","NONE,DELTA,NONE,NONE",
28.346216,2026-09-01T21:13:25.542+01:00,1590738,1568768,374,374,True,True,0x02,"NO_IRQ,OK,NO_IRQ,NO_IRQ","NONE,DELTA,NONE,NONE",
28.351015,2026-09-01T21:13:25.544+01:00,1591112,1568769,426,426,True,True,0x02,"NO_IRQ,OK,NO_IRQ,NO_IRQ","NONE,DELTA,NONE,NONE",
28.355758,2026-09-01T21:13:25.549+01:00,1591538,1568770,356,356,True,True,0x02,"NO_IRQ,OK,NO_IRQ,NO_IRQ","NONE,DELTA,NONE,NONE",
28.362238,2026-09-01T21:13:25.553+01:00,1591894,1568771,340,340,True,True,0x02,"NO_IRQ,OK,NO_IRQ,NO_IRQ","NONE,DELTA,NONE,NONE",
28.365899,2026-09-01T21:13:25.560+01:00,1592234,1568772,348,348,True,True,0x02,"NO_IRQ,OK,NO_IRQ,NO_IRQ","NONE,DELTA,NONE,NONE",
28.370925,2026-09-01T21:13:25.564+01:00,1592582,1568773,324,324,True,True,0x02,"NO_IRQ,OK,NO_IRQ,NO_IRQ","NONE,DELTA,NONE,NONE",
28.378437,2026-09-01T21:13:25.568+01:00,1592906,1568774,330,330,True,True,0x02,"NO_IRQ,OK,NO_IRQ,NO_IRQ","NONE,DELTA,NONE,NONE",
28.380938,2026-09-01T21:13:25.576+01:00,1593236,1568775,324,324,True,True,0x02,"NO_IRQ,OK,NO_IRQ,NO_IRQ","NONE,DELTA,NONE,NONE",
28.385869,2026-09-01T21:13:25.579+01:00,1593560,1568776,304,304,True,True,0x02,"NO_IRQ,OK,NO_IRQ,NO_IRQ","NONE,DELTA,NONE,NONE",
28.395080,2026-09-01T21:13:25.583+01:00,1593864,1568777,336,336,True,True,0x02,"NO_IRQ,OK,NO_IRQ,NO_IRQ","NONE,DELTA,NONE,NONE",
28.395800,2026-09-01T21:13:25.593+01:00,1594200,1568778,306,306,True,True,0x02,"NO_IRQ,OK,NO_IRQ,NO_IRQ","NONE,DELTA,NONE,NONE",
28.401241,2026-09-01T21:13:25.593+01:00,1594506,1568779,490,490,True,True,0x02,"NO_IRQ,OK,NO_IRQ,NO_IRQ","NONE,DELTA,NONE,NONE",
28.405996,2026-09-01T21:13:25.599+01:00,1594996,1568780,528,528,True,True,0x02,"NO_IRQ,OK,NO_IRQ,NO_IRQ","NONE,DELTA,NONE,NONE",
28.413135,2026-09-01T21:13:25.603+01:00,1595524,1568781,536,536,True,True,0x02,"NO_IRQ,OK,NO_IRQ,NO_IRQ","NONE,DELTA,NONE,NONE",
28.416841,2026-09-01T21:13:25.611+01:00,1596060,1568782,604,604,True,True,0x02,"NO_IRQ,OK,NO_IRQ,NO_IRQ","NONE,DELTA,NONE,NONE",
28.421211,2026-09-01T21:13:25.614+01:00,1596664,1568783,586,586,True,True,0x02,"NO_IRQ,OK,NO_IRQ,NO_IRQ","NONE,DELTA,NONE,NONE",
28.426069,2026-09-01T21:13:25.619+01:00,1597250,1568784,636,636,True,True,0x02,"NO_IRQ,OK,NO_IRQ,NO_IRQ","NONE,DELTA,NONE,NONE",
28.433256,2026-09-01T21:13:25.624+01:00,1597886,1568785,606,606,True,True,0x02,"NO_IRQ,OK,NO_IRQ,NO_IRQ","NONE,DELTA,NONE,NONE",
28.436005,2026-09-01T21:13:25.631+01:00,1598492,1568786,638,638,True,True,0x02,"NO_IRQ,OK,NO_IRQ,NO_IRQ","NONE,DELTA,NONE,NONE",
28.441074,2026-09-01T21:13:25.633+01:00,1599130,1568787,668,668,True,True,0x02,"NO_IRQ,OK,NO_IRQ,NO_IRQ","NONE,DELTA,NONE,NONE",
28.451934,2026-09-01T21:13:25.639+01:00,1599798,1568788,746,746,True,True,0x02,"NO_IRQ,OK,NO_IRQ,NO_IRQ","NONE,DELTA,NONE,NONE",
28.452457,2026-09-01T21:13:25.649+01:00,1600544,1568789,834,834,True,True,0x02,"NO_IRQ,OK,NO_IRQ,NO_IRQ","NONE,DELTA,NONE,NONE",
28.464857,2026-09-01T21:13:25.650+01:00,1601378,1568790,824,824,True,True,0x02,"NO_IRQ,OK,NO_IRQ,NO_IRQ","NONE,DELTA,NONE,NONE",
28.465982,2026-09-01T21:13:25.662+01:00,1602202,1568791,772,772,True,True,0x02,"NO_IRQ,OK,NO_IRQ,NO_IRQ","NONE,DELTA,NONE,NONE",
28.467390,2026-09-01T21:13:25.664+01:00,1602974,1568792,860,860,True,True,0x02,"NO_IRQ,OK,NO_IRQ,NO_IRQ","NONE,DELTA,NONE,NONE",
28.472755,2026-09-01T21:13:25.665+01:00,1603834,1568793,886,886,True,True,0x02,"NO_IRQ,OK,NO_IRQ,NO_IRQ","NONE,DELTA,NONE,NONE",
28.481851,2026-09-01T21:13:25.670+01:00,1604720,1568794,870,870,True,True,0x02,"NO_IRQ,OK,NO_IRQ,NO_IRQ","NONE,DELTA,NONE,NONE",
28.483357,2026-09-01T21:13:25.680+01:00,1605590,1568795,824,824,True,True,0x02,"NO_IRQ,OK,NO_IRQ,NO_IRQ","NONE,DELTA,NONE,NONE",
28.488600,2026-09-01T21:13:25.681+01:00,1606414,1568796,852,852,True,True,0x02,"NO_IRQ,OK,NO_IRQ,NO_IRQ","NONE,DELTA,NONE,NONE",
28.499183,2026-09-01T21:13:25.686+01:00,1607266,1568797,786,786,True,True,0x02,"NO_IRQ,OK,NO_IRQ,NO_IRQ","NONE,DELTA,NONE,NONE",
28.500253,2026-09-01T21:13:25.697+01:00,1608052,1568798,680,680,True,True,0x02,"NO_IRQ,OK,NO_IRQ,NO_IRQ","NONE,DELTA,NONE,NONE",
28.503733,2026-09-01T21:13:25.698+01:00,1608732,1568799,632,632,True,True,0x02,"NO_IRQ,OK,NO_IRQ,NO_IRQ","NONE,DELTA,NONE,NONE",
28.508588,2026-09-01T21:13:25.701+01:00,1609364,1568800,538,538,True,True,0x02,"NO_IRQ,OK,NO_IRQ,NO_IRQ","NONE,DELTA,NONE,NONE",
28.516227,2026-09-01T21:13:25.706+01:00,1609902,1568801,478,478,True,True,0x02,"NO_IRQ,OK,NO_IRQ,NO_IRQ","NONE,DELTA,NONE,NONE",
28.518394,2026-09-01T21:13:25.714+01:00,1610380,1568802,496,496,True,True,0x02,"NO_IRQ,OK,NO_IRQ,NO_IRQ","NONE,DELTA,NONE,NONE",
28.523303,2026-09-01T21:13:25.716+01:00,1610876,1568803,456,456,True,True,0x02,"NO_IRQ,OK,NO_IRQ,NO_IRQ","NONE,DELTA,NONE,NONE",
28.532850,2026-09-01T21:13:25.721+01:00,1611332,1568804,450,450,True,True,0x02,"NO_IRQ,OK,NO_IRQ,NO_IRQ","NONE,DELTA,NONE,NONE",
28.533637,2026-09-01T21:13:25.730+01:00,1611782,1568805,500,500,True,True,0x02,"NO_IRQ,OK,NO_IRQ,NO_IRQ","NONE,DELTA,NONE,NONE",
28.538417,2026-09-01T21:13:25.731+01:00,1612282,1568806,530,530,True,True,0x02,"NO_IRQ,OK,NO_IRQ,NO_IRQ","NONE,DELTA,NONE,NONE",
28.548822,2026-09-01T21:13:25.736+01:00,1612812,1568807,482,482,True,True,0x02,"NO_IRQ,OK,NO_IRQ,NO_IRQ","NONE,DELTA,NONE,NONE",
28.549597,2026-09-01T21:13:25.747+01:00,1613294,1568808,470,470,True,True,0x02,"NO_IRQ,OK,NO_IRQ,NO_IRQ","NONE,DELTA,NONE,NONE",
28.552917,2026-09-01T21:13:25.747+01:00,1613764,1568809,390,390,True,True,0x02,"NO_IRQ,OK,NO_IRQ,NO_IRQ","NONE,DELTA,NONE,NONE",
28.558228,2026-09-01T21:13:25.751+01:00,1614154,1568810,424,424,True,True,0x02,"NO_IRQ,OK,NO_IRQ,NO_IRQ","NONE,DELTA,NONE,NONE",
28.565178,2026-09-01T21:13:25.756+01:00,1614578,1568811,370,370,True,True,0x02,"NO_IRQ,OK,NO_IRQ,NO_IRQ","NONE,DELTA,NONE,NONE",
28.567985,2026-09-01T21:13:25.763+01:00,1614948,1568812,394,394,True,True,0x02,"NO_IRQ,OK,NO_IRQ,NO_IRQ","NONE,DELTA,NONE,NONE",
28.573543,2026-09-01T21:13:25.765+01:00,1615342,1568813,404,404,True,True,0x02,"NO_IRQ,OK,NO_IRQ,NO_IRQ","NONE,DELTA,NONE,NONE",
28.581745,2026-09-01T21:13:25.771+01:00,1615746,1568814,442,442,True,True,0x02,"NO_IRQ,OK,NO_IRQ,NO_IRQ","NONE,DELTA,NONE,NONE",
28.583037,2026-09-01T21:13:25.779+01:00,1616188,1568815,372,372,True,True,0x02,"NO_IRQ,OK,NO_IRQ,NO_IRQ","NONE,DELTA,NONE,NONE",
28.587893,2026-09-01T21:13:25.780+01:00,1616560,1568816,364,364,True,True,0x02,"NO_IRQ,OK,NO_IRQ,NO_IRQ","NONE,DELTA,NONE,NONE",
28.593874,2026-09-01T21:13:25.786+01:00,1616924,1568817,362,362,True,True,0x02,"NO_IRQ,OK,NO_IRQ,NO_IRQ","NONE,DELTA,NONE,NONE",
28.598465,2026-09-01T21:13:25.791+01:00,1617286,1568818,352,352,True,True,0x02,"NO_IRQ,OK,NO_IRQ,NO_IRQ","NONE,DELTA,NONE,NONE",
28.602886,2026-09-01T21:13:25.796+01:00,1617638,1568819,324,324,True,True,0x02,"NO_IRQ,OK,NO_IRQ,NO_IRQ","NONE,DELTA,NONE,NONE",
28.607818,2026-09-01T21:13:25.800+01:00,1617962,1568820,348,348,True,True,0x02,"NO_IRQ,OK,NO_IRQ,NO_IRQ","NONE,DELTA,NONE,NONE",
28.621589,2026-09-01T21:13:25.805+01:00,1618310,1568821,314,314,True,True,0x02,"NO_IRQ,OK,NO_IRQ,NO_IRQ","NONE,DELTA,NONE,NONE",
28.622342,2026-09-01T21:13:25.819+01:00,1618624,1568822,312,312,True,True,0x02,"NO_IRQ,OK,NO_IRQ,NO_IRQ","NONE,DELTA,NONE,NONE",
28.623155,2026-09-01T21:13:25.820+01:00,1618936,1568823,306,306,True,True,0x02,"NO_IRQ,OK,NO_IRQ,NO_IRQ","NONE,DELTA,NONE,NONE",
28.627950,2026-09-01T21:13:25.821+01:00,1619242,1568824,250,250,True,True,0x02,"NO_IRQ,OK,NO_IRQ,NO_IRQ","NONE,DELTA,NONE,NONE",
28.639629,2026-09-01T21:13:25.825+01:00,1619492,1568825,308,308,True,True,0x02,"NO_IRQ,OK,NO_IRQ,NO_IRQ","NONE,DELTA,NONE,NONE",
28.640936,2026-09-01T21:13:25.837+01:00,1619800,1568826,276,276,True,True,0x02,"NO_IRQ,OK,NO_IRQ,NO_IRQ","NONE,DELTA,NONE,NONE",
28.642997,2026-09-01T21:13:25.838+01:00,1620076,1568827,266,266,True,True,0x02,"NO_IRQ,OK,NO_IRQ,NO_IRQ","NONE,DELTA,NONE,NONE",
28.647783,2026-09-01T21:13:25.840+01:00,1620342,1568828,248,248,True,True,0x02,"NO_IRQ,OK,NO_IRQ,NO_IRQ","NONE,DELTA,NONE,NONE",
28.656085,2026-09-01T21:13:25.845+01:00,1620590,1568829,232,232,True,True,0x02,"NO_IRQ,OK,NO_IRQ,NO_IRQ","NONE,DELTA,NONE,NONE",
28.657873,2026-09-01T21:13:25.854+01:00,1620822,1568830,248,248,True,True,0x02,"NO_IRQ,OK,NO_IRQ,NO_IRQ","NONE,DELTA,NONE,NONE",
28.662766,2026-09-01T21:13:25.855+01:00,1621070,1568831,246,246,True,True,0x02,"NO_IRQ,OK,NO_IRQ,NO_IRQ","NONE,DELTA,NONE,NONE",
28.672419,2026-09-01T21:13:25.860+01:00,1621316,1568832,238,238,True,True,0x02,"NO_IRQ,OK,NO_IRQ,NO_IRQ","NONE,DELTA,NONE,NONE",
28.673068,2026-09-01T21:13:25.870+01:00,1621554,1568833,206,206,True,True,0x02,"NO_IRQ,OK,NO_IRQ,NO_IRQ","NONE,DELTA,NONE,NONE",
28.677831,2026-09-01T21:13:25.871+01:00,1621760,1568834,198,198,True,True,0x02,"NO_IRQ,OK,NO_IRQ,NO_IRQ","NONE,DELTA,NONE,NONE",
28.682601,2026-09-01T21:13:25.875+01:00,1621958,1568835,230,230,True,True,0x02,"NO_IRQ,OK,NO_IRQ,NO_IRQ","NONE,DELTA,NONE,NONE",
28.689281,2026-09-01T21:13:25.880+01:00,1622188,1568836,238,238,True,True,0x02,"NO_IRQ,OK,NO_IRQ,NO_IRQ","NONE,DELTA,NONE,NONE",
28.692700,2026-09-01T21:13:25.887+01:00,1622426,1568837,222,222,True,True,0x02,"NO_IRQ,OK,NO_IRQ,NO_IRQ","NONE,DELTA,NONE,NONE",
28.697753,2026-09-01T21:13:25.890+01:00,1622648,1568838,224,224,True,True,0x02,"NO_IRQ,OK,NO_IRQ,NO_IRQ","NONE,DELTA,NONE,NONE",
28.705577,2026-09-01T21:13:25.895+01:00,1622872,1568839,248,248,True,True,0x02,"NO_IRQ,OK,NO_IRQ,NO_IRQ","NONE,DELTA,NONE,NONE",
28.707617,2026-09-01T21:13:25.903+01:00,1623120,1568840,248,248,True,True,0x02,"NO_IRQ,OK,NO_IRQ,NO_IRQ","NONE,DELTA,NONE,NONE",
28.712729,2026-09-01T21:13:25.905+01:00,1623368,1568841,228,228,True,True,0x02,"NO_IRQ,OK,NO_IRQ,NO_IRQ","NONE,DELTA,NONE,NONE",
28.721755,2026-09-01T21:13:25.910+01:00,1623596,1568842,182,182,True,True,0x02,"NO_IRQ,OK,NO_IRQ,NO_IRQ","NONE,DELTA,NONE,NONE",
28.722493,2026-09-01T21:13:25.919+01:00,1623778,1568843,248,248,True,True,0x02,"NO_IRQ,OK,NO_IRQ,NO_IRQ","NONE,DELTA,NONE,NONE",
28.727597,2026-09-01T21:13:25.920+01:00,1624026,1568844,220,220,True,True,0x02,"NO_IRQ,OK,NO_IRQ,NO_IRQ","NONE,DELTA,NONE,NONE",
28.738074,2026-09-01T21:13:25.925+01:00,1624246,1568845,252,252,True,True,0x02,"NO_IRQ,OK,NO_IRQ,NO_IRQ","NONE,DELTA,NONE,NONE",
28.738738,2026-09-01T21:13:25.936+01:00,1624498,1568846,230,230,True,True,0x02,"NO_IRQ,OK,NO_IRQ,NO_IRQ","NONE,DELTA,NONE,NONE",
28.742516,2026-09-01T21:13:25.936+01:00,1624728,1568847,224,224,True,True,0x02,"NO_IRQ,OK,NO_IRQ,NO_IRQ","NONE,DELTA,NONE,NONE",
28.747825,2026-09-01T21:13:25.940+01:00,1624952,1568848,204,204,True,True,0x02,"NO_IRQ,OK,NO_IRQ,NO_IRQ","NONE,DELTA,NONE,NONE",
28.752422,2026-09-01T21:13:25.945+01:00,1625156,1568849,216,216,True,True,0x02,"NO_IRQ,OK,NO_IRQ,NO_IRQ","NONE,DELTA,NONE,NONE",
28.757208,2026-09-01T21:13:25.950+01:00,1625372,1568850,196,196,True,True,0x02,"NO_IRQ,OK,NO_IRQ,NO_IRQ","NONE,DELTA,NONE,NONE",
28.762170,2026-09-01T21:13:25.955+01:00,1625568,1568851,204,204,True,True,0x02,"NO_IRQ,OK,NO_IRQ,NO_IRQ","NONE,DELTA,NONE,NONE",
28.775337,2026-09-01T21:13:25.960+01:00,1625772,1568852,220,220,True,True,0x02,"NO_IRQ,OK,NO_IRQ,NO_IRQ","NONE,DELTA,NONE,NONE",
28.775794,2026-09-01T21:13:25.973+01:00,1625992,1568853,210,210,True,True,0x02,"NO_IRQ,OK,NO_IRQ,NO_IRQ","NONE,DELTA,NONE,NONE",
28.786336,2026-09-01T21:13:25.973+01:00,1626202,1568854,202,202,True,True,0x02,"NO_IRQ,OK,NO_IRQ,NO_IRQ","NONE,DELTA,NONE,NONE",
28.790081,2026-09-01T21:13:25.984+01:00,1626404,1568855,218,218,True,True,0x02,"NO_IRQ,OK,NO_IRQ,NO_IRQ","NONE,DELTA,NONE,NONE",
28.790981,2026-09-01T21:13:25.988+01:00,1626622,1568856,208,208,True,True,0x02,"NO_IRQ,OK,NO_IRQ,NO_IRQ","NONE,DELTA,NONE,NONE",
28.792224,2026-09-01T21:13:25.989+01:00,1626830,1568857,200,200,True,True,0x02,"NO_IRQ,OK,NO_IRQ,NO_IRQ","NONE,DELTA,NONE,NONE",
28.797758,2026-09-01T21:13:25.990+01:00,1627030,1568858,220,220,True,True,0x02,"NO_IRQ,OK,NO_IRQ,NO_IRQ","NONE,DELTA,NONE,NONE",
28.802093,2026-09-01T21:13:25.995+01:00,1627250,1568859,198,198,True,True,0x02,"NO_IRQ,OK,NO_IRQ,NO_IRQ","NONE,DELTA,NONE,NONE",
28.808014,2026-09-01T21:13:26.000+01:00,1627448,1568860,204,204,True,True,0x02,"NO_IRQ,OK,NO_IRQ,NO_IRQ","NONE,DELTA,NONE,NONE",
28.812860,2026-09-01T21:13:26.006+01:00,1627652,1568861,198,198,True,True,0x02,"NO_IRQ,OK,NO_IRQ,NO_IRQ","NONE,DELTA,NONE,NONE",
28.817076,2026-09-01T21:13:26.011+01:00,1627850,1568862,184,184,True,True,0x02,"NO_IRQ,OK,NO_IRQ,NO_IRQ","NONE,DELTA,NONE,NONE",
28.823410,2026-09-01T21:13:26.015+01:00,1628034,1568863,198,198,True,True,0x02,"NO_IRQ,OK,NO_IRQ,NO_IRQ","NONE,DELTA,NONE,NONE",
28.827362,2026-09-01T21:13:26.021+01:00,1628232,1568864,210,210,True,True,0x02,"NO_IRQ,OK,NO_IRQ,NO_IRQ","NONE,DELTA,NONE,NONE",
28.832407,2026-09-01T21:13:26.025+01:00,1628442,1568865,222,222,True,True,0x02,"NO_IRQ,OK,NO_IRQ,NO_IRQ","NONE,DELTA,NONE,NONE",
28.839875,2026-09-01T21:13:26.030+01:00,1628664,1568866,216,216,True,True,0x02,"NO_IRQ,OK,NO_IRQ,NO_IRQ","NONE,DELTA,NONE,NONE",
28.842404,2026-09-01T21:13:26.038+01:00,1628880,1568867,204,204,True,True,0x02,"NO_IRQ,OK,NO_IRQ,NO_IRQ","NONE,DELTA,NONE,NONE",
28.847716,2026-09-01T21:13:26.040+01:00,1629084,1568868,206,206,True,True,0x02,"NO_IRQ,OK,NO_IRQ,NO_IRQ","NONE,DELTA,NONE,NONE",
28.855615,2026-09-01T21:13:26.045+01:00,1629290,1568869,1084,1084,True,True,0x02,"NO_IRQ,OK,NO_IRQ,NO_IRQ","NONE,DELTA_SYNC,NONE,NONE",
28.857093,2026-09-01T21:13:26.053+01:00,1630374,1568870,220,220,True,True,0x02,"NO_IRQ,OK,NO_IRQ,NO_IRQ","NONE,DELTA,NONE,NONE",
28.862435,2026-09-01T21:13:26.055+01:00,1630594,1568871,250,250,True,True,0x02,"NO_IRQ,OK,NO_IRQ,NO_IRQ","NONE,DELTA,NONE,NONE",
28.871862,2026-09-01T21:13:26.060+01:00,1630844,1568872,194,194,True,True,0x02,"NO_IRQ,OK,NO_IRQ,NO_IRQ","NONE,DELTA,NONE,NONE",
28.872803,2026-09-01T21:13:26.070+01:00,1631038,1568873,224,224,True,True,0x02,"NO_IRQ,OK,NO_IRQ,NO_IRQ","NONE,DELTA,NONE,NONE",
28.877326,2026-09-01T21:13:26.071+01:00,1631262,1568874,196,196,True,True,0x02,"NO_IRQ,OK,NO_IRQ,NO_IRQ","NONE,DELTA,NONE,NONE",
28.887706,2026-09-01T21:13:26.075+01:00,1631458,1568875,178,178,True,True,0x02,"NO_IRQ,OK,NO_IRQ,NO_IRQ","NONE,DELTA,NONE,NONE",
28.888308,2026-09-01T21:13:26.085+01:00,1631636,1568876,166,166,True,True,0x02,"NO_IRQ,OK,NO_IRQ,NO_IRQ","NONE,DELTA,NONE,NONE",
28.892116,2026-09-01T21:13:26.086+01:00,1631802,1568877,174,174,True,True,0x02,"NO_IRQ,OK,NO_IRQ,NO_IRQ","NONE,DELTA,NONE,NONE",
28.897037,2026-09-01T21:13:26.090+01:00,1631976,1568878,244,244,True,True,0x02,"NO_IRQ,OK,NO_IRQ,NO_IRQ","NONE,DELTA,NONE,NONE",
28.904081,2026-09-01T21:13:26.095+01:00,1632220,1568879,194,194,True,True,0x02,"NO_IRQ,OK,NO_IRQ,NO_IRQ","NONE,DELTA,NONE,NONE",
28.907332,2026-09-01T21:13:26.102+01:00,1632414,1568880,222,222,True,True,0x02,"NO_IRQ,OK,NO_IRQ,NO_IRQ","NONE,DELTA,NONE,NONE",
28.912038,2026-09-01T21:13:26.105+01:00,1632636,1568881,204,204,True,True,0x02,"NO_IRQ,OK,NO_IRQ,NO_IRQ","NONE,DELTA,NONE,NONE",
28.917798,2026-09-01T21:13:26.110+01:00,1632840,1568882,174,174,True,True,0x02,"NO_IRQ,OK,NO_IRQ,NO_IRQ","NONE,DELTA,NONE,NONE",
28.922296,2026-09-01T21:13:26.115+01:00,1633014,1568883,182,182,True,True,0x02,"NO_IRQ,OK,NO_IRQ,NO_IRQ","NONE,DELTA,NONE,NONE",
28.927473,2026-09-01T21:13:26.120+01:00,1633196,1568884,208,208,True,True,0x02,"NO_IRQ,OK,NO_IRQ,NO_IRQ","NONE,DELTA,NONE,NONE",
28.943680,2026-09-01T21:13:26.125+01:00,1633404,1568885,198,198,True,True,0x02,"NO_IRQ,OK,NO_IRQ,NO_IRQ","NONE,DELTA,NONE,NONE",
28.944328,2026-09-01T21:13:26.141+01:00,1633602,1568886,202,202,True,True,0x02,"NO_IRQ,OK,NO_IRQ,NO_IRQ","NONE,DELTA,NONE,NONE",
28.945006,2026-09-01T21:13:26.142+01:00,1633804,1568887,188,188,True,True,0x02,"NO_IRQ,OK,NO_IRQ,NO_IRQ","NONE,DELTA,NONE,NONE",
28.946824,2026-09-01T21:13:26.142+01:00,1633992,1568888,194,194,True,True,0x02,"NO_IRQ,OK,NO_IRQ,NO_IRQ","NONE,DELTA,NONE,NONE",
28.952181,2026-09-01T21:13:26.144+01:00,1634186,1568889,172,172,True,True,0x02,"NO_IRQ,OK,NO_IRQ,NO_IRQ","NONE,DELTA,NONE,NONE",
28.960852,2026-09-01T21:13:26.150+01:00,1634358,1568890,196,196,True,True,0x02,"NO_IRQ,OK,NO_IRQ,NO_IRQ","NONE,DELTA,NONE,NONE",
28.961835,2026-09-01T21:13:26.158+01:00,1634554,1568891,208,208,True,True,0x02,"NO_IRQ,OK,NO_IRQ,NO_IRQ","NONE,DELTA,NONE,NONE",
28.967249,2026-09-01T21:13:26.159+01:00,1634762,1568892,206,206,True,True,0x02,"NO_IRQ,OK,NO_IRQ,NO_IRQ","NONE,DELTA,NONE,NONE",
28.973000,2026-09-01T21:13:26.165+01:00,1634968,1568893,182,182,True,True,0x02,"NO_IRQ,OK,NO_IRQ,NO_IRQ","NONE,DELTA,NONE,NONE",
28.978345,2026-09-01T21:13:26.170+01:00,1635150,1568894,186,186,True,True,0x02,"NO_IRQ,OK,NO_IRQ,NO_IRQ","NONE,DELTA,NONE,NONE",
28.982060,2026-09-01T21:13:26.176+01:00,1635336,1568895,190,190,True,True,0x02,"NO_IRQ,OK,NO_IRQ,NO_IRQ","NONE,DELTA,NONE,NONE",
28.987048,2026-09-01T21:13:26.180+01:00,1635526,1568896,202,202,True,True,0x02,"NO_IRQ,OK,NO_IRQ,NO_IRQ","NONE,DELTA,NONE,NONE",
28.994158,2026-09-01T21:13:26.185+01:00,1635728,1568897,210,210,True,True,0x02,"NO_IRQ,OK,NO_IRQ,NO_IRQ","NONE,DELTA,NONE,NONE",
28.996922,2026-09-01T21:13:26.192+01:00,1635938,1568898,156,156,True,True,0x02,"NO_IRQ,OK,NO_IRQ,NO_IRQ","NONE,DELTA,NONE,NONE",
29.001982,2026-09-01T21:13:26.194+01:00,1636094,1568899,180,180,True,True,0x02,"NO_IRQ,OK,NO_IRQ,NO_IRQ","NONE,DELTA,NONE,NONE",
29.010298,2026-09-01T21:13:26.200+01:00,1636274,1568900,186,186,True,True,0x02,"NO_IRQ,OK,NO_IRQ,NO_IRQ","NONE,DELTA,NONE,NONE",
29.012169,2026-09-01T21:13:26.208+01:00,1636460,1568901,156,156,True,True,0x02,"NO_IRQ,OK,NO_IRQ,NO_IRQ","NONE,DELTA,NONE,NONE",
29.016979,2026-09-01T21:13:26.210+01:00,1636616,1568902,198,198,True,True,0x02,"NO_IRQ,OK,NO_IRQ,NO_IRQ","NONE,DELTA,NONE,NONE",
29.026304,2026-09-01T21:13:26.215+01:00,1636814,1568903,170,170,True,True,0x02,"NO_IRQ,OK,NO_IRQ,NO_IRQ","NONE,DELTA,NONE,NONE",
29.026916,2026-09-01T21:13:26.224+01:00,1636984,1568904,200,200,True,True,0x02,"NO_IRQ,OK,NO_IRQ,NO_IRQ","NONE,DELTA,NONE,NONE",
29.031893,2026-09-01T21:13:26.224+01:00,1637184,1568905,186,186,True,True,0x02,"NO_IRQ,OK,NO_IRQ,NO_IRQ","NONE,DELTA,NONE,NONE",
29.042505,2026-09-01T21:13:26.230+01:00,1637370,1568906,220,220,True,True,0x02,"NO_IRQ,OK,NO_IRQ,NO_IRQ","NONE,DELTA,NONE,NONE",
29.043371,2026-09-01T21:13:26.240+01:00,1637590,1568907,208,208,True,True,0x02,"NO_IRQ,OK,NO_IRQ,NO_IRQ","NONE,DELTA,NONE,NONE",
29.047240,2026-09-01T21:13:26.241+01:00,1637798,1568908,206,206,True,True,0x02,"NO_IRQ,OK,NO_IRQ,NO_IRQ","NONE,DELTA,NONE,NONE",
29.051687,2026-09-01T21:13:26.245+01:00,1638004,1568909,194,194,True,True,0x02,"NO_IRQ,OK,NO_IRQ,NO_IRQ","NONE,DELTA,NONE,NONE",
29.058455,2026-09-01T21:13:26.249+01:00,1638198,1568910,178,178,True,True,0x02,"NO_IRQ,OK,NO_IRQ,NO_IRQ","NONE,DELTA,NONE,NONE",
29.061901,2026-09-01T21:13:26.256+01:00,1638376,1568911,212,212,True,True,0x02,"NO_IRQ,OK,NO_IRQ,NO_IRQ","NONE,DELTA,NONE,NONE",
29.066868,2026-09-01T21:13:26.259+01:00,1638588,1568912,196,196,True,True,0x02,"NO_IRQ,OK,NO_IRQ,NO_IRQ","NONE,DELTA,NONE,NONE",
29.072455,2026-09-01T21:13:26.265+01:00,1638784,1568913,186,186,True,True,0x02,"NO_IRQ,OK,NO_IRQ,NO_IRQ","NONE,DELTA,NONE,NONE",
29.076968,2026-09-01T21:13:26.270+01:00,1638970,1568914,190,190,True,True,0x02,"NO_IRQ,OK,NO_IRQ,NO_IRQ","NONE,DELTA,NONE,NONE",
29.081566,2026-09-01T21:13:26.274+01:00,1639160,1568915,196,196,True,True,0x02,"NO_IRQ,OK,NO_IRQ,NO_IRQ","NONE,DELTA,NONE,NONE",
29.086464,2026-09-01T21:13:26.279+01:00,1639356,1568916,184,184,True,True,0x02,"NO_IRQ,OK,NO_IRQ,NO_IRQ","NONE,DELTA,NONE,NONE",
29.095549,2026-09-01T21:13:26.284+01:00,1639540,1568917,190,190,True,True,0x02,"NO_IRQ,OK,NO_IRQ,NO_IRQ","NONE,DELTA,NONE,NONE",
29.096493,2026-09-01T21:13:26.293+01:00,1639730,1568918,176,176,True,True,0x02,"NO_IRQ,OK,NO_IRQ,NO_IRQ","NONE,DELTA,NONE,NONE",
29.107795,2026-09-01T21:13:26.297+01:00,1639906,1568919,178,178,True,True,0x02,"NO_IRQ,OK,NO_IRQ,NO_IRQ","NONE,DELTA,NONE,NONE",
29.108487,2026-09-01T21:13:26.305+01:00,1640084,1568920,184,184,True,True,0x02,"NO_IRQ,OK,NO_IRQ,NO_IRQ","NONE,DELTA,NONE,NONE",
29.112063,2026-09-01T21:13:26.306+01:00,1640268,1568921,192,192,True,True,0x02,"NO_IRQ,OK,NO_IRQ,NO_IRQ","NONE,DELTA,NONE,NONE",
29.116586,2026-09-01T21:13:26.310+01:00,1640460,1568922,198,198,True,True,0x02,"NO_IRQ,OK,NO_IRQ,NO_IRQ","NONE,DELTA,NONE,NONE",
29.124785,2026-09-01T21:13:26.314+01:00,1640658,1568923,210,210,True,True,0x02,"NO_IRQ,OK,NO_IRQ,NO_IRQ","NONE,DELTA,NONE,NONE",
29.127837,2026-09-01T21:13:26.322+01:00,1640868,1568924,220,220,True,True,0x02,"NO_IRQ,OK,NO_IRQ,NO_IRQ","NONE,DELTA,NONE,NONE",
29.131863,2026-09-01T21:13:26.325+01:00,1641088,1568925,240,240,True,True,0x02,"NO_IRQ,OK,NO_IRQ,NO_IRQ","NONE,DELTA,NONE,NONE",
29.141840,2026-09-01T21:13:26.329+01:00,1641328,1568926,220,220,True,True,0x02,"NO_IRQ,OK,NO_IRQ,NO_IRQ","NONE,DELTA,NONE,NONE",
29.142504,2026-09-01T21:13:26.339+01:00,1641548,1568927,238,238,True,True,0x02,"NO_IRQ,OK,NO_IRQ,NO_IRQ","NONE,DELTA,NONE,NONE",
29.146675,2026-09-01T21:13:26.340+01:00,1641786,1568928,178,178,True,True,0x02,"NO_IRQ,OK,NO_IRQ,NO_IRQ","NONE,DELTA,NONE,NONE",
29.151620,2026-09-01T21:13:26.344+01:00,1641964,1568929,200,200,True,True,0x02,"NO_IRQ,OK,NO_IRQ,NO_IRQ","NONE,DELTA,NONE,NONE",
29.158350,2026-09-01T21:13:26.349+01:00,1642164,1568930,190,190,True,True,0x02,"NO_IRQ,OK,NO_IRQ,NO_IRQ","NONE,DELTA,NONE,NONE",
29.161384,2026-09-01T21:13:26.356+01:00,1642354,1568931,188,188,True,True,0x02,"NO_IRQ,OK,NO_IRQ,NO_IRQ","NONE,DELTA,NONE,NONE",
29.166449,2026-09-01T21:13:26.359+01:00,1642542,1568932,166,166,True,True,0x02,"NO_IRQ,OK,NO_IRQ,NO_IRQ","NONE,DELTA,NONE,NONE",
29.173968,2026-09-01T21:13:26.364+01:00,1642708,1568933,206,206,True,True,0x02,"NO_IRQ,OK,NO_IRQ,NO_IRQ","NONE,DELTA,NONE,NONE",
29.176610,2026-09-01T21:13:26.371+01:00,1642914,1568934,186,186,True,True,0x02,"NO_IRQ,OK,NO_IRQ,NO_IRQ","NONE,DELTA,NONE,NONE",
29.181649,2026-09-01T21:13:26.374+01:00,1643100,1568935,202,202,True,True,0x02,"NO_IRQ,OK,NO_IRQ,NO_IRQ","NONE,DELTA,NONE,NONE",
29.189299,2026-09-01T21:13:26.379+01:00,1643302,1568936,194,194,True,True,0x02,"NO_IRQ,OK,NO_IRQ,NO_IRQ","NONE,DELTA,NONE,NONE",
29.191613,2026-09-01T21:13:26.387+01:00,1643496,1568937,186,186,True,True,0x02,"NO_IRQ,OK,NO_IRQ,NO_IRQ","NONE,DELTA,NONE,NONE",
29.196813,2026-09-01T21:13:26.389+01:00,1643682,1568938,178,178,True,True,0x02,"NO_IRQ,OK,NO_IRQ,NO_IRQ","NONE,DELTA,NONE,NONE",
29.205891,2026-09-01T21:13:26.394+01:00,1643860,1568939,190,190,True,True,0x02,"NO_IRQ,OK,NO_IRQ,NO_IRQ","NONE,DELTA,NONE,NONE",
29.206761,2026-09-01T21:13:26.403+01:00,1644050,1568940,196,196,True,True,0x02,"NO_IRQ,OK,NO_IRQ,NO_IRQ","NONE,DELTA,NONE,NONE",
29.211560,2026-09-01T21:13:26.404+01:00,1644246,1568941,216,216,True,True,0x02,"NO_IRQ,OK,NO_IRQ,NO_IRQ","NONE,DELTA,NONE,NONE",
29.221262,2026-09-01T21:13:26.409+01:00,1644462,1568942,208,208,True,True,0x02,"NO_IRQ,OK,NO_IRQ,NO_IRQ","NONE,DELTA,NONE,NONE",
29.221913,2026-09-01T21:13:26.419+01:00,1644670,1568943,222,222,True,True,0x02,"NO_IRQ,OK,NO_IRQ,NO_IRQ","NONE,DELTA,NONE,NONE",
29.226485,2026-09-01T21:13:26.419+01:00,1644892,1568944,236,236,True,True,0x02,"NO_IRQ,OK,NO_IRQ,NO_IRQ","NONE,DELTA,NONE,NONE",
29.233567,2026-09-01T21:13:26.424+01:00,1645128,1568945,206,206,True,True,0x02,"NO_IRQ,OK,NO_IRQ,NO_IRQ","NONE,DELTA,NONE,NONE",
29.236578,2026-09-01T21:13:26.431+01:00,1645334,1568946,198,198,True,True,0x02,"NO_IRQ,OK,NO_IRQ,NO_IRQ","NONE,DELTA,NONE,NONE",
29.241476,2026-09-01T21:13:26.434+01:00,1645532,1568947,186,186,True,True,0x02,"NO_IRQ,OK,NO_IRQ,NO_IRQ","NONE,DELTA,NONE,NONE",
29.246349,2026-09-01T21:13:26.439+01:00,1645718,1568948,206,206,True,True,0x02,"NO_IRQ,OK,NO_IRQ,NO_IRQ","NONE,DELTA,NONE,NONE",
29.262131,2026-09-01T21:13:26.444+01:00,1645924,1568949,206,206,True,True,0x02,"NO_IRQ,OK,NO_IRQ,NO_IRQ","NONE,DELTA,NONE,NONE",
29.262912,2026-09-01T21:13:26.460+01:00,1646130,1568950,212,212,True,True,0x02,"NO_IRQ,OK,NO_IRQ,NO_IRQ","NONE,DELTA,NONE,NONE",
29.263592,2026-09-01T21:13:26.460+01:00,1646342,1568951,234,234,True,True,0x02,"NO_IRQ,OK,NO_IRQ,NO_IRQ","NONE,DELTA,NONE,NONE",
29.266571,2026-09-01T21:13:26.461+01:00,1646576,1568952,228,228,True,True,0x02,"NO_IRQ,OK,NO_IRQ,NO_IRQ","NONE,DELTA,NONE,NONE",
29.271597,2026-09-01T21:13:26.464+01:00,1646804,1568953,252,252,True,True,0x02,"NO_IRQ,OK,NO_IRQ,NO_IRQ","NONE,DELTA,NONE,NONE",
29.280265,2026-09-01T21:13:26.469+01:00,1647056,1568954,274,274,True,True,0x02,"NO_IRQ,OK,NO_IRQ,NO_IRQ","NONE,DELTA,NONE,NONE",
29.281958,2026-09-01T21:13:26.478+01:00,1647330,1568955,180,180,True,True,0x02,"NO_IRQ,OK,NO_IRQ,NO_IRQ","NONE,DELTA,NONE,NONE",
29.286535,2026-09-01T21:13:26.480+01:00,1647510,1568956,206,206,True,True,0x02,"NO_IRQ,OK,NO_IRQ,NO_IRQ","NONE,DELTA,NONE,NONE",
29.296091,2026-09-01T21:13:26.484+01:00,1647716,1568957,248,248,True,True,0x02,"NO_IRQ,OK,NO_IRQ,NO_IRQ","NONE,DELTA,NONE,NONE",
29.296641,2026-09-01T21:13:26.494+01:00,1647964,1568958,240,240,True,True,0x02,"NO_IRQ,OK,NO_IRQ,NO_IRQ","NONE,DELTA,NONE,NONE",
29.301290,2026-09-01T21:13:26.494+01:00,1648204,1568959,196,196,True,True,0x02,"NO_IRQ,OK,NO_IRQ,NO_IRQ","NONE,DELTA,NONE,NONE",
29.306218,2026-09-01T21:13:26.499+01:00,1648400,1568960,172,172,True,True,0x02,"NO_IRQ,OK,NO_IRQ,NO_IRQ","NONE,DELTA,NONE,NONE",
29.314095,2026-09-01T21:13:26.504+01:00,1648572,1568961,196,196,True,True,0x02,"NO_IRQ,OK,NO_IRQ,NO_IRQ","NONE,DELTA,NONE,NONE",
29.316214,2026-09-01T21:13:26.512+01:00,1648768,1568962,202,202,True,True,0x02,"NO_IRQ,OK,NO_IRQ,NO_IRQ","NONE,DELTA,NONE,NONE",
29.321438,2026-09-01T21:13:26.514+01:00,1648970,1568963,212,212,True,True,0x02,"NO_IRQ,OK,NO_IRQ,NO_IRQ","NONE,DELTA,NONE,NONE",
29.329667,2026-09-01T21:13:26.519+01:00,1649182,1568964,200,200,True,True,0x02,"NO_IRQ,OK,NO_IRQ,NO_IRQ","NONE,DELTA,NONE,NONE",
29.332126,2026-09-01T21:13:26.527+01:00,1649382,1568965,238,238,True,True,0x02,"NO_IRQ,OK,NO_IRQ,NO_IRQ","NONE,DELTA,NONE,NONE",
29.336281,2026-09-01T21:13:26.530+01:00,1649620,1568966,200,200,True,True,0x02,"NO_IRQ,OK,NO_IRQ,NO_IRQ","NONE,DELTA,NONE,NONE",
29.347482,2026-09-01T21:13:26.534+01:00,1649820,1568967,184,184,True,True,0x02,"NO_IRQ,OK,NO_IRQ,NO_IRQ","NONE,DELTA,NONE,NONE",
29.349068,2026-09-01T21:13:26.545+01:00,1650004,1568968,194,194,True,True,0x02,"NO_IRQ,OK,NO_IRQ,NO_IRQ","NONE,DELTA,NONE,NONE",
29.351214,2026-09-01T21:13:26.547+01:00,1650198,1568969,166,166,True,True,0x02,"NO_IRQ,OK,NO_IRQ,NO_IRQ","NONE,DELTA,NONE,NONE",
29.356367,2026-09-01T21:13:26.549+01:00,1650364,1568970,218,218,True,True,0x02,"NO_IRQ,OK,NO_IRQ,NO_IRQ","NONE,DELTA,NONE,NONE",
29.363089,2026-09-01T21:13:26.554+01:00,1650582,1568971,204,204,True,True,0x02,"NO_IRQ,OK,NO_IRQ,NO_IRQ","NONE,DELTA,NONE,NONE",
29.366347,2026-09-01T21:13:26.561+01:00,1650786,1568972,192,192,True,True,0x02,"NO_IRQ,OK,NO_IRQ,NO_IRQ","NONE,DELTA,NONE,NONE",
29.371192,2026-09-01T21:13:26.564+01:00,1650978,1568973,230,230,True,True,0x02,"NO_IRQ,OK,NO_IRQ,NO_IRQ","NONE,DELTA,NONE,NONE",
29.379329,2026-09-01T21:13:26.569+01:00,1651208,1568974,210,210,True,True,0x02,"NO_IRQ,OK,NO_IRQ,NO_IRQ","NONE,DELTA,NONE,NONE",
29.381179,2026-09-01T21:13:26.577+01:00,1651418,1568975,260,260,True,True,0x02,"NO_IRQ,OK,NO_IRQ,NO_IRQ","NONE,DELTA,NONE,NONE",
29.386151,2026-09-01T21:13:26.579+01:00,1651678,1568976,200,200,True,True,0x02,"NO_IRQ,OK,NO_IRQ,NO_IRQ","NONE,DELTA,NONE,NONE",
29.390898,2026-09-01T21:13:26.584+01:00,1651878,1568977,204,204,True,True,0x02,"NO_IRQ,OK,NO_IRQ,NO_IRQ","NONE,DELTA,NONE,NONE",
29.396681,2026-09-01T21:13:26.588+01:00,1652082,1568978,182,182,True,True,0x02,"NO_IRQ,OK,NO_IRQ,NO_IRQ","NONE,DELTA,NONE,NONE",
29.401058,2026-09-01T21:13:26.594+01:00,1652264,1568979,250,250,True,True,0x02,"NO_IRQ,OK,NO_IRQ,NO_IRQ","NONE,DELTA,NONE,NONE",
29.405873,2026-09-01T21:13:26.599+01:00,1652514,1568980,222,222,True,True,0x02,"NO_IRQ,OK,NO_IRQ,NO_IRQ","NONE,DELTA,NONE,NONE",
29.416571,2026-09-01T21:13:26.603+01:00,1652736,1568981,184,184,True,True,0x02,"NO_IRQ,OK,NO_IRQ,NO_IRQ","NONE,DELTA,NONE,NONE",
29.417057,2026-09-01T21:13:26.614+01:00,1652920,1568982,222,222,True,True,0x02,"NO_IRQ,OK,NO_IRQ,NO_IRQ","NONE,DELTA,NONE,NONE",
29.429107,2026-09-01T21:13:26.615+01:00,1653142,1568983,260,260,True,True,0x02,"NO_IRQ,OK,NO_IRQ,NO_IRQ","NONE,DELTA,NONE,NONE",
29.430255,2026-09-01T21:13:26.627+01:00,1653402,1568984,502,502,True,True,0x02,"NO_IRQ,OK,NO_IRQ,NO_IRQ","NONE,DELTA,NONE,NONE",
29.432016,2026-09-01T21:13:26.628+01:00,1653904,1568985,648,648,True,True,0x02,"NO_IRQ,OK,NO_IRQ,NO_IRQ","NONE,DELTA,NONE,NONE",
29.437005,2026-09-01T21:13:26.630+01:00,1654552,1568986,652,652,True,True,0x02,"NO_IRQ,OK,NO_IRQ,NO_IRQ","NONE,DELTA,NONE,NONE",
29.446259,2026-09-01T21:13:26.635+01:00,1655204,1568987,624,624,True,True,0x02,"NO_IRQ,OK,NO_IRQ,NO_IRQ","NONE,DELTA,NONE,NONE",
29.447857,2026-09-01T21:13:26.644+01:00,1655828,1568988,642,642,True,True,0x02,"NO_IRQ,OK,NO_IRQ,NO_IRQ","NONE,DELTA,NONE,NONE",
29.451649,2026-09-01T21:13:26.645+01:00,1656470,1568989,586,586,True,True,0x02,"NO_IRQ,OK,NO_IRQ,NO_IRQ","NONE,DELTA,NONE,NONE",
29.456794,2026-09-01T21:13:26.649+01:00,1657056,1568990,602,602,True,True,0x02,"NO_IRQ,OK,NO_IRQ,NO_IRQ","NONE,DELTA,NONE,NONE",
29.463257,2026-09-01T21:13:26.654+01:00,1657658,1568991,576,576,True,True,0x02,"NO_IRQ,OK,NO_IRQ,NO_IRQ","NONE,DELTA,NONE,NONE",
29.466846,2026-09-01T21:13:26.661+01:00,1658234,1568992,584,584,True,True,0x02,"NO_IRQ,OK,NO_IRQ,NO_IRQ","NONE,DELTA,NONE,NONE",
29.471521,2026-09-01T21:13:26.664+01:00,1658818,1568993,612,612,True,True,0x02,"NO_IRQ,OK,NO_IRQ,NO_IRQ","NONE,DELTA,NONE,NONE",
29.479455,2026-09-01T21:13:26.669+01:00,1659430,1568994,590,590,True,True,0x02,"NO_IRQ,OK,NO_IRQ,NO_IRQ","NONE,DELTA,NONE,NONE",
29.481989,2026-09-01T21:13:26.677+01:00,1660020,1568995,618,618,True,True,0x02,"NO_IRQ,OK,NO_IRQ,NO_IRQ","NONE,DELTA,NONE,NONE",
29.486665,2026-09-01T21:13:26.679+01:00,1660638,1568996,590,590,True,True,0x02,"NO_IRQ,OK,NO_IRQ,NO_IRQ","NONE,DELTA,NONE,NONE",
29.495866,2026-09-01T21:13:26.684+01:00,1661228,1568997,572,572,True,True,0x02,"NO_IRQ,OK,NO_IRQ,NO_IRQ","NONE,DELTA,NONE,NONE",
29.496673,2026-09-01T21:13:26.693+01:00,1661800,1568998,610,610,True,True,0x02,"NO_IRQ,OK,NO_IRQ,NO_IRQ","NONE,DELTA,NONE,NONE",
29.501843,2026-09-01T21:13:26.694+01:00,1662410,1568999,586,586,True,True,0x02,"NO_IRQ,OK,NO_IRQ,NO_IRQ","NONE,DELTA,NONE,NONE",
29.512434,2026-09-01T21:13:26.699+01:00,1662996,1569000,584,584,True,True,0x02,"NO_IRQ,OK,NO_IRQ,NO_IRQ","NONE,DELTA,NONE,NONE",
29.513127,2026-09-01T21:13:26.710+01:00,1663580,1569001,550,550,True,True,0x02,"NO_IRQ,OK,NO_IRQ,NO_IRQ","NONE,DELTA,NONE,NONE",
29.516448,2026-09-01T21:13:26.711+01:00,1664130,1569002,572,572,True,True,0x02,"NO_IRQ,OK,NO_IRQ,NO_IRQ","NONE,DELTA,NONE,NONE",
29.521471,2026-09-01T21:13:26.714+01:00,1664702,1569003,590,590,True,True,0x02,"NO_IRQ,OK,NO_IRQ,NO_IRQ","NONE,DELTA,NONE,NONE",
29.528766,2026-09-01T21:13:26.719+01:00,1665292,1569004,548,548,True,True,0x02,"NO_IRQ,OK,NO_IRQ,NO_IRQ","NONE,DELTA,NONE,NONE",
29.532007,2026-09-01T21:13:26.726+01:00,1665840,1569005,592,592,True,True,0x02,"NO_IRQ,OK,NO_IRQ,NO_IRQ","NONE,DELTA,NONE,NONE",
29.536575,2026-09-01T21:13:26.729+01:00,1666432,1569006,656,656,True,True,0x02,"NO_IRQ,OK,NO_IRQ,NO_IRQ","NONE,DELTA,NONE,NONE",
29.544950,2026-09-01T21:13:26.734+01:00,1667088,1569007,682,682,True,True,0x02,"NO_IRQ,OK,NO_IRQ,NO_IRQ","NONE,DELTA,NONE,NONE",
29.546786,2026-09-01T21:13:26.743+01:00,1667770,1569008,684,684,True,True,0x02,"NO_IRQ,OK,NO_IRQ,NO_IRQ","NONE,DELTA,NONE,NONE",
29.552105,2026-09-01T21:13:26.744+01:00,1668454,1569009,718,718,True,True,0x02,"NO_IRQ,OK,NO_IRQ,NO_IRQ","NONE,DELTA,NONE,NONE",
29.556935,2026-09-01T21:13:26.750+01:00,1669172,1569010,704,704,True,True,0x02,"NO_IRQ,OK,NO_IRQ,NO_IRQ","NONE,DELTA,NONE,NONE",
29.562073,2026-09-01T21:13:26.755+01:00,1669876,1569011,674,674,True,True,0x02,"NO_IRQ,OK,NO_IRQ,NO_IRQ","NONE,DELTA,NONE,NONE",
29.567978,2026-09-01T21:13:26.760+01:00,1670550,1569012,602,602,True,True,0x02,"NO_IRQ,OK,NO_IRQ,NO_IRQ","NONE,DELTA,NONE,NONE",
29.571716,2026-09-01T21:13:26.765+01:00,1671152,1569013,594,594,True,True,0x02,"NO_IRQ,OK,NO_IRQ,NO_IRQ","NONE,DELTA,NONE,NONE",
29.576679,2026-09-01T21:13:26.769+01:00,1671746,1569014,528,528,True,True,0x02,"NO_IRQ,OK,NO_IRQ,NO_IRQ","NONE,DELTA,NONE,NONE",
29.589701,2026-09-01T21:13:26.774+01:00,1672274,1569015,612,612,True,True,0x02,"NO_IRQ,OK,NO_IRQ,NO_IRQ","NONE,DELTA,NONE,NONE",
29.590482,2026-09-01T21:13:26.787+01:00,1672886,1569016,582,582,True,True,0x02,"NO_IRQ,OK,NO_IRQ,NO_IRQ","NONE,DELTA,NONE,NONE",
29.591569,2026-09-01T21:13:26.788+01:00,1673468,1569017,546,546,True,True,0x02,"NO_IRQ,OK,NO_IRQ,NO_IRQ","NONE,DELTA,NONE,NONE",
29.596531,2026-09-01T21:13:26.789+01:00,1674014,1569018,444,444,True,True,0x02,"NO_IRQ,OK,NO_IRQ,NO_IRQ","NONE,DELTA,NONE,NONE",
29.606840,2026-09-01T21:13:26.794+01:00,1674458,1569019,516,516,True,True,0x02,"NO_IRQ,OK,NO_IRQ,NO_IRQ","NONE,DELTA,NONE,NONE",
29.607541,2026-09-01T21:13:26.804+01:00,1674974,1569020,464,464,True,True,0x02,"NO_IRQ,OK,NO_IRQ,NO_IRQ","NONE,DELTA,NONE,NONE",
29.611571,2026-09-01T21:13:26.805+01:00,1675438,1569021,452,452,True,True,0x02,"NO_IRQ,OK,NO_IRQ,NO_IRQ","NONE,DELTA,NONE,NONE",
29.616658,2026-09-01T21:13:26.809+01:00,1675890,1569022,472,472,True,True,0x02,"NO_IRQ,OK,NO_IRQ,NO_IRQ","NONE,DELTA,NONE,NONE",
29.624886,2026-09-01T21:13:26.814+01:00,1676362,1569023,448,448,True,True,0x02,"NO_IRQ,OK,NO_IRQ,NO_IRQ","NONE,DELTA,NONE,NONE",
29.626461,2026-09-01T21:13:26.822+01:00,1676810,1569024,450,450,True,True,0x02,"NO_IRQ,OK,NO_IRQ,NO_IRQ","NONE,DELTA,NONE,NONE",
29.631633,2026-09-01T21:13:26.824+01:00,1677260,1569025,472,472,True,True,0x02,"NO_IRQ,OK,NO_IRQ,NO_IRQ","NONE,DELTA,NONE,NONE",
29.642012,2026-09-01T21:13:26.829+01:00,1677732,1569026,504,504,True,True,0x02,"NO_IRQ,OK,NO_IRQ,NO_IRQ","NONE,DELTA,NONE,NONE",
29.642749,2026-09-01T21:13:26.839+01:00,1678236,1569027,438,438,True,True,0x02,"NO_IRQ,OK,NO_IRQ,NO_IRQ","NONE,DELTA,NONE,NONE",
29.646621,2026-09-01T21:13:26.840+01:00,1678674,1569028,474,474,True,True,0x02,"NO_IRQ,OK,NO_IRQ,NO_IRQ","NONE,DELTA,NONE,NONE",
29.651456,2026-09-01T21:13:26.844+01:00,1679148,1569029,460,460,True,True,0x02,"NO_IRQ,OK,NO_IRQ,NO_IRQ","NONE,DELTA,NONE,NONE",
29.658691,2026-09-01T21:13:26.849+01:00,1679608,1569030,462,462,True,True,0x02,"NO_IRQ,OK,NO_IRQ,NO_IRQ","NONE,DELTA,NONE,NONE",
29.661514,2026-09-01T21:13:26.856+01:00,1680070,1569031,574,574,True,True,0x02,"NO_IRQ,OK,NO_IRQ,NO_IRQ","NONE,DELTA,NONE,NONE",
29.666513,2026-09-01T21:13:26.859+01:00,1680644,1569032,468,468,True,True,0x02,"NO_IRQ,OK,NO_IRQ,NO_IRQ","NONE,DELTA,NONE,NONE",
29.674800,2026-09-01T21:13:26.864+01:00,1681112,1569033,486,486,True,True,0x02,"NO_IRQ,OK,NO_IRQ,NO_IRQ","NONE,DELTA,NONE,NONE",
29.676327,2026-09-01T21:13:26.872+01:00,1681598,1569034,522,522,True,True,0x02,"NO_IRQ,OK,NO_IRQ,NO_IRQ","NONE,DELTA,NONE,NONE",
29.681889,2026-09-01T21:13:26.874+01:00,1682120,1569035,484,484,True,True,0x02,"NO_IRQ,OK,NO_IRQ,NO_IRQ","NONE,DELTA,NONE,NONE",
29.690670,2026-09-01T21:13:26.880+01:00,1682604,1569036,534,534,True,True,0x02,"NO_IRQ,OK,NO_IRQ,NO_IRQ","NONE,DELTA,NONE,NONE",
29.691481,2026-09-01T21:13:26.888+01:00,1683138,1569037,490,490,True,True,0x02,"NO_IRQ,OK,NO_IRQ,NO_IRQ","NONE,DELTA,NONE,NONE",
29.696323,2026-09-01T21:13:26.889+01:00,1683628,1569038,468,468,True,True,0x02,"NO_IRQ,OK,NO_IRQ,NO_IRQ","NONE,DELTA,NONE,NONE",
29.706697,2026-09-01T21:13:26.894+01:00,1684096,1569039,508,508,True,True,0x02,"NO_IRQ,OK,NO_IRQ,NO_IRQ","NONE,DELTA,NONE,NONE",
29.707454,2026-09-01T21:13:26.904+01:00,1684604,1569040,474,474,True,True,0x02,"NO_IRQ,OK,NO_IRQ,NO_IRQ","NONE,DELTA,NONE,NONE",
29.711337,2026-09-01T21:13:26.905+01:00,1685078,1569041,438,438,True,True,0x02,"NO_IRQ,OK,NO_IRQ,NO_IRQ","NONE,DELTA,NONE,NONE",
29.716441,2026-09-01T21:13:26.909+01:00,1685516,1569042,476,476,True,True,0x02,"NO_IRQ,OK,NO_IRQ,NO_IRQ","NONE,DELTA,NONE,NONE",
29.721247,2026-09-01T21:13:26.914+01:00,1685992,1569043,474,474,True,True,0x02,"NO_IRQ,OK,NO_IRQ,NO_IRQ","NONE,DELTA,NONE,NONE",
29.726376,2026-09-01T21:13:26.919+01:00,1686466,1569044,484,484,True,True,0x02,"NO_IRQ,OK,NO_IRQ,NO_IRQ","NONE,DELTA,NONE,NONE",
29.731226,2026-09-01T21:13:26.924+01:00,1686950,1569045,462,462,True,True,0x02,"NO_IRQ,OK,NO_IRQ,NO_IRQ","NONE,DELTA,NONE,NONE",
29.743472,2026-09-01T21:13:26.929+01:00,1687412,1569046,490,490,True,True,0x02,"NO_IRQ,OK,NO_IRQ,NO_IRQ","NONE,DELTA,NONE,NONE",
29.743926,2026-09-01T21:13:26.941+01:00,1687902,1569047,508,508,True,True,0x02,"NO_IRQ,OK,NO_IRQ,NO_IRQ","NONE,DELTA,NONE,NONE",
29.758561,2026-09-01T21:13:26.941+01:00,1688410,1569048,582,582,True,True,0x02,"NO_IRQ,OK,NO_IRQ,NO_IRQ","NONE,DELTA,NONE,NONE",
29.759407,2026-09-01T21:13:26.956+01:00,1688992,1569049,560,560,True,True,0x02,"NO_IRQ,OK,NO_IRQ,NO_IRQ","NONE,DELTA,NONE,NONE",
29.760122,2026-09-01T21:13:26.957+01:00,1689552,1569050,668,668,True,True,0x02,"NO_IRQ,OK,NO_IRQ,NO_IRQ","NONE,DELTA,NONE,NONE",
29.761392,2026-09-01T21:13:26.958+01:00,1690220,1569051,544,544,True,True,0x02,"NO_IRQ,OK,NO_IRQ,NO_IRQ","NONE,DELTA,NONE,NONE",
29.767189,2026-09-01T21:13:26.959+01:00,1690764,1569052,482,482,True,True,0x02,"NO_IRQ,OK,NO_IRQ,NO_IRQ","NONE,DELTA,NONE,NONE",
29.776568,2026-09-01T21:13:26.965+01:00,1691246,1569053,482,482,True,True,0x02,"NO_IRQ,OK,NO_IRQ,NO_IRQ","NONE,DELTA,NONE,NONE",
29.777494,2026-09-01T21:13:26.975+01:00,1691728,1569054,462,462,True,True,0x02,"NO_IRQ,OK,NO_IRQ,NO_IRQ","NONE,DELTA,NONE,NONE",
29.781196,2026-09-01T21:13:26.975+01:00,1692190,1569055,426,426,True,True,0x02,"NO_IRQ,OK,NO_IRQ,NO_IRQ","NONE,DELTA,NONE,NONE",
29.786406,2026-09-01T21:13:26.979+01:00,1692616,1569056,468,468,True,True,0x02,"NO_IRQ,OK,NO_IRQ,NO_IRQ","NONE,DELTA,NONE,NONE",
29.793378,2026-09-01T21:13:26.984+01:00,1693084,1569057,414,414,True,True,0x02,"NO_IRQ,OK,NO_IRQ,NO_IRQ","NONE,DELTA,NONE,NONE",
29.796472,2026-09-01T21:13:26.991+01:00,1693498,1569058,360,360,True,True,0x02,"NO_IRQ,OK,NO_IRQ,NO_IRQ","NONE,DELTA,NONE,NONE",
29.801152,2026-09-01T21:13:26.994+01:00,1693858,1569059,408,408,True,True,0x02,"NO_IRQ,OK,NO_IRQ,NO_IRQ","NONE,DELTA,NONE,NONE",
29.809033,2026-09-01T21:13:26.999+01:00,1694266,1569060,370,370,True,True,0x02,"NO_IRQ,OK,NO_IRQ,NO_IRQ","NONE,DELTA,NONE,NONE",
29.811027,2026-09-01T21:13:27.007+01:00,1694636,1569061,398,398,True,True,0x02,"NO_IRQ,OK,NO_IRQ,NO_IRQ","NONE,DELTA,NONE,NONE",
29.816114,2026-09-01T21:13:27.009+01:00,1695034,1569062,388,388,True,True,0x02,"NO_IRQ,OK,NO_IRQ,NO_IRQ","NONE,DELTA,NONE,NONE",
29.825207,2026-09-01T21:13:27.014+01:00,1695422,1569063,368,368,True,True,0x02,"NO_IRQ,OK,NO_IRQ,NO_IRQ","NONE,DELTA,NONE,NONE",
29.826075,2026-09-01T21:13:27.023+01:00,1695790,1569064,350,350,True,True,0x02,"NO_IRQ,OK,NO_IRQ,NO_IRQ","NONE,DELTA,NONE,NONE",
29.831441,2026-09-01T21:13:27.024+01:00,1696140,1569065,402,402,True,True,0x02,"NO_IRQ,OK,NO_IRQ,NO_IRQ","NONE,DELTA,NONE,NONE",
29.841162,2026-09-01T21:13:27.029+01:00,1696542,1569066,440,440,True,True,0x02,"NO_IRQ,OK,NO_IRQ,NO_IRQ","NONE,DELTA,NONE,NONE",
29.841821,2026-09-01T21:13:27.039+01:00,1696982,1569067,410,410,True,True,0x02,"NO_IRQ,OK,NO_IRQ,NO_IRQ","NONE,DELTA,NONE,NONE",
29.846255,2026-09-01T21:13:27.039+01:00,1697392,1569068,456,456,True,True,0x02,"NO_IRQ,OK,NO_IRQ,NO_IRQ","NONE,DELTA,NONE,NONE",
29.857063,2026-09-01T21:13:27.044+01:00,1697848,1569069,1084,1084,True,True,0x02,"NO_IRQ,OK,NO_IRQ,NO_IRQ","NONE,DELTA_SYNC,NONE,NONE",
29.857766,2026-09-01T21:13:27.055+01:00,1698932,1569070,594,594,True,True,0x02,"NO_IRQ,OK,NO_IRQ,NO_IRQ","NONE,DELTA,NONE,NONE",
29.861227,2026-09-01T21:13:27.055+01:00,1699526,1569071,486,486,True,True,0x02,"NO_IRQ,OK,NO_IRQ,NO_IRQ","NONE,DELTA,NONE,NONE",
29.866181,2026-09-01T21:13:27.059+01:00,1700012,1569072,514,514,True,True,0x02,"NO_IRQ,OK,NO_IRQ,NO_IRQ","NONE,DELTA,NONE,NONE",
29.873186,2026-09-01T21:13:27.064+01:00,1700526,1569073,526,526,True,True,0x02,"NO_IRQ,OK,NO_IRQ,NO_IRQ","NONE,DELTA,NONE,NONE",
29.876650,2026-09-01T21:13:27.071+01:00,1701052,1569074,526,526,True,True,0x02,"NO_IRQ,OK,NO_IRQ,NO_IRQ","NONE,DELTA,NONE,NONE",
29.881274,2026-09-01T21:13:27.074+01:00,1701578,1569075,582,582,True,True,0x02,"NO_IRQ,OK,NO_IRQ,NO_IRQ","NONE,DELTA,NONE,NONE",
29.886703,2026-09-01T21:13:27.079+01:00,1702160,1569076,632,632,True,True,0x02,"NO_IRQ,OK,NO_IRQ,NO_IRQ","NONE,DELTA,NONE,NONE",
29.891155,2026-09-01T21:13:27.084+01:00,1702792,1569077,626,626,True,True,0x02,"NO_IRQ,OK,NO_IRQ,NO_IRQ","NONE,DELTA,NONE,NONE",
29.896107,2026-09-01T21:13:27.089+01:00,1703418,1569078,630,630,True,True,0x02,"NO_IRQ,OK,NO_IRQ,NO_IRQ","NONE,DELTA,NONE,NONE",
29.901227,2026-09-01T21:13:27.094+01:00,1704048,1569079,646,646,True,True,0x02,"NO_IRQ,OK,NO_IRQ,NO_IRQ","NONE,DELTA,NONE,NONE",
29.915199,2026-09-01T21:13:27.099+01:00,1704694,1569080,654,654,True,True,0x02,"NO_IRQ,OK,NO_IRQ,NO_IRQ","NONE,DELTA,NONE,NONE",
29.916047,2026-09-01T21:13:27.113+01:00,1705348,1569081,812,812,True,True,0x02,"NO_IRQ,OK,NO_IRQ,NO_IRQ","NONE,DELTA,NONE,NONE",
29.917018,2026-09-01T21:13:27.114+01:00,1706160,1569082,848,848,True,True,0x02,"NO_IRQ,OK,NO_IRQ,NO_IRQ","NONE,DELTA,NONE,NONE",
29.922456,2026-09-01T21:13:27.115+01:00,1707008,1569083,900,900,True,True,0x02,"NO_IRQ,OK,NO_IRQ,NO_IRQ","NONE,DELTA,NONE,NONE",
29.931470,2026-09-01T21:13:27.120+01:00,1707908,1569084,940,940,True,True,0x02,"NO_IRQ,OK,NO_IRQ,NO_IRQ","NONE,DELTA,NONE,NONE",
29.932924,2026-09-01T21:13:27.129+01:00,1708848,1569085,940,940,True,True,0x02,"NO_IRQ,OK,NO_IRQ,NO_IRQ","NONE,DELTA,NONE,NONE",
29.938481,2026-09-01T21:13:27.130+01:00,1709788,1569086,898,898,True,True,0x02,"NO_IRQ,OK,NO_IRQ,NO_IRQ","NONE,DELTA,NONE,NONE",
29.948527,2026-09-01T21:13:27.136+01:00,1710686,1569087,836,836,True,True,0x02,"NO_IRQ,OK,NO_IRQ,NO_IRQ","NONE,DELTA,NONE,NONE",
29.949521,2026-09-01T21:13:27.146+01:00,1711522,1569088,756,756,True,True,0x02,"NO_IRQ,OK,NO_IRQ,NO_IRQ","NONE,DELTA,NONE,NONE",
29.954024,2026-09-01T21:13:27.147+01:00,1712278,1569089,758,758,True,True,0x02,"NO_IRQ,OK,NO_IRQ,NO_IRQ","NONE,DELTA,NONE,NONE",
29.964918,2026-09-01T21:13:27.152+01:00,1713036,1569090,682,682,True,True,0x02,"NO_IRQ,OK,NO_IRQ,NO_IRQ","NONE,DELTA,NONE,NONE",
29.965910,2026-09-01T21:13:27.162+01:00,1713718,1569091,632,632,True,True,0x02,"NO_IRQ,OK,NO_IRQ,NO_IRQ","NONE,DELTA,NONE,NONE",
29.969026,2026-09-01T21:13:27.163+01:00,1714350,1569092,662,662,True,True,0x02,"NO_IRQ,OK,NO_IRQ,NO_IRQ","NONE,DELTA,NONE,NONE",
29.973640,2026-09-01T21:13:27.167+01:00,1715012,1569093,632,632,True,True,0x02,"NO_IRQ,OK,NO_IRQ,NO_IRQ","NONE,DELTA,NONE,NONE",
29.981779,2026-09-01T21:13:27.171+01:00,1715644,1569094,566,566,True,True,0x02,"NO_IRQ,OK,NO_IRQ,NO_IRQ","NONE,DELTA,NONE,NONE",
29.983854,2026-09-01T21:13:27.180+01:00,1716210,1569095,582,582,True,True,0x02,"NO_IRQ,OK,NO_IRQ,NO_IRQ","NONE,DELTA,NONE,NONE",
29.988737,2026-09-01T21:13:27.182+01:00,1716792,1569096,586,586,True,True,0x02,"NO_IRQ,OK,NO_IRQ,NO_IRQ","NONE,DELTA,NONE,NONE",
29.998199,2026-09-01T21:13:27.186+01:00,1717378,1569097,604,604,True,True,0x02,"NO_IRQ,OK,NO_IRQ,NO_IRQ","NONE,DELTA,NONE,NONE",
29.999360,2026-09-01T21:13:27.196+01:00,1717982,1569098,500,500,True,True,0x02,"NO_IRQ,OK,NO_IRQ,NO_IRQ","NONE,DELTA,NONE,NONE",
30.003966,2026-09-01T21:13:27.197+01:00,1718482,1569099,522,522,True,True,0x02,"NO_IRQ,OK,NO_IRQ,NO_IRQ","NONE,DELTA,NONE,NONE",
